 Ense  Average  Radius of gyration   =  31.68
 Ense Histogram Radius of gyration   =  31.19
 Pool  Average  Radius of gyration   =  30.51
 Pool Histogram Radius of gyration   =  30.02
            Rg     Pool freq.    Sel. freq.
       14.73  0.0000000000  0.0000000000
       15.71  0.0000000000  0.0000000000
       16.69  0.0016000000  0.0008000000
       17.67  0.0024000000  0.0010000000
       18.65  0.0069000000  0.0032000000
       19.63  0.0147000000  0.0086000000
       20.60  0.0207000000  0.0172000000
       21.58  0.0370000000  0.0228000000
       22.56  0.0449000000  0.0336000000
       23.54  0.0496000000  0.0336000000
       24.52  0.0496000000  0.0444000000
       25.50  0.0617000000  0.0478000000
       26.47  0.0649000000  0.0568000000
       27.45  0.0596000000  0.0538000000
       28.43  0.0659000000  0.0690000000
       29.41  0.0570000000  0.0600000000
       30.39  0.0602000000  0.0584000000
       31.37  0.0564000000  0.0596000000
       32.34  0.0501000000  0.0548000000
       33.32  0.0448000000  0.0494000000
       34.30  0.0359000000  0.0450000000
       35.28  0.0352000000  0.0414000000
       36.26  0.0328000000  0.0504000000
       37.24  0.0283000000  0.0362000000
       38.21  0.0214000000  0.0336000000
       39.19  0.0210000000  0.0278000000
       40.17  0.0157000000  0.0194000000
       41.15  0.0118000000  0.0172000000
       42.13  0.0145000000  0.0160000000
       43.11  0.0071000000  0.0076000000
       44.09  0.0066000000  0.0080000000
       45.06  0.0042000000  0.0030000000
       46.04  0.0048000000  0.0082000000
       47.02  0.0030000000  0.0046000000
       48.00  0.0026000000  0.0020000000
       48.98  0.0026000000  0.0024000000
       49.96  0.0010000000  0.0002000000
       50.93  0.0010000000  0.0004000000
       51.91  0.0009000000  0.0012000000
       52.89  0.0006000000  0.0002000000
       53.87  0.0004000000  0.0000000000
       54.85  0.0002000000  0.0000000000
       55.83  0.0001000000  0.0004000000
       56.80  0.0001000000  0.0000000000
       57.78  0.0000000000  0.0000000000
       58.76  0.0000000000  0.0000000000
       59.74  0.0000000000  0.0000000000
       60.72  0.0000000000  0.0000000000
       61.70  0.0000000000  0.0000000000
       62.67  0.0000000000  0.0000000000
       63.65  0.0001000000  0.0000000000
       64.63  0.0001000000  0.0000000000
       65.61  0.0000000000  0.0000000000
       66.59  0.0000000000  0.0000000000
