 Ense  Average  Dmax                 =  98.00
 Ense Histogram Dmax                 =  96.48
 Pool  Average  Dmax                 =  94.45
 Pool Histogram Dmax                 =  92.93
       Size    Pool freq.    Sel. freq.
       41.63  0.0000000000  0.0000000000
       44.66  0.0000000000  0.0000000000
       47.69  0.0007000000  0.0008000000
       50.72  0.0016000000  0.0004000000
       53.75  0.0062000000  0.0050000000
       56.78  0.0097000000  0.0034000000
       59.80  0.0163000000  0.0060000000
       62.83  0.0267000000  0.0204000000
       65.86  0.0334000000  0.0232000000
       68.89  0.0419000000  0.0286000000
       71.92  0.0488000000  0.0428000000
       74.95  0.0547000000  0.0444000000
       77.97  0.0554000000  0.0506000000
       81.00  0.0565000000  0.0494000000
       84.03  0.0620000000  0.0560000000
       87.06  0.0543000000  0.0534000000
       90.09  0.0551000000  0.0546000000
       93.12  0.0535000000  0.0588000000
       96.14  0.0531000000  0.0610000000
       99.17  0.0444000000  0.0468000000
      102.20  0.0458000000  0.0506000000
      105.23  0.0413000000  0.0478000000
      108.26  0.0356000000  0.0500000000
      111.29  0.0303000000  0.0350000000
      114.31  0.0304000000  0.0344000000
      117.34  0.0225000000  0.0286000000
      120.37  0.0176000000  0.0262000000
      123.40  0.0214000000  0.0302000000
      126.43  0.0134000000  0.0184000000
      129.46  0.0131000000  0.0170000000
      132.49  0.0120000000  0.0148000000
      135.51  0.0084000000  0.0080000000
      138.54  0.0072000000  0.0052000000
      141.57  0.0053000000  0.0064000000
      144.60  0.0040000000  0.0050000000
      147.63  0.0043000000  0.0058000000
      150.66  0.0034000000  0.0016000000
      153.68  0.0025000000  0.0032000000
      156.71  0.0019000000  0.0010000000
      159.74  0.0012000000  0.0006000000
      162.77  0.0008000000  0.0012000000
      165.80  0.0008000000  0.0010000000
      168.83  0.0008000000  0.0014000000
      171.85  0.0006000000  0.0004000000
      174.88  0.0000000000  0.0000000000
      177.91  0.0003000000  0.0000000000
      180.94  0.0001000000  0.0002000000
      183.97  0.0002000000  0.0004000000
      187.00  0.0001000000  0.0000000000
      190.02  0.0000000000  0.0000000000
      193.05  0.0002000000  0.0000000000
      196.08  0.0002000000  0.0000000000
      199.11  0.0000000000  0.0000000000
      202.14  0.0000000000  0.0000000000
