# r_A P(r) conditional_RAW_BIFT_error; I(q)=4pi integral P(r) sinc(qr) dr
0.000000000000000000e+00 0.000000000000000000e+00 0.000000000000000000e+00
4.092502446037718400e+00 2.485947348184474812e-03 2.103287940665454035e-05
8.185004892075436800e+00 4.298321306755829851e-03 2.291996218914776648e-05
1.227750733811315520e+01 5.318941136735531525e-03 1.384387418345627269e-05
1.637000978415087360e+01 5.864868552998239726e-03 8.360871151612304795e-06
2.046251223018859378e+01 6.239258355718534620e-03 8.836133889400054923e-06
2.455501467622631040e+01 6.538694869899865092e-03 1.007494102160689014e-05
2.864751712226402702e+01 6.672537148291191045e-03 1.175664935089034332e-05
3.274001956830174720e+01 6.521809473555621739e-03 1.134700190509782254e-05
3.683252201433946738e+01 6.094453928881572030e-03 6.061042444120991338e-06
4.092502446037718755e+01 5.538954693898159864e-03 3.859401100797998232e-06
4.501752690641490062e+01 5.023114367083008486e-03 4.973108169237585293e-06
4.911002935245262080e+01 4.614722834018583283e-03 4.979462377713126073e-06
5.320253179849034098e+01 4.262992342044445021e-03 4.559072735646982389e-06
5.729503424452805405e+01 3.870939094402405488e-03 7.054640451388309192e-06
6.138753669056577422e+01 3.389850955835988291e-03 6.126879143183934888e-06
6.548003913660349440e+01 2.859584406025200958e-03 3.094330417028366153e-06
6.957254158264120747e+01 2.366975505631211275e-03 6.657653424150448552e-06
7.366504402867893475e+01 1.973649549037798795e-03 6.854278093312092474e-06
7.775754647471664782e+01 1.681577130698996836e-03 5.487312935859719786e-06
8.185004892075437510e+01 1.449939721114932006e-03 5.416011164070515232e-06
8.594255136679208817e+01 1.234368534005738944e-03 6.022472364052054047e-06
9.003505381282980125e+01 1.017577948566912496e-03 4.528070862666735497e-06
9.412755625886752853e+01 8.126247988617588255e-04 5.228925454493942430e-06
9.822005870490524160e+01 6.419183308095655072e-04 7.420709933988626663e-06
1.023125611509429547e+02 5.152932711813023496e-04 6.714433321057989247e-06
1.064050635969806820e+02 4.249213349713187285e-04 5.337187449885089304e-06
1.104975660430183950e+02 3.543498832845468549e-04 4.311496236279525570e-06
1.145900684890561081e+02 2.905375997365129475e-04 4.133012950797310243e-06
1.186825709350938354e+02 2.307150496056570819e-04 5.230639221419819411e-06
1.227750733811315484e+02 1.805306187612792013e-04 7.717300488048413725e-06
1.268675758271692757e+02 1.466764969434519272e-04 8.647226300382845432e-06
1.309600782732069888e+02 1.312482511070417229e-04 1.030460872806845709e-05
1.350525807192447019e+02 1.305757539118791765e-04 1.853908774967396168e-05
1.391450831652824149e+02 1.359117840149958356e-04 2.960795846184804186e-05
1.432375856113201564e+02 1.354291667319320333e-04 3.918214240690445028e-05
1.473300880573578695e+02 1.194580008382340711e-04 4.368790624844222614e-05
1.514225905033955826e+02 8.626283927769422591e-05 4.138017391586398987e-05
1.555150929494332956e+02 4.201835490758261459e-05 3.346043468513767863e-05
1.596075953954710087e+02 0.000000000000000000e+00 2.350772967021387888e-05
