# r_A P(r) conditional_RAW_BIFT_error; I(q)=4pi integral P(r) sinc(qr) dr
0.000000000000000000e+00 0.000000000000000000e+00 0.000000000000000000e+00
4.097062129061353808e+00 2.329238813522096010e-03 1.623175342426377092e-05
8.194124258122707616e+00 4.226176528687345529e-03 2.151016682603832406e-05
1.229118638718406231e+01 5.451855079787302008e-03 1.627190646875635994e-05
1.638824851624541523e+01 6.107301813912450333e-03 1.034142534822288046e-05
2.048531064530676815e+01 6.388355292857462314e-03 8.538446502812813431e-06
2.458237277436812462e+01 6.463703893428568437e-03 8.504083491372876574e-06
2.867943490342947754e+01 6.429113358205919976e-03 6.458406133560550292e-06
3.277649703249083046e+01 6.306412963580538232e-03 6.759659597842950806e-06
3.687355916155218694e+01 6.075224809873210757e-03 5.232815952796733969e-06
4.097062129061353630e+01 5.716126232417474348e-03 4.751900798052496472e-06
4.506768341967489278e+01 5.243281260916723800e-03 5.070971346806721224e-06
4.916474554873624925e+01 4.706877069066365410e-03 4.053827481575344693e-06
5.326180767779759861e+01 4.169299513597719484e-03 3.411449251998039970e-06
5.735886980685895509e+01 3.675550587644909814e-03 5.806220642220999062e-06
6.145593193592030445e+01 3.238190218938102188e-03 5.509363366497750040e-06
6.555299406498166093e+01 2.842798360954604427e-03 3.838978094363035307e-06
6.965005619404301740e+01 2.466410992743956095e-03 5.212819911941030102e-06
7.374711832310437387e+01 2.096575530037217069e-03 5.615987924015243970e-06
7.784418045216571613e+01 1.739971931900398307e-03 4.859815263572018745e-06
8.194124258122707261e+01 1.416666429058630224e-03 5.296923139877914317e-06
8.603830471028842908e+01 1.146099362177447137e-03 7.411664385685405079e-06
9.013536683934978555e+01 9.356555737010989688e-04 8.209838389491744097e-06
9.423242896841114202e+01 7.781387566660699119e-04 6.439146085479153082e-06
9.832949109747249850e+01 6.568034578583235947e-04 4.781493204430503012e-06
1.024265532265338408e+02 5.534423376923332076e-04 5.155853174875313492e-06
1.065236153555951972e+02 4.558443757161401199e-04 4.860945457863147278e-06
1.106206774846565537e+02 3.616376384604436328e-04 5.187219561371088720e-06
1.147177396137179102e+02 2.765410676598429457e-04 7.350346216161433147e-06
1.188148017427792666e+02 2.084576176388196732e-04 1.037426017890406039e-05
1.229118638718406089e+02 1.620174972797510456e-04 1.134016910681543081e-05
1.270089260009019654e+02 1.369096649392788768e-04 9.754675856255169149e-06
1.311059881299633219e+02 1.290539036576014242e-04 1.013675065728186729e-05
1.352030502590246783e+02 1.317396116101765872e-04 1.747456136777561758e-05
1.393001123880860348e+02 1.360199829098485916e-04 2.747949767111504464e-05
1.433971745171473913e+02 1.322902391344291323e-04 3.569472301208667078e-05
1.474942366462087477e+02 1.140727712875139606e-04 3.936613475084688976e-05
1.515912987752701042e+02 8.135499994181288484e-05 3.783878096534635307e-05
1.556883609043314323e+02 3.972954218071004211e-05 3.203303762360913990e-05
1.597854230333927887e+02 0.000000000000000000e+00 2.383228793296133616e-05
