# r_A P(r) conditional_RAW_BIFT_error; I(q)=4pi integral P(r) sinc(qr) dr
0.000000000000000000e+00 0.000000000000000000e+00 0.000000000000000000e+00
4.079235759390076765e+00 2.546656620215996189e-03 2.126348443995564860e-05
8.158471518780153531e+00 4.414246845951557210e-03 2.259862879746147636e-05
1.223770727817023030e+01 5.475081635764537935e-03 1.394050078522791917e-05
1.631694303756030706e+01 6.041589372925555007e-03 8.683896060595604438e-06
2.039617879695038383e+01 6.421178488451736999e-03 8.845483709792061714e-06
2.447541455634046059e+01 6.722648840956155745e-03 9.816639032317242940e-06
2.855465031573053736e+01 6.864813877317412286e-03 1.142863567604309912e-05
3.263388607512061412e+01 6.726236674527512859e-03 1.169775263360576626e-05
3.671312183451068734e+01 6.303101842545639349e-03 7.241714978436243532e-06
4.079235759390076765e+01 5.736288522602813432e-03 4.042841668473205569e-06
4.487159335329084797e+01 5.198806493503865638e-03 5.344842731771240600e-06
4.895082911268092118e+01 4.771165176800691229e-03 5.823747014929685053e-06
5.303006487207099440e+01 4.410854651810573041e-03 5.139361424523009931e-06
5.710930063146107472e+01 4.017401676110235811e-03 7.508908440389477107e-06
6.118853639085115503e+01 3.530139901566396038e-03 7.869433086812159273e-06
6.526777215024122825e+01 2.980338841630389424e-03 3.399004646879605283e-06
6.934700790963130146e+01 2.458131193093786304e-03 7.179749164927114927e-06
7.342624366902137467e+01 2.036688475991663225e-03 8.117774543106364573e-06
7.750547942841146210e+01 1.727785384902537705e-03 6.286156667609389055e-06
8.158471518780153531e+01 1.492347633192906949e-03 5.800398437484482226e-06
8.566395094719160852e+01 1.279776063717112580e-03 7.087681416624711631e-06
8.974318670658169594e+01 1.063882574138196556e-03 5.848027477710433846e-06
9.382242246597176916e+01 8.532092729323743560e-04 4.933225020221745779e-06
9.790165822536184237e+01 6.725920878561224021e-04 8.073035274023599491e-06
1.019808939847519156e+02 5.373759509586044890e-04 7.868944357530117291e-06
1.060601297441419888e+02 4.432190276067743016e-04 6.133720846812795717e-06
1.101393655035320762e+02 3.731439691750004957e-04 4.684130697197857199e-06
1.142186012629221494e+02 3.106510290093582880e-04 4.006012863957082035e-06
1.182978370223122226e+02 2.494960788219527468e-04 4.439464768194198934e-06
1.223770727817023101e+02 1.945360307528826984e-04 7.184944428319356233e-06
1.264563085410923833e+02 1.543586768916752267e-04 9.142186847181534134e-06
1.305355443004824565e+02 1.335021774677883728e-04 1.154797227344362156e-05
1.346147800598725439e+02 1.298400376205123812e-04 2.057128800206015477e-05
1.386940158192626029e+02 1.350716600110116454e-04 3.233558997091620407e-05
1.427732515786526903e+02 1.364134687487467644e-04 4.240697097747453745e-05
1.468524873380427493e+02 1.220181630704761453e-04 4.674503400706361123e-05
1.509317230974328368e+02 8.857116769377389545e-05 4.312710021512066198e-05
1.550109588568229242e+02 4.278525403841116807e-05 3.326388691957160896e-05
1.590901946162129832e+02 0.000000000000000000e+00 2.215336437061730287e-05
