# r_A P(r) conditional_RAW_BIFT_error; I(q)=4pi integral P(r) sinc(qr) dr
0.000000000000000000e+00 0.000000000000000000e+00 0.000000000000000000e+00
2.395843081910497219e+00 5.828233069568286616e-04 2.994451968676130202e-06
4.791686163820994437e+00 1.138498086913120088e-03 4.858899286534091043e-06
7.187529245731491656e+00 1.645056349479176059e-03 4.375437156412489127e-06
9.583372327641988875e+00 2.086241040794602035e-03 3.693512453715206717e-06
1.197921540955248609e+01 2.450401565160038181e-03 5.809348416110084519e-06
1.437505849146298331e+01 2.730927125010885938e-03 1.005613844253999077e-05
1.677090157337347875e+01 2.926028207114810334e-03 1.014334620062046077e-05
1.916674465528397775e+01 3.037430415657607977e-03 4.632743020169877871e-06
2.156258773719447674e+01 3.069504647570180447e-03 7.404495975534144390e-06
2.395843081910497219e+01 3.029297322902661880e-03 1.239676683253519905e-05
2.635427390101546763e+01 2.927084624441906105e-03 1.386326737947848324e-05
2.875011698292596662e+01 2.776691256077250952e-03 1.044332008315550480e-05
3.114596006483646562e+01 2.594748955627806074e-03 5.652859877385102418e-06
3.354180314674695751e+01 2.398725055489845347e-03 5.190919551059122069e-06
3.593764622865745650e+01 2.204362714980399179e-03 1.161598409617413150e-05
3.833348931056795550e+01 2.023445700836461365e-03 1.430970488878956295e-05
4.072933239247845449e+01 1.862550307913165160e-03 1.264939461202429958e-05
4.312517547438895349e+01 1.722995880803013810e-03 7.809624853566264391e-06
4.552101855629944538e+01 1.601816756930315132e-03 4.949465299897689980e-06
4.791686163820994437e+01 1.493391249781759892e-03 6.745509712858025440e-06
5.031270472012044337e+01 1.391339412748944949e-03 1.082229632005038312e-05
5.270854780203093526e+01 1.290309766225584184e-03 1.175815762159617634e-05
5.510439088394143425e+01 1.187272743714675848e-03 8.977089254416375323e-06
5.750023396585193325e+01 1.082009105875967377e-03 3.688581898901275576e-06
5.989607704776243224e+01 9.767006696492718486e-04 5.547081671409623345e-06
6.229192012967293124e+01 8.748393054764250568e-04 9.680282664816470403e-06
6.468776321158343023e+01 7.799006700693153927e-04 1.248892537702402272e-05
6.708360629349391502e+01 6.942480118498226211e-04 1.273528517965059964e-05
6.947944937540441401e+01 6.185510499942727808e-04 1.144167903786166645e-05
7.187529245731491301e+01 5.517618697470653890e-04 1.091429159160906787e-05
7.427113553922541200e+01 4.915210882687119729e-04 1.337305441592988573e-05
7.666697862113591100e+01 4.348122438286289152e-04 1.494695046193874965e-05
7.906282170304640999e+01 3.786899664818718886e-04 1.336889567925440393e-05
8.145866478495690899e+01 3.209186935875429827e-04 1.526911812527912240e-05
8.385450786686740798e+01 2.603672152795246308e-04 2.520722205106369464e-05
8.625035094877790698e+01 1.970483964820221958e-04 3.951018269346647432e-05
8.864619403068839176e+01 1.317976893181833562e-04 4.864206958444709057e-05
9.104203711259889076e+01 6.571558635528464240e-05 4.681310190717659977e-05
9.343788019450938975e+01 0.000000000000000000e+00 3.465956146370542494e-05
