# r_A P(r) conditional_RAW_BIFT_error; I(q)=4pi integral P(r) sinc(qr) dr
0.000000000000000000e+00 0.000000000000000000e+00 0.000000000000000000e+00
2.411197277697136876e+00 5.563360830842839673e-04 1.616259173616199647e-06
4.822394555394273752e+00 1.088079423559050723e-03 3.073109507622448652e-06
7.233591833091410628e+00 1.574669932476870354e-03 3.374696718037806273e-06
9.644789110788547504e+00 1.999932230168761926e-03 2.684322406220208275e-06
1.205598638848568527e+01 2.351393225829077893e-03 3.520506321614147127e-06
1.446718366618282126e+01 2.621254368876325264e-03 6.636380740015752817e-06
1.687838094387995724e+01 2.806860844193947817e-03 7.391238948365004177e-06
1.928957822157709501e+01 2.909947723100567672e-03 4.034173236196566024e-06
2.170077549927423277e+01 2.935797908805780169e-03 5.345808918792920329e-06
2.411197277697137054e+01 2.892771614703835287e-03 8.632334560676744098e-06
2.652317005466850475e+01 2.792129613369138431e-03 9.760191506638703983e-06
2.893436733236564251e+01 2.647767956594829046e-03 7.574828981578288746e-06
3.134556461006278028e+01 2.475323141784153622e-03 4.131707532712945492e-06
3.375676188775991449e+01 2.290521791189934972e-03 3.317800296833812495e-06
3.616795916545705580e+01 2.107210232012278299e-03 7.995665803671068726e-06
3.857915644315419001e+01 1.935681016521934288e-03 1.039747889209904871e-05
4.099035372085132423e+01 1.781751917898905576e-03 9.754080599847940919e-06
4.340155099854846554e+01 1.646758113130799553e-03 6.611638123510573517e-06
4.581274827624559975e+01 1.528345053052023676e-03 3.738794824020258870e-06
4.822394555394274107e+01 1.421801178919734811e-03 4.337467323545770987e-06
5.063514283163987528e+01 1.321636729027762152e-03 7.747643005559224055e-06
5.304634010933700949e+01 1.223108136308062588e-03 9.201771443581668956e-06
5.545753738703415081e+01 1.123373153265514205e-03 7.834645880699096007e-06
5.786873466473128502e+01 1.022002468783628822e-03 3.960698659281579529e-06
6.027993194242841923e+01 9.207342691673325039e-04 3.962318806323652967e-06
6.269112922012556055e+01 8.226072083862840788e-04 7.096705832497094989e-06
6.510232649782270187e+01 7.308195242166005317e-04 1.017288952139974538e-05
6.751352377551982897e+01 6.477164108559434544e-04 1.144335152732557789e-05
6.992472105321697029e+01 5.741863032788813593e-04 1.124766985448483914e-05
7.233591833091411161e+01 5.095445349930570293e-04 1.085079425662177710e-05
7.474711560861123871e+01 4.518214834218694121e-04 1.180272557163479719e-05
7.715831288630838003e+01 3.983058676477923199e-04 1.239774415910468702e-05
7.956951016400552135e+01 3.461927388217447181e-04 1.114504428922103585e-05
8.198070744170264845e+01 2.931942978655032979e-04 1.348426117774371684e-05
8.439190471939978977e+01 2.379712751621196679e-04 2.267965363393647341e-05
8.680310199709693109e+01 1.802629804649981881e-04 3.557437818177468258e-05
8.921429927479405819e+01 1.206707454146711453e-04 4.425594225587941644e-05
9.162549655249119951e+01 6.017187373490986632e-05 4.282524402212724995e-05
9.403669383018834083e+01 0.000000000000000000e+00 3.163126178498109893e-05
