# r_A P(r) conditional_RAW_BIFT_error; I(q)=4pi integral P(r) sinc(qr) dr
0.000000000000000000e+00 0.000000000000000000e+00 0.000000000000000000e+00
2.401221235783074004e+00 5.840710057432578917e-04 3.086056252748088591e-06
4.802442471566148008e+00 1.140872663870421983e-03 5.078962154597094413e-06
7.203663707349221568e+00 1.648287339616300376e-03 4.935056447428710126e-06
9.604884943132296016e+00 2.089958614677743000e-03 4.313899829178969186e-06
1.200610617891537046e+01 2.454207102069877640e-03 5.977697910565114760e-06
1.440732741469844314e+01 2.734403124883156601e-03 9.741775295570553252e-06
1.680854865048151936e+01 2.928733406682954878e-03 1.022793700915557098e-05
1.920976988626459203e+01 3.038938262404134588e-03 5.254398329257781150e-06
2.161099112204766470e+01 3.069483326668487853e-03 7.600938736155163150e-06
2.401221235783074093e+01 3.027596308644706601e-03 1.297819515776702201e-05
2.641343359361381360e+01 2.923787774521752897e-03 1.487454403917685268e-05
2.881465482939688627e+01 2.772108173280903205e-03 1.132870867188142869e-05
3.121587606517996250e+01 2.589342266824942902e-03 6.089516514897839119e-06
3.361709730096303872e+01 2.392999155096175307e-03 5.616571529632878555e-06
3.601831853674610784e+01 2.198752329928351130e-03 1.271725160832156673e-05
3.841953977252918406e+01 2.018236513189552994e-03 1.578974310465481012e-05
4.082076100831226029e+01 1.857847295675606539e-03 1.404976241089950447e-05
4.322198224409532941e+01 1.718738276000921807e-03 8.672649192779982157e-06
4.562320347987840563e+01 1.597828164104835979e-03 5.233436216209831053e-06
4.802442471566148186e+01 1.489449973130819310e-03 7.029375639035899188e-06
5.042564595144455097e+01 1.387253052027273299e-03 1.167923725372328086e-05
5.282686718722762720e+01 1.285976685653265374e-03 1.298783353652300650e-05
5.522808842301070342e+01 1.182713585671447704e-03 1.021031262614947607e-05
5.762930965879377254e+01 1.077358703830418908e-03 4.246390378997610997e-06
6.003053089457684877e+01 9.721644613504184509e-04 5.509916374126425455e-06
6.243175213035992499e+01 8.706319626839838189e-04 9.913161097618052020e-06
6.483297336614299411e+01 7.761899776276860990e-04 1.325351158443135398e-05
6.723419460192607744e+01 6.911213745387659400e-04 1.370886899351711511e-05
6.963541583770914656e+01 6.160101332231926290e-04 1.202234350753142469e-05
7.203663707349221568e+01 5.497403602906133753e-04 1.043251704483072169e-05
7.443785830927529901e+01 4.899156112812181902e-04 1.239734233139186985e-05
7.683907954505836813e+01 4.335161338692962918e-04 1.485153162573854060e-05
7.924030078084143724e+01 3.776208797083428531e-04 1.440491682398872850e-05
8.164152201662452057e+01 3.200328048447813583e-04 1.411242461392614413e-05
8.404274325240758969e+01 2.596562414288580613e-04 2.062153131302266261e-05
8.644396448819065881e+01 1.965219772546384703e-04 3.413701264367810544e-05
8.884518572397374214e+01 1.314609196131588621e-04 4.618123684439181999e-05
9.124640695975681126e+01 6.555560275262970068e-05 4.668246533311270471e-05
9.364762819553988038e+01 0.000000000000000000e+00 3.590290650441210573e-05
