# r_A P(r) conditional_RAW_BIFT_error; I(q)=4pi integral P(r) sinc(qr) dr
0.000000000000000000e+00 0.000000000000000000e+00 0.000000000000000000e+00
2.392004122492322526e+00 6.014418836739754415e-04 3.504359152124149105e-06
4.784008244984645053e+00 1.172415777539354519e-03 5.624613077370816846e-06
7.176012367476968024e+00 1.689525322356622396e-03 4.925255746987741498e-06
9.568016489969290106e+00 2.136750652499940992e-03 4.213121362420257660e-06
1.196002061246161219e+01 2.503802712797544364e-03 6.782213948474623300e-06
1.435202473495393605e+01 2.786401844493540617e-03 1.154719102013684685e-05
1.674402885744625635e+01 2.985119783750601365e-03 1.145545537421009039e-05
1.913603297993858021e+01 3.102796873392854246e-03 5.104081995125039836e-06
2.152803710243090407e+01 3.143039356837861592e-03 8.038928109362980322e-06
2.392004122492322438e+01 3.110545630059321706e-03 1.383677664597712631e-05
2.631204534741554824e+01 3.012697549225655351e-03 1.586610037043654117e-05
2.870404946990787209e+01 2.861151324676062223e-03 1.240834533547737091e-05
3.109605359240019240e+01 2.671985550391936439e-03 6.764729290829248595e-06
3.348805771489251271e+01 2.463875987215502841e-03 5.169175459953497803e-06
3.588006183738483656e+01 2.254999483991972954e-03 1.249064736722664895e-05
3.827206595987716042e+01 2.059934372463042423e-03 1.600747304459273555e-05
4.066407008236948428e+01 1.887617582933735641e-03 1.472372943396382745e-05
4.305607420486180814e+01 1.740805293694935776e-03 9.731152114927051132e-06
4.544807832735412489e+01 1.616884916935604558e-03 5.664867897088972001e-06
4.784008244984644875e+01 1.509588943466333780e-03 6.786513480507349797e-06
5.023208657233877261e+01 1.411145959903591877e-03 1.163922507862620977e-05
5.262409069483109647e+01 1.314450120398647642e-03 1.345625088680908773e-05
5.501609481732342033e+01 1.214813503982282040e-03 1.119431548164757559e-05
5.740809893981574419e+01 1.110876627315617211e-03 5.649528285568081153e-06
5.980010306230806094e+01 1.004441501800517385e-03 5.557101986986314726e-06
6.219210718480038480e+01 8.993579087678584254e-04 9.409853083087585388e-06
6.458411130729270155e+01 7.999452069037129524e-04 1.283205599344356348e-05
6.697611542978502541e+01 7.095493696946115862e-04 1.363055626403977936e-05
6.936811955227734927e+01 6.296651504633441051e-04 1.265850146353181125e-05
7.176012367476967313e+01 5.597441515298256197e-04 1.222067903312095907e-05
7.415212779726199699e+01 4.975626351124478805e-04 1.476519725940781334e-05
7.654413191975432085e+01 4.399285523682154781e-04 1.651040539992233093e-05
7.893613604224664471e+01 3.835167206803973905e-04 1.470685757870444492e-05
8.132814016473896856e+01 3.256440164090454968e-04 1.618645661032368590e-05
8.372014428723129242e+01 2.648024094693186034e-04 2.628449828604571649e-05
8.611214840972361628e+01 2.007997840655876697e-04 4.113781900044603709e-05
8.850415253221594014e+01 1.344647684720464602e-04 5.029388351904899975e-05
9.089615665470824979e+01 6.703209260447313955e-05 4.818022950375119785e-05
9.328816077720057365e+01 0.000000000000000000e+00 3.582165934779643504e-05
