# r_A P(r) conditional_RAW_BIFT_error; I(q)=4pi integral P(r) sinc(qr) dr
0.000000000000000000e+00 0.000000000000000000e+00 0.000000000000000000e+00
2.393947538967836408e+00 6.023998676105182500e-04 3.436347660339972044e-06
4.787895077935672816e+00 1.175572110994437328e-03 5.434500178753637217e-06
7.181842616903509224e+00 1.696215871853415467e-03 4.761136102161786599e-06
9.575790155871345632e+00 2.148051885927834345e-03 4.059314716721250942e-06
1.196973769483918204e+01 2.520563944838381115e-03 6.499288310539398968e-06
1.436368523380701845e+01 2.808642447391829396e-03 1.109024084252738289e-05
1.675763277277485486e+01 3.011558628424977971e-03 1.103073132897522910e-05
1.915158031174269126e+01 3.131180775009946744e-03 4.891572753440486402e-06
2.154552785071052767e+01 3.171061056203061061e-03 8.004183287341599490e-06
2.393947538967836408e+01 3.136829545440013300e-03 1.360634553582813667e-05
2.633342292864620049e+01 3.037340923911616836e-03 1.537877837478375678e-05
2.872737046761403690e+01 2.885566159298305448e-03 1.177201709920245569e-05
3.112131800658187331e+01 2.698180762809591210e-03 6.395640641192651453e-06
3.351526554554970971e+01 2.493566033369435699e-03 5.450709327945565560e-06
3.590921308451754612e+01 2.288920997954490156e-03 1.252852567044026796e-05
3.830316062348538253e+01 2.097579974829126732e-03 1.560585143846838569e-05
4.069710816245321894e+01 1.927385825880357801e-03 1.394624646699578568e-05
4.309105570142105535e+01 1.780429984271893412e-03 8.819770827529791135e-06
4.548500324038889175e+01 1.653982034198192477e-03 5.461156377122345393e-06
4.787895077935672816e+01 1.542192781922025781e-03 7.073380526088459663e-06
5.027289831832456457e+01 1.438131449424717104e-03 1.143669076475459208e-05
5.266684585729240098e+01 1.335744722561011712e-03 1.257959165074095203e-05
5.506079339626023739e+01 1.231328758781653895e-03 9.822754562194944977e-06
5.745474093522807379e+01 1.124166997851141570e-03 4.440192836051748758e-06
5.984868847419591020e+01 1.016203076475883597e-03 5.697543347797249315e-06
6.224263601316374661e+01 9.109461728441918017e-04 9.664228730416910015e-06
6.463658355213158302e+01 8.120708948656800603e-04 1.256389027921956544e-05
6.703053109109941943e+01 7.222188641642557274e-04 1.300175359874091178e-05
6.942447863006725584e+01 6.423303513138290321e-04 1.206711892079842349e-05
7.181842616903509224e+01 5.715712006720316107e-04 1.202187259257144881e-05
7.421237370800292865e+01 5.077264136585916575e-04 1.452874195233532854e-05
7.660632124697076506e+01 4.478611420324958179e-04 1.569067678530708114e-05
7.900026878593860147e+01 3.890568333078990668e-04 1.365746335863411550e-05
8.139421632490643788e+01 3.290514510641174986e-04 1.601113072015233671e-05
8.378816386387427428e+01 2.666336567958687296e-04 2.688077705467311609e-05
8.618211140284211069e+01 2.016917822520425375e-04 4.180792304109519889e-05
8.857605894180994710e+01 1.349196575973237626e-04 5.099100598496915973e-05
9.097000648077778351e+01 6.730211781447392955e-05 4.910051044261301703e-05
9.336395401974561992e+01 0.000000000000000000e+00 3.684412731195348871e-05
