# r_A P(r) conditional_RAW_BIFT_error; I(q)=4pi integral P(r) sinc(qr) dr
0.000000000000000000e+00 0.000000000000000000e+00 0.000000000000000000e+00
2.411655328212695348e+00 5.821655322537277934e-04 1.792568057606653530e-06
4.823310656425390697e+00 1.140527235437581010e-03 2.240529204475563297e-06
7.234965984638085601e+00 1.652929665663637956e-03 2.630116874911018701e-06
9.646621312850781393e+00 2.100348956051858486e-03 3.513691299234309443e-06
1.205827664106347719e+01 2.468337499536515586e-03 4.417122651384495920e-06
1.446993196927617120e+01 2.748297960701554139e-03 4.659831825115229919e-06
1.688158729748886699e+01 2.937838926218216615e-03 4.365916855676419165e-06
1.929324262570156279e+01 3.040052424223444252e-03 4.057919998331557973e-06
2.170489795391425858e+01 3.062163887852450972e-03 3.007100097345762457e-06
2.411655328212695437e+01 3.014242091478616659e-03 2.638191461893733520e-06
2.652820861033965016e+01 2.908422939222215543e-03 3.576647545902801362e-06
2.893986393855234240e+01 2.758536023461569727e-03 4.314694982419168831e-06
3.135151926676503820e+01 2.579651895902713640e-03 3.613337098180077394e-06
3.376317459497773399e+01 2.387114186101973318e-03 2.273453522273930968e-06
3.617482992319042978e+01 2.195002914798781148e-03 3.190477595963305084e-06
3.858648525140312557e+01 2.014419844422346648e-03 6.301750714123833783e-06
4.099814057961582137e+01 1.852180374226074320e-03 7.802756177030721699e-06
4.340979590782851716e+01 1.710355917295171887e-03 7.030112416231033292e-06
4.582145123604121295e+01 1.586795470514285305e-03 4.256302538006568646e-06
4.823310656425390874e+01 1.476467809586940426e-03 2.588571600793873138e-06
5.064476189246660454e+01 1.373286527903027536e-03 3.952216002736564034e-06
5.305641722067930033e+01 1.271973523076204990e-03 6.356196125381943718e-06
5.546807254889199612e+01 1.169469165570427615e-03 6.485923792340693523e-06
5.787972787710468481e+01 1.065484977321271443e-03 4.005497434514702776e-06
6.029138320531738060e+01 9.620760956628763520e-04 2.973232552827929914e-06
6.270303853353007639e+01 8.624923530399270129e-04 5.373485257080544022e-06
6.511469386174277929e+01 7.698307422339917098e-04 8.515952183060572329e-06
6.752634918995546798e+01 6.860020570248432986e-04 1.033808883983890908e-05
6.993800451816817088e+01 6.112838639524862750e-04 1.058198553452678070e-05
7.234965984638085956e+01 5.444456485335710935e-04 9.724773878184916556e-06
7.476131517459356246e+01 4.832549281417219717e-04 8.619363143842641753e-06
7.717297050280625115e+01 4.251327504714358038e-04 7.643123922709353556e-06
7.958462583101893983e+01 3.677641305897955126e-04 7.906391521913439766e-06
8.199628115923164273e+01 3.095269490169950521e-04 1.251224078979658608e-05
8.440793648744433142e+01 2.496655329635120166e-04 2.192598812891630408e-05
8.681959181565703432e+01 1.882050801971086294e-04 3.398414060898179287e-05
8.923124714386972300e+01 1.256708718360525514e-04 4.380228070222358914e-05
9.164290247208242590e+01 6.271930801058663409e-05 4.400039723276736936e-05
9.405455780029511459e+01 0.000000000000000000e+00 3.291218262742555141e-05
