# q_A^-1 I sigma; component contribution to chosen window; refitted-bootstrap sigma
5.000000000000000104e-03 -1.053868931785578500e+00 2.505145641779119359e+00
6.000000000000000125e-03 -4.586483573673184599e-01 1.175745339384326016e+00
7.000000000000000146e-03 3.007810898091376473e-01 5.484716160884403058e-01
8.000000000000000167e-03 -1.227406579023236216e-01 3.432564154023686198e-01
9.000000000000001055e-03 1.401532502047777295e-01 1.985218614460659003e-01
1.000000000000000021e-02 3.947270481078705290e-02 1.427780986749381253e-01
1.099999999999999936e-02 1.287805814616450051e-01 1.340290834656685803e-01
1.200000000000000025e-02 1.102383413756316405e-01 1.325556509623791734e-01
1.300000000000000114e-02 1.873207043793932713e-02 1.126203146237542280e-01
1.400000000000000203e-02 1.761828047681156806e-01 1.309501132849607286e-01
1.499999999999999944e-02 1.863134375610065452e-01 1.011502842723011192e-01
1.600000000000000033e-02 3.048809940470761370e-01 1.022058636635803652e-01
1.700000000000000122e-02 3.094106406254416020e-01 1.009019590254185694e-01
1.800000000000000211e-02 2.204159803873489976e-01 7.976052834876763697e-02
1.899999999999999953e-02 1.739380846774323530e-01 6.845540421084499172e-02
2.000000000000000042e-02 2.209153391271645728e-01 8.035399130050162320e-02
2.100000000000000130e-02 2.136687770457494362e-01 6.676385695383810215e-02
2.200000000000000219e-02 2.201727527807477158e-01 7.784321295686252862e-02
2.300000000000000308e-02 2.059178495728837266e-01 7.030605591151621592e-02
2.400000000000000050e-02 2.477711477274359420e-01 6.127328538758461396e-02
2.500000000000000139e-02 1.911088106346266469e-01 5.459379494176352238e-02
2.600000000000000228e-02 7.375478418227802979e-02 5.296790689990184264e-02
2.699999999999999969e-02 2.138544368280356212e-01 6.623754070999129939e-02
2.800000000000000058e-02 2.051514921678420922e-01 5.263902538425153238e-02
2.900000000000000147e-02 1.303724564970488997e-01 5.210753626262849131e-02
3.000000000000000236e-02 2.125673351733574357e-01 6.397057025935282137e-02
3.100000000000000325e-02 1.096853297098285690e-01 4.331586146959589406e-02
3.200000000000000067e-02 1.706387186333649386e-01 5.123359139340141061e-02
3.300000000000000155e-02 1.327898734173862394e-01 4.847913327442312376e-02
3.400000000000000244e-02 1.503427931620239244e-01 4.988352654158414307e-02
3.499999999999999639e-02 1.879446072377237154e-01 5.563305159563507185e-02
3.599999999999999728e-02 1.410657784152292704e-01 4.773805238426687830e-02
3.699999999999999817e-02 1.057153407996442862e-01 4.254353066376417164e-02
3.799999999999999906e-02 1.664765012227799879e-01 4.753156564881302198e-02
3.899999999999999994e-02 9.707778835556055141e-02 4.112749783605410686e-02
4.000000000000000083e-02 1.362649592832938239e-01 4.461827027740133261e-02
4.100000000000000172e-02 1.229747408758009308e-01 3.727690241486228406e-02
4.199999999999999567e-02 1.633458327521266906e-01 5.117272006685931462e-02
4.299999999999999656e-02 1.287217324695812681e-01 4.059232682376841955e-02
4.399999999999999745e-02 1.076376710345078591e-01 3.161828411976994740e-02
4.499999999999999833e-02 1.217642941654313166e-01 4.454638556663147869e-02
4.599999999999999922e-02 8.172033779976418943e-02 3.302317350142890823e-02
4.700000000000000011e-02 1.459609233335415479e-01 4.083933938977040573e-02
4.800000000000000100e-02 9.639548715716333982e-02 3.051061431895234904e-02
4.899999999999999495e-02 1.036883135126020761e-01 3.860050965472073409e-02
5.000000000000000278e-02 1.100864516582782671e-01 3.902661035246700327e-02
5.200000000000000455e-02 9.703192913128617925e-02 3.167231775401373878e-02
5.400000000000000633e-02 6.908048071083719432e-02 2.359273723697729447e-02
5.600000000000000810e-02 8.543658695314024221e-02 2.460588999049501818e-02
5.800000000000000988e-02 4.850227739942920141e-02 1.844742158952039982e-02
6.000000000000001166e-02 5.802460216787280051e-02 2.022096215023748769e-02
6.200000000000001343e-02 5.923353740869146539e-02 2.315372218009746630e-02
6.400000000000001521e-02 7.214211419939833836e-02 2.098776888711837915e-02
6.600000000000001699e-02 5.450736088053666911e-02 2.056156992483067561e-02
6.800000000000001876e-02 5.162422083688909119e-02 1.843272634545297176e-02
7.000000000000002054e-02 4.211476713935421307e-02 1.514875399360706559e-02
7.200000000000002232e-02 4.141008838941531017e-02 1.523702523577331880e-02
7.400000000000002409e-02 5.276222444961144176e-02 2.130836299426708269e-02
7.600000000000002587e-02 2.935200032990847516e-02 1.304513817497799689e-02
7.800000000000002764e-02 4.401711920085200208e-02 1.660384265639650719e-02
8.000000000000002942e-02 4.337012489920753083e-02 1.815341929204345936e-02
8.200000000000003120e-02 2.863381510682539918e-02 1.523977622539119878e-02
8.400000000000003297e-02 4.126259900563975652e-02 1.272333597721831550e-02
8.600000000000003475e-02 2.945480882514892734e-02 1.291767860775733939e-02
8.800000000000003653e-02 1.924361451385134258e-02 9.373818340077548494e-03
9.000000000000003830e-02 1.878557011636457219e-02 1.223468603207873186e-02
9.200000000000004008e-02 3.489839406490460871e-02 1.440857689573011614e-02
9.400000000000004186e-02 3.594799348179263110e-02 1.364733636370337073e-02
9.600000000000004363e-02 2.401563621841784277e-02 1.411837038691426092e-02
9.800000000000004541e-02 3.691791377308977634e-02 1.463006285676394722e-02
1.000000000000000056e-01 2.879591472252476803e-02 1.452435433833369934e-02
1.050000000000000100e-01 1.651029989586916963e-02 8.238178768015918738e-03
1.100000000000000144e-01 1.829605637130309395e-02 7.911583785272803190e-03
1.150000000000000189e-01 1.682700370122686487e-02 6.842711625278381608e-03
1.200000000000000233e-01 2.427983893713945435e-02 6.633850027152294465e-03
1.250000000000000278e-01 1.624707025858311213e-02 6.788894983180992528e-03
1.300000000000000322e-01 1.635719161094370544e-02 7.609746606264784601e-03
1.350000000000000366e-01 1.213444703987682886e-02 6.530846098414544616e-03
1.400000000000000411e-01 1.218956957336847675e-02 5.862074823703625377e-03
1.450000000000000455e-01 1.625869731347781913e-02 6.395397404403209418e-03
1.500000000000000500e-01 1.051313074625672382e-02 6.406654529537133234e-03
1.550000000000000544e-01 7.425498266272063420e-03 5.649999447985967933e-03
1.600000000000000588e-01 9.580306624239229990e-03 6.269867265172622724e-03
1.650000000000000633e-01 9.017825916707269268e-03 6.333748030300821036e-03
1.700000000000000677e-01 1.590129656083214688e-02 6.750241537560640673e-03
1.750000000000000722e-01 1.909972217500806660e-02 7.295343326198958610e-03
1.800000000000000766e-01 1.456675565252334083e-04 5.697482726936117445e-03
1.850000000000000810e-01 6.827896948843603479e-03 5.794059454996772739e-03
1.900000000000000855e-01 4.268385547276443322e-03 4.558018880641692867e-03
1.950000000000000899e-01 5.710453050522012672e-03 5.101454029316657666e-03
2.000000000000000944e-01 5.198150360391820025e-03 4.807025743317090531e-03
2.050000000000000988e-01 4.766314195407518085e-03 5.072754327490622793e-03
2.100000000000001033e-01 6.388761061165547199e-03 4.227075595838111766e-03
2.150000000000001077e-01 1.372050224217217715e-02 6.406498700656912751e-03
2.200000000000001121e-01 4.848167684641407384e-03 5.172273522727366402e-03
2.250000000000001166e-01 1.078792375663229115e-02 5.554300172873090705e-03
2.300000000000001210e-01 5.098300559497282759e-03 4.565592962799846187e-03
2.350000000000001255e-01 4.854018559052800455e-03 5.039073749757986415e-03
2.400000000000001299e-01 3.747737329287300235e-03 5.857727639307585242e-03
2.450000000000001343e-01 -4.820692898191326556e-03 5.126565991073115530e-03
2.500000000000001110e-01 9.272732402366699531e-03 3.861121095701527776e-03
2.550000000000001155e-01 2.402139723023431241e-03 3.967866746438981386e-03
2.600000000000001199e-01 8.321814528843684416e-03 5.068764524428974114e-03
2.650000000000001243e-01 4.916251842250598213e-03 3.654183351413938831e-03
2.700000000000001288e-01 1.513718086311728866e-03 3.593041595744915148e-03
2.750000000000001332e-01 4.673345880380503498e-03 3.763483016069840530e-03
2.800000000000001377e-01 -2.433826827022897421e-04 3.849659758668908579e-03
2.850000000000001421e-01 6.875206204278678200e-03 3.874178543684615381e-03
2.900000000000001465e-01 9.961981033680105541e-03 3.636721223374158891e-03
2.950000000000001510e-01 -1.849169201360919808e-03 3.978626510802349935e-03
3.000000000000001554e-01 2.211798604832678795e-03 3.954460844117797282e-03
3.050000000000001599e-01 3.867368165604820589e-03 3.257814503221775817e-03
3.100000000000001643e-01 4.087735112776119499e-03 4.120896861860998128e-03
3.150000000000001688e-01 1.695104193478900231e-03 3.817829345119403989e-03
3.200000000000001732e-01 4.550382506373494736e-04 3.579207797189770408e-03
3.250000000000001776e-01 5.573119681672385715e-03 3.770519118586634823e-03
3.300000000000001821e-01 3.587681401886133863e-03 3.402868869438100807e-03
3.350000000000001865e-01 7.055102844593704597e-04 3.286175142973460882e-03
3.400000000000001910e-01 2.486344625250192799e-04 3.550923832930596991e-03
3.450000000000001954e-01 2.901059478587820518e-03 3.454779875235187980e-03
3.500000000000001998e-01 6.913110312987917790e-03 3.348742900027434997e-03
3.550000000000002043e-01 -1.079609882231543500e-03 3.065882476988086858e-03
3.600000000000002087e-01 3.957940744329201642e-03 3.327588869078005555e-03
3.650000000000002132e-01 2.544735358963932481e-04 3.051279049692857091e-03
3.700000000000002176e-01 7.143747748780134021e-03 3.241422228184456019e-03
3.750000000000002220e-01 5.511984372464972864e-04 3.247535598817500539e-03
3.800000000000002265e-01 2.983226504103967617e-03 2.622922344067308252e-03
3.850000000000002309e-01 2.234655540971634564e-03 2.610401385932352089e-03
3.900000000000002354e-01 -4.025499405748332810e-04 3.001128291588371546e-03
3.950000000000002398e-01 -8.735216578395831955e-04 3.678327895110800050e-03
4.000000000000002442e-01 1.404463062561216516e-03 3.104217473542827607e-03
4.050000000000002487e-01 5.052589640205894066e-03 2.977399373268809022e-03
4.100000000000002531e-01 2.668324002513900242e-03 3.121430176071681665e-03
4.150000000000002576e-01 3.959014940730879763e-03 2.767129090812834365e-03
4.200000000000002620e-01 2.494171546373231269e-03 2.881689940609750023e-03
4.250000000000002665e-01 7.368145433864788216e-05 2.700699760220970358e-03
4.300000000000002709e-01 -1.092188714494117530e-03 2.825977788226911175e-03
4.350000000000002753e-01 5.508295231899003330e-03 2.916581548115295026e-03
4.400000000000002798e-01 1.261130866407399014e-03 3.370629745563353229e-03
4.450000000000002842e-01 2.365190191686067714e-03 3.132471867600850057e-03
4.500000000000002887e-01 4.341715135393656687e-03 3.038713323756032578e-03
4.550000000000002931e-01 6.503974351575397307e-03 2.630451834384788055e-03
4.600000000000002975e-01 2.698899746481167941e-03 2.743147770193168824e-03
4.650000000000003020e-01 1.375536300127021879e-03 2.764848000495041813e-03
4.700000000000003064e-01 2.214140936296615618e-03 2.464258283476722551e-03
4.750000000000003109e-01 3.181623511371050716e-03 2.457328736214621761e-03
4.800000000000003153e-01 1.222572233102907965e-04 2.846007000298160592e-03
4.850000000000003197e-01 6.062621496849984574e-03 3.649683194864141236e-03
4.900000000000003242e-01 1.751590826656120210e-04 3.008825197678907225e-03
4.950000000000003286e-01 2.723933992971445950e-03 2.451049736450619087e-03
5.000000000000000000e-01 1.873870834037922196e-03 2.743529449733814619e-03
5.100000000000000089e-01 1.160090697840870682e-05 1.635540691881994402e-03
5.200000000000000178e-01 1.854609445578854748e-03 1.919592466165990705e-03
5.300000000000000266e-01 -1.168366433772067853e-03 1.598876381333896911e-03
5.400000000000000355e-01 1.395081333435467443e-03 1.540867602798391299e-03
5.500000000000000444e-01 2.278148043028212742e-03 1.754097299185720720e-03
5.600000000000000533e-01 2.017917441594694987e-03 1.927384348345598112e-03
5.700000000000000622e-01 3.111581127094469480e-03 2.074867319228604259e-03
5.800000000000000711e-01 4.251502448647006258e-04 1.809672204750222002e-03
5.900000000000000799e-01 3.097536745477014880e-03 1.709624177704291903e-03
6.000000000000000888e-01 4.428722366457626351e-04 2.026312159014052091e-03
6.100000000000000977e-01 -1.617294937202197870e-04 1.447300260168039995e-03
6.200000000000001066e-01 2.169525050481489921e-03 1.616023585452607686e-03
6.300000000000001155e-01 2.079747641682421454e-03 1.622057984288339952e-03
6.400000000000001243e-01 2.258487788269884799e-04 1.468242261322552384e-03
6.500000000000001332e-01 1.730454761921022128e-03 1.835852835062377984e-03
6.600000000000001421e-01 9.053165703439830644e-04 1.474892547701357358e-03
6.700000000000001510e-01 2.267962484691765992e-03 1.644477822831301884e-03
6.800000000000001599e-01 1.757565626505061800e-03 1.617330474772223428e-03
6.900000000000001688e-01 7.535200323511408995e-04 1.138667358927170211e-03
7.000000000000001776e-01 -5.216334581760410775e-05 1.523725783146745233e-03
7.100000000000001865e-01 1.492275795296738343e-03 1.501298389184252185e-03
7.200000000000001954e-01 9.686287926981342620e-04 1.364646312517704381e-03
7.300000000000002043e-01 -2.179071423012168569e-04 1.665354919127899408e-03
7.400000000000002132e-01 2.059031689958562301e-03 1.532351238078826124e-03
7.500000000000002220e-01 2.150671751229132553e-03 1.587902744842655846e-03
7.600000000000002309e-01 2.757322957099535028e-03 1.458994602474379112e-03
7.700000000000002398e-01 1.837112206282120195e-04 1.331208760612171077e-03
7.800000000000002487e-01 1.190173640593409580e-03 1.469496653772878105e-03
7.900000000000002576e-01 1.160923132926032064e-03 1.512124988409834772e-03
8.000000000000002665e-01 9.677615502831651514e-05 1.249384152396557915e-03
8.100000000000002753e-01 -5.579739591865383753e-04 1.551426050834949812e-03
8.200000000000002842e-01 2.061001387300006975e-03 1.513172341272290503e-03
8.300000000000002931e-01 3.252902487092426513e-03 1.424772091564714942e-03
8.400000000000003020e-01 -1.432084367281874970e-03 1.705125647151915216e-03
8.500000000000003109e-01 -3.764993473640607211e-04 1.349398407007885211e-03
8.600000000000003197e-01 -9.253724648437457873e-04 1.383346885294977008e-03
8.700000000000003286e-01 -6.661821310906089347e-04 1.564345810829093943e-03
8.800000000000003375e-01 2.493457767792897541e-04 1.355893151767636595e-03
8.900000000000003464e-01 1.761550135947268815e-03 1.548218141451243157e-03
9.000000000000003553e-01 1.713245577976602084e-03 1.231893479534539862e-03
9.100000000000003642e-01 9.355587695022482336e-04 1.375451631956396258e-03
9.200000000000003730e-01 -4.538902782822599942e-05 1.169795757901226970e-03
9.300000000000003819e-01 1.114691895770079759e-03 1.381538913998776050e-03
9.400000000000003908e-01 1.198064406250362764e-03 1.391093720407153784e-03
9.500000000000003997e-01 3.713777730548328132e-03 1.326016297574429247e-03
9.600000000000004086e-01 8.654042210510125201e-04 1.277472429972802788e-03
9.700000000000004174e-01 7.665018021620386693e-04 1.168585972973495372e-03
9.800000000000004263e-01 1.589872152517450045e-03 1.225723864709188111e-03
9.900000000000004352e-01 8.840527781625134559e-04 1.214245146238926215e-03
1.000000000000000000e+00 1.981676853991765248e-03 1.094811729425069395e-03
1.030000000000000027e+00 9.753574283935152614e-04 7.580076945580784724e-04
1.060000000000000053e+00 1.184665014572170404e-03 7.747053289178428221e-04
1.090000000000000080e+00 1.933347949194881739e-03 7.816948965329524645e-04
1.120000000000000107e+00 1.163117565087240859e-03 8.532452477587171681e-04
1.150000000000000133e+00 1.471284951257190426e-03 8.391640577727832928e-04
1.180000000000000160e+00 1.411157289554514820e-03 8.031778745815972183e-04
1.210000000000000187e+00 8.776942465970701728e-04 7.940209704926103106e-04
1.240000000000000213e+00 3.043946085766622561e-05 7.838183779011868337e-04
1.270000000000000240e+00 1.726055248023467860e-03 1.041596956792082513e-03
1.300000000000000266e+00 6.077599941266230692e-04 8.977492724270739414e-04
1.330000000000000293e+00 9.177650671161683826e-04 1.043626160615905964e-03
1.360000000000000320e+00 2.234652728336972063e-03 2.702594620750852633e-03
1.390000000000000346e+00 -1.389415144264379703e-03 1.182159769444913189e-01
1.420000000000000373e+00 2.191963946371936010e-03 1.351018336643390518e-03
1.450000000000000400e+00 1.088359990631348117e-03 1.326771240711504358e-03
1.480000000000000426e+00 2.022018171130720698e-03 1.569037906606099127e-03
1.510000000000000453e+00 6.879131321449711385e-04 1.728783484299913119e-03
1.540000000000000480e+00 9.286184850084989442e-04 2.089200302693899718e-03
1.570000000000000506e+00 8.868952508127481323e-04 1.991412182942724034e-03
1.600000000000000533e+00 1.883915164850884791e-03 2.730395699054922066e-03
1.630000000000000560e+00 1.456056496235111439e-03 2.869676254169617035e-03
1.660000000000000586e+00 1.015761327932377875e-03 3.404263137935886925e-03
1.690000000000000613e+00 5.210883178113335200e-04 3.883745175885854571e-03
1.720000000000000639e+00 2.404554220246333043e-03 3.937567320824061218e-03
1.750000000000000666e+00 1.950500885032698580e-03 4.196748807602473756e-03
1.780000000000000693e+00 7.285391049840582835e-04 6.091230138211324759e-03
1.810000000000000719e+00 8.599683921144392427e-04 6.492612496763022246e-03
1.840000000000000746e+00 1.210574359042256931e-03 8.181666576473543145e-03
1.870000000000000773e+00 -7.312310610960500324e-04 7.696342109509779830e-03
1.900000000000000799e+00 6.001879149324708959e-04 6.326135435226296934e-03
1.930000000000000826e+00 1.579486051900783972e-03 7.330930122343386549e-03
1.960000000000000853e+00 7.271902966357820814e-04 9.230649654132885504e-03
1.990000000000000879e+00 -2.393751927805692903e-03 7.147929775558082080e-03
2.020000000000000906e+00 1.767947175035889068e-04 1.086989308943055524e-02
2.050000000000000711e+00 -5.454934617570909817e-04 7.169327690256484427e-03
2.080000000000000959e+00 1.333218234452649028e-04 8.457044597042454037e-03
2.110000000000001208e+00 -2.770492640575715677e-04 8.600229444950790655e-03
2.140000000000001013e+00 7.305449103037776329e-04 9.878765995314344253e-03
2.170000000000000817e+00 -1.375765868697115474e-03 8.234324546640019171e-03
2.200000000000001066e+00 -5.042696882977399904e-04 8.590039091333006097e-03
2.230000000000001315e+00 -2.176503430257771456e-03 8.561761096234129370e-03
2.260000000000001119e+00 4.198381663609321518e-04 6.464114828803693182e-03
2.290000000000000924e+00 -7.767558688630322615e-04 6.388374713013240946e-03
2.320000000000001172e+00 9.444102773011389933e-04 6.234508310586019293e-03
2.350000000000001421e+00 1.438754591403891775e-03 5.811039792805978467e-03
2.380000000000001226e+00 5.372895101811345740e-04 6.247003295728950113e-03
2.410000000000001030e+00 1.725774587664608397e-03 3.112730248349884071e-02
2.440000000000001279e+00 -5.662431118148396336e-04 6.666067514461640475e-02
2.470000000000001528e+00 1.427036697856635125e-03 4.952888990429756347e-03
2.500000000000001332e+00 5.435744470884604478e-04 5.642925732786214545e-03
2.530000000000001137e+00 5.713513491096948189e-04 4.497745371240867950e-03
2.560000000000001386e+00 1.117412525432641109e-03 4.535853175864144708e-03
2.590000000000001634e+00 1.493407320142024633e-03 5.599615188320829044e-03
2.620000000000001439e+00 4.646021083341639541e-04 4.843980874132131596e-03
2.650000000000001243e+00 1.411556538375018186e-03 4.504979221027966864e-03
2.680000000000001492e+00 8.386801680739289742e-04 4.286057824685513690e-03
2.710000000000001741e+00 1.159171671255125992e-03 4.295169265957906463e-03
2.740000000000001545e+00 1.174679824169343753e-03 5.500527544659639285e-03
2.770000000000001350e+00 3.197320114513667316e-05 4.477252331273937243e-03
2.800000000000001599e+00 1.891003108282011654e-03 4.295666663205267681e-03
2.830000000000001847e+00 1.612726542094780179e-03 5.206046473106359408e-03
2.860000000000001652e+00 1.756456818292010530e-03 3.894100442450362971e-03
2.890000000000001457e+00 2.569986751138722200e-03 3.038960897174237518e-03
2.920000000000001705e+00 2.562582658600180349e-03 3.158791757740669458e-03
2.950000000000001954e+00 7.031969555538114319e-04 3.826740272466593474e-03
2.980000000000001759e+00 2.303523797096923380e-04 3.245743814550235140e-03
3.010000000000001563e+00 1.749700919487463899e-03 3.554092688632859518e-03
3.040000000000001812e+00 1.722567896399646069e-03 3.625801065616517539e-03
3.070000000000002061e+00 4.284065129944723588e-04 2.997893560695410846e-03
3.100000000000001865e+00 8.456610345540649517e-04 2.816327322068974334e-03
3.130000000000001670e+00 2.767216754194894439e-04 2.703756201815275730e-03
3.160000000000001918e+00 1.251736569625793620e-03 2.771481627879209247e-03
3.190000000000002167e+00 1.766087422152011650e-03 2.823653940420389318e-03
