# q_A^-1 I sigma; frames[165, 169]; primary buffer
5.000000000000000104e-03 6.113893946597349860e+00 5.279488292593804033e+00
6.000000000000000125e-03 3.863422200681616125e+00 2.368226278164557552e+00
7.000000000000000146e-03 4.172219076264085835e+00 1.171099239911952417e+00
8.000000000000000167e-03 2.927566714620185806e+00 6.332687935139309499e-01
9.000000000000001055e-03 3.001020708128155245e+00 4.012567295372840293e-01
1.000000000000000021e-02 2.775065428200399253e+00 2.923807443519738092e-01
1.099999999999999936e-02 2.561652683765078375e+00 2.242492770214155051e-01
1.200000000000000025e-02 2.700345846994136156e+00 1.780916451665696676e-01
1.300000000000000114e-02 2.615022011614041464e+00 1.497199283567987871e-01
1.400000000000000203e-02 2.467190515734110079e+00 1.254477189513883428e-01
1.499999999999999944e-02 2.262757375282683281e+00 1.087892126688929650e-01
1.600000000000000033e-02 2.346177048353511818e+00 9.606113998744407467e-02
1.700000000000000122e-02 2.224032738292376354e+00 8.398598699580202276e-02
1.800000000000000211e-02 2.214937856530786675e+00 7.665135133885943308e-02
1.899999999999999953e-02 2.286168715126744466e+00 6.941201872564047026e-02
2.000000000000000042e-02 2.155198198264187681e+00 6.406126729253124041e-02
2.100000000000000130e-02 2.178135709797444530e+00 5.960294124863020626e-02
2.200000000000000219e-02 1.963349536730675915e+00 5.570110387723871403e-02
2.300000000000000308e-02 2.101862794651865318e+00 5.249197574205557992e-02
2.400000000000000050e-02 2.047462351040624462e+00 4.933177935644950107e-02
2.500000000000000139e-02 2.008682011012091984e+00 4.748575948249062623e-02
2.600000000000000228e-02 1.998128458756624592e+00 4.504072910149854725e-02
2.699999999999999969e-02 1.928092874576273097e+00 4.309988140144854069e-02
2.800000000000000058e-02 1.902830218001993812e+00 4.134801449084221647e-02
2.900000000000000147e-02 1.885388390093157396e+00 3.943208953650170767e-02
3.000000000000000236e-02 1.785129711036651745e+00 3.804421993269842955e-02
3.100000000000000325e-02 1.868755329062271819e+00 3.756557391888417502e-02
3.200000000000000067e-02 1.730953716172401347e+00 3.548866819040134846e-02
3.300000000000000155e-02 1.755079176530911278e+00 3.545756806620371099e-02
3.400000000000000244e-02 1.700243779975770586e+00 3.398615379185267182e-02
3.499999999999999639e-02 1.599450941597121645e+00 3.312320676020177185e-02
3.599999999999999728e-02 1.629210817899910291e+00 3.228467192392998203e-02
3.699999999999999817e-02 1.624851684387041972e+00 3.147554736883012572e-02
3.799999999999999906e-02 1.561173220682507079e+00 3.101372812972007925e-02
3.899999999999999994e-02 1.521585229476231094e+00 3.008730391151805822e-02
4.000000000000000083e-02 1.488588592371891117e+00 2.938542311045687361e-02
4.100000000000000172e-02 1.486154117668369246e+00 2.910026769669579044e-02
4.199999999999999567e-02 1.429013090753468829e+00 2.856253185714894074e-02
4.299999999999999656e-02 1.430118442098343490e+00 2.783321352650526201e-02
4.399999999999999745e-02 1.347364514610622788e+00 2.733900089705646949e-02
4.499999999999999833e-02 1.346524618364901116e+00 2.684027038513899302e-02
4.599999999999999922e-02 1.299127182684646442e+00 2.591660224202863017e-02
4.700000000000000011e-02 1.260789299130167906e+00 2.577727052391935378e-02
4.800000000000000100e-02 1.244886509513797979e+00 2.556784326507033356e-02
4.899999999999999495e-02 1.208579298404272473e+00 2.508350305100910671e-02
5.000000000000000278e-02 1.210875364465338500e+00 2.465713990363822480e-02
5.200000000000000455e-02 1.120972844478159702e+00 1.687111163515123483e-02
5.400000000000000633e-02 1.073604031568305750e+00 1.647019728447194145e-02
5.600000000000000810e-02 1.024850469729078117e+00 1.655937970551467006e-02
5.800000000000000988e-02 9.793396892700024781e-01 1.660602089706078241e-02
6.000000000000001166e-02 9.282159398974029196e-01 1.630616117004610177e-02
6.200000000000001343e-02 8.983895658420250063e-01 1.556822068246722229e-02
6.400000000000001521e-02 8.496833553834934882e-01 1.514531444469265596e-02
6.600000000000001699e-02 8.159507444209134208e-01 1.473053060205694285e-02
6.800000000000001876e-02 7.635518475149477569e-01 1.431357595587049412e-02
7.000000000000002054e-02 7.459086445631273321e-01 1.402053632203547652e-02
7.200000000000002232e-02 7.059563655102437663e-01 1.377216902907208232e-02
7.400000000000002409e-02 6.753208173588364227e-01 1.380298614993738342e-02
7.600000000000002587e-02 6.645865150257631582e-01 1.340481906205243968e-02
7.800000000000002764e-02 6.146300863073442811e-01 1.330598638549532892e-02
8.000000000000002942e-02 5.993944407001264851e-01 1.347959674600247501e-02
8.200000000000003120e-02 5.811207659689607841e-01 1.337101458601272323e-02
8.400000000000003297e-02 5.638199745819950648e-01 1.294961256323371931e-02
8.600000000000003475e-02 5.367044340361759591e-01 1.256637258818709205e-02
8.800000000000003653e-02 5.179244570081295018e-01 1.267970440933302231e-02
9.000000000000003830e-02 4.799503478896738340e-01 1.264368145132700044e-02
9.200000000000004008e-02 4.688659186577054938e-01 1.250939247103323784e-02
9.400000000000004186e-02 4.337111398258495232e-01 1.246523718185641588e-02
9.600000000000004363e-02 4.360740922801906727e-01 1.244216142716496505e-02
9.800000000000004541e-02 4.220170348177033071e-01 1.237597926508364130e-02
1.000000000000000056e-01 3.883330451469311217e-01 1.224892987992682800e-02
1.050000000000000100e-01 3.681934724939472381e-01 7.544364139349593948e-03
1.100000000000000144e-01 3.389975902694200571e-01 7.402298159107796247e-03
1.150000000000000189e-01 3.185283588597780380e-01 7.225884546764912986e-03
1.200000000000000233e-01 2.857063664142311388e-01 7.077530089450812488e-03
1.250000000000000278e-01 2.677649346621376880e-01 7.151605720731860592e-03
1.300000000000000322e-01 2.511400659612119113e-01 7.212189383496916441e-03
1.350000000000000366e-01 2.354074686500980396e-01 6.931139783239232376e-03
1.400000000000000411e-01 2.161059273771910871e-01 6.798227214995034365e-03
1.450000000000000455e-01 1.974683766090936654e-01 6.706087482440062190e-03
1.500000000000000500e-01 1.959628095888245047e-01 6.958439006906983089e-03
1.550000000000000544e-01 1.754592334515800989e-01 6.978917948957137109e-03
1.600000000000000588e-01 1.577486780733290406e-01 7.047167587303402106e-03
1.650000000000000633e-01 1.516111260661319460e-01 7.074139478997531864e-03
1.700000000000000677e-01 1.458752625306879713e-01 7.116074620665466949e-03
1.750000000000000722e-01 1.392038152180199162e-01 7.047887576240155494e-03
1.800000000000000766e-01 1.363303810928708781e-01 6.194985040620065546e-03
1.850000000000000810e-01 1.269290071850182888e-01 6.004364854099182754e-03
1.900000000000000855e-01 1.247089898047814699e-01 5.875007449811259219e-03
1.950000000000000899e-01 1.159799256292396163e-01 6.023456778938088459e-03
2.000000000000000944e-01 1.074881049357309382e-01 6.158446863786452667e-03
2.050000000000000988e-01 1.041924169016271579e-01 6.150591248180375080e-03
2.100000000000001033e-01 1.002229341049212102e-01 5.989371199727066761e-03
2.150000000000001077e-01 9.223630020066189705e-02 6.060272603265174154e-03
2.200000000000001121e-01 9.914370950611668676e-02 6.123484349710744956e-03
2.250000000000001166e-01 8.590841392925124831e-02 5.874284778150367509e-03
2.300000000000001210e-01 8.580318309354278972e-02 5.861152360530553877e-03
2.350000000000001255e-01 7.860394040511226033e-02 6.173458747691068504e-03
2.400000000000001299e-01 7.914121689953819427e-02 6.356959462779579115e-03
2.450000000000001343e-01 8.466195151719374534e-02 6.321694729486903273e-03
2.500000000000001110e-01 7.117179786826266508e-02 6.728950504101193116e-03
2.550000000000001155e-01 8.076054213590977415e-02 6.485516121499073153e-03
2.600000000000001199e-01 6.850661581823289104e-02 6.782926052520722032e-03
2.650000000000001243e-01 7.200617033713262172e-02 6.431973177584509281e-03
2.700000000000001288e-01 6.569116478609432486e-02 6.715817928059316690e-03
2.750000000000001332e-01 6.709431061502378613e-02 6.516699346065610125e-03
2.800000000000001377e-01 6.595737514350651087e-02 6.632683161102344467e-03
2.850000000000001421e-01 6.735180515493371933e-02 6.599424051156805790e-03
2.900000000000001465e-01 5.915157083410663152e-02 6.488675434191264711e-03
2.950000000000001510e-01 5.655124604460898957e-02 6.585765525459973645e-03
3.000000000000001554e-01 5.177352557094638819e-02 6.607389671579492509e-03
3.050000000000001599e-01 5.512029313835931782e-02 6.505067953537293189e-03
3.100000000000001643e-01 4.347311932679822494e-02 6.646866926141005438e-03
3.150000000000001688e-01 5.899203793693096054e-02 6.774284142925086905e-03
3.200000000000001732e-01 5.764966596873585813e-02 6.143447807280816644e-03
3.250000000000001776e-01 5.462603570203190123e-02 6.166203408068312956e-03
3.300000000000001821e-01 4.551127284924450650e-02 6.159548969126296507e-03
3.350000000000001865e-01 5.162652697430396981e-02 6.291746001252109498e-03
3.400000000000001910e-01 4.373041350998256582e-02 5.849703882419250017e-03
3.450000000000001954e-01 4.899955424482663191e-02 6.262325780918036842e-03
3.500000000000001998e-01 4.280767158149315771e-02 5.714064466056685901e-03
3.550000000000002043e-01 4.614562368726899538e-02 6.007161098878226364e-03
3.600000000000002087e-01 4.586733333787475914e-02 6.032711558662010379e-03
3.650000000000002132e-01 4.587697238698741631e-02 5.954798950125521524e-03
3.700000000000002176e-01 3.760280908788361104e-02 5.978130069401006545e-03
3.750000000000002220e-01 4.762390749897028874e-02 5.872293589080496840e-03
3.800000000000002265e-01 4.648777012133854802e-02 5.896180958094324361e-03
3.850000000000002309e-01 4.419098348519569230e-02 5.539730191117368113e-03
3.900000000000002354e-01 4.368965042702716017e-02 6.033919604198678503e-03
3.950000000000002398e-01 4.287099047359730492e-02 5.949313378674989279e-03
4.000000000000002442e-01 4.785158961514886927e-02 5.704802900023099588e-03
4.050000000000002487e-01 3.223141268368616419e-02 5.339074206551596216e-03
4.100000000000002531e-01 4.109224580404326199e-02 5.242064789035216776e-03
4.150000000000002576e-01 3.300447168130692110e-02 5.281312034573949418e-03
4.200000000000002620e-01 4.323928611581166065e-02 5.383274636320781181e-03
4.250000000000002665e-01 3.816354303220910460e-02 5.450277475087956722e-03
4.300000000000002709e-01 3.870051121584571624e-02 5.312587885287691804e-03
4.350000000000002753e-01 3.410309188185000479e-02 5.326543819960999696e-03
4.400000000000002798e-01 3.982808280210729801e-02 5.200486427741253699e-03
4.450000000000002842e-01 3.606323600499071469e-02 5.287745368750988890e-03
4.500000000000002887e-01 3.917454758890683703e-02 4.951579014377982535e-03
4.550000000000002931e-01 3.685864380363459980e-02 4.813226484424214593e-03
4.600000000000002975e-01 3.899529039110355422e-02 4.893531058307943118e-03
4.650000000000003020e-01 3.454902927081372754e-02 5.085280971176938530e-03
4.700000000000003064e-01 3.533729780263441395e-02 4.996196259391319679e-03
4.750000000000003109e-01 3.751392573693274057e-02 5.041970059697645917e-03
4.800000000000003153e-01 3.397773308353947003e-02 5.295734590661908998e-03
4.850000000000003197e-01 2.796493275021080110e-02 5.512102462844268615e-03
4.900000000000003242e-01 3.613946760395479046e-02 4.983111142991187605e-03
4.950000000000003286e-01 3.358303101335521901e-02 4.873457320363474773e-03
5.000000000000000000e-01 3.125315789069323807e-02 4.788643941889309148e-03
5.100000000000000089e-01 3.200211286319434856e-02 3.333747953702396322e-03
5.200000000000000178e-01 3.086933094777452244e-02 3.333973897249298355e-03
5.300000000000000266e-01 3.388256355431849831e-02 3.199885954851088357e-03
5.400000000000000355e-01 3.093520654835291497e-02 3.251681837184721910e-03
5.500000000000000444e-01 3.190649654824691261e-02 3.143675595072102126e-03
5.600000000000000533e-01 2.866947161855202750e-02 3.092055788566303205e-03
5.700000000000000622e-01 3.234913127214909812e-02 3.080486623803359129e-03
5.800000000000000711e-01 3.052506466446951172e-02 3.081309867848006957e-03
5.900000000000000799e-01 2.709050075748908881e-02 2.989905727188374353e-03
6.000000000000000888e-01 2.915570924003830014e-02 2.990190424018495871e-03
6.100000000000000977e-01 2.299078076675435331e-02 2.907362016338648023e-03
6.200000000000001066e-01 2.543016701225677551e-02 2.864052231655765928e-03
6.300000000000001155e-01 2.660335096023965992e-02 2.889656325927276483e-03
6.400000000000001243e-01 2.945656670121665419e-02 2.817627108592803218e-03
6.500000000000001332e-01 2.680458405170185396e-02 2.858927586555749974e-03
6.600000000000001421e-01 2.657320178398228649e-02 2.825140117387650671e-03
6.700000000000001510e-01 2.468777113654480049e-02 2.816651492477268478e-03
6.800000000000001599e-01 2.037159040077610520e-02 2.806741299396128732e-03
6.900000000000001688e-01 2.258619562549781315e-02 2.759391680032860245e-03
7.000000000000001776e-01 2.257175907160061806e-02 2.697119064469585478e-03
7.100000000000001865e-01 2.103301951888441809e-02 2.725710298976692040e-03
7.200000000000001954e-01 2.454080304780481558e-02 2.696734461914225729e-03
7.300000000000002043e-01 2.522675143738826314e-02 2.702073812746801865e-03
7.400000000000002132e-01 2.472909152342346248e-02 2.643262463225534709e-03
7.500000000000002220e-01 2.070700704299351103e-02 2.609323849728522118e-03
7.600000000000002309e-01 2.212965503278074841e-02 2.606214997093800681e-03
7.700000000000002398e-01 2.224527666680074789e-02 2.618401597934163355e-03
7.800000000000002487e-01 2.361350437066978697e-02 2.614795197038764264e-03
7.900000000000002576e-01 2.157577753187269257e-02 2.622817322368109147e-03
8.000000000000002665e-01 2.199271414720439452e-02 2.572596657524537766e-03
8.100000000000002753e-01 2.193558044933063833e-02 2.533664715071107937e-03
8.200000000000002842e-01 1.982578845798293327e-02 2.513198362382801625e-03
8.300000000000002931e-01 1.838904940659869675e-02 2.545175616097017368e-03
8.400000000000003020e-01 2.077992964079932586e-02 2.538195278500561623e-03
8.500000000000003109e-01 1.776877455160839892e-02 2.523758269612045441e-03
8.600000000000003197e-01 1.865039464212367784e-02 2.508956037880912069e-03
8.700000000000003286e-01 2.285440527001004682e-02 2.498345746961079701e-03
8.800000000000003375e-01 1.884099134055533878e-02 2.544745286248193718e-03
8.900000000000003464e-01 1.642220200014964451e-02 2.421159913845768574e-03
9.000000000000003553e-01 1.711361781126816139e-02 2.348692281962985393e-03
9.100000000000003642e-01 1.925185379744955017e-02 2.294298955624193663e-03
9.200000000000003730e-01 1.773371472376675598e-02 2.245000139983013496e-03
9.300000000000003819e-01 1.736703033818865621e-02 2.268187453707820513e-03
9.400000000000003908e-01 1.951896063371437104e-02 2.231538986234587411e-03
9.500000000000003997e-01 1.660187029298852354e-02 2.210882820492706281e-03
9.600000000000004086e-01 1.836707160953067811e-02 2.148446410998918529e-03
9.700000000000004174e-01 1.543833247184664761e-02 2.132950765911763042e-03
9.800000000000004263e-01 1.979921594488287181e-02 2.150251276139525033e-03
9.900000000000004352e-01 1.484990513160874825e-02 2.159949869579111392e-03
1.000000000000000000e+00 1.644187286247293309e-02 2.138480004903134651e-03
1.030000000000000027e+00 1.861501710442400870e-02 1.229912565849439676e-03
1.060000000000000053e+00 1.764532121855730273e-02 1.263718428568550703e-03
1.090000000000000080e+00 1.722408650528854321e-02 1.294457026274142743e-03
1.120000000000000107e+00 1.884751962739158321e-02 1.303461468358347447e-03
1.150000000000000133e+00 1.705336544695101528e-02 1.318101393073169408e-03
1.180000000000000160e+00 1.926213600342304225e-02 1.314373411161283596e-03
1.210000000000000187e+00 1.910280179023507094e-02 1.344180489750231196e-03
1.240000000000000213e+00 1.977690571682456586e-02 1.389991449609388925e-03
1.270000000000000240e+00 1.864330438524235134e-02 1.478234714809205244e-03
1.300000000000000266e+00 1.986046480234044537e-02 1.564815009163220312e-03
1.330000000000000293e+00 2.260357167226713718e-02 1.723942750376875228e-03
1.360000000000000320e+00 2.217243550055451526e-02 5.503348581616442428e-03
1.390000000000000346e+00 2.723207964174364018e-02 2.778558533708142542e-01
1.420000000000000373e+00 2.088663893803319183e-02 2.550550918749275829e-03
1.450000000000000400e+00 2.302183545862804617e-02 2.704689933376439644e-03
1.480000000000000426e+00 2.229128669796476628e-02 3.075738087896369172e-03
1.510000000000000453e+00 2.250403019720917733e-02 3.494013575615957049e-03
1.540000000000000480e+00 2.449242991043246512e-02 4.018902713446368367e-03
1.570000000000000506e+00 2.309970244334573139e-02 4.626629449957741363e-03
1.600000000000000533e+00 2.168235910048338377e-02 5.308256713232108702e-03
1.630000000000000560e+00 2.081541923996735322e-02 6.039981486500041463e-03
1.660000000000000586e+00 2.058597629363714820e-02 6.849317146661483904e-03
1.690000000000000613e+00 2.068366937071599784e-02 7.779162053736289779e-03
1.720000000000000639e+00 1.877728544459757870e-02 8.801950704122195671e-03
1.750000000000000666e+00 1.424330254123081473e-02 9.891863789944008514e-03
1.780000000000000693e+00 1.568911519827728002e-02 1.172835507427192822e-02
1.810000000000000719e+00 1.198706840813397630e-02 1.350612079102849437e-02
1.840000000000000746e+00 1.119618651109042032e-02 1.454436045222128049e-02
1.870000000000000773e+00 6.445166830372826491e-03 1.513951386009792718e-02
1.900000000000000799e+00 5.709399384405799277e-03 1.599788746243817686e-02
1.930000000000000826e+00 1.829639013796566628e-03 1.672005299993599078e-02
1.960000000000000853e+00 2.512079127076306470e-03 1.742162586473106761e-02
1.990000000000000879e+00 4.696281974512546572e-04 1.813195826155873658e-02
2.020000000000000906e+00 -6.116977424087857284e-04 1.799318227728917419e-02
2.050000000000000711e+00 -2.501221940744946873e-03 1.778463320741570375e-02
2.080000000000000959e+00 -2.851090547447302035e-03 1.802260620586213641e-02
2.110000000000001208e+00 -4.149894289310162958e-03 1.817609802804676447e-02
2.140000000000001013e+00 -6.852008033178431934e-03 1.814907097671351194e-02
2.170000000000000817e+00 -1.833050036670531759e-03 1.761851565398386138e-02
2.200000000000001066e+00 -2.728808119426797329e-04 1.641928808121869213e-02
2.230000000000001315e+00 -5.883623627451611653e-03 1.500422436849807410e-02
2.260000000000001119e+00 -5.609107827890004276e-03 1.361341507738711779e-02
2.290000000000000924e+00 -1.354058931006666506e-03 1.289022225800816150e-02
2.320000000000001172e+00 -2.649706601087810972e-03 1.243434426615454801e-02
2.350000000000001421e+00 -2.151340098120810805e-03 1.207856172204177687e-02
2.380000000000001226e+00 -3.647444774823352300e-03 1.184769676339924444e-02
2.410000000000001030e+00 -4.608654171745713360e-03 6.383727463380593770e-02
2.440000000000001279e+00 3.223272252292919962e-04 1.379891281838771522e-01
2.470000000000001528e+00 -2.933136431182510953e-03 1.102256101906094396e-02
2.500000000000001332e+00 -3.935737964631414593e-03 1.070835483673795302e-02
2.530000000000001137e+00 -3.073025443130766518e-03 1.049961140973367825e-02
2.560000000000001386e+00 -2.184636488063930199e-03 1.027162728349699690e-02
2.590000000000001634e+00 -3.201551415757349084e-03 1.008468651661762958e-02
2.620000000000001439e+00 -3.424593459601728718e-03 9.923663833383179408e-03
2.650000000000001243e+00 -3.674380327087885083e-03 9.863830508734615712e-03
2.680000000000001492e+00 -2.519458779515434000e-03 9.872009991903473586e-03
2.710000000000001741e+00 -3.334890994499548761e-03 9.644822075226277408e-03
2.740000000000001545e+00 -3.086066645021002912e-03 9.466612059338049348e-03
2.770000000000001350e+00 -1.229003655940607382e-03 9.218367516188477259e-03
2.800000000000001599e+00 -3.638185184842863615e-03 8.921182542249970343e-03
2.830000000000001847e+00 -3.248524521967986658e-03 1.051634445730658361e-02
2.860000000000001652e+00 -1.768721344446819166e-03 8.339087267266103581e-03
2.890000000000001457e+00 -6.612696289518243953e-03 8.009921799544001894e-03
2.920000000000001705e+00 -3.527114053982060606e-03 7.662528208763382497e-03
2.950000000000001954e+00 -2.402860246380837325e-03 7.316865555353666353e-03
2.980000000000001759e+00 -1.198324054752495033e-03 6.955101272093383406e-03
3.010000000000001563e+00 -3.566668148136518078e-03 6.632631048785610044e-03
3.040000000000001812e+00 -3.579313089445332850e-03 6.443634840803649094e-03
3.070000000000002061e+00 -1.944437047221568484e-03 6.016762948825638002e-03
3.100000000000001865e+00 -1.723236674573577288e-03 5.686397267128250228e-03
3.130000000000001670e+00 -2.734738007200127226e-03 5.252393990861313304e-03
3.160000000000001918e+00 -2.997730604522456065e-03 5.392419450812130539e-03
3.190000000000002167e+00 -1.799076620464915488e-03 5.440468548663090174e-03
