5.000000000000000104e-03 7.545392510530964714e+00 2.939674625835099864e+00
6.000000000000000125e-03 6.780687235491912546e+00 1.335900027674672641e+00
7.000000000000000146e-03 5.904832901887075103e+00 6.526101985788536064e-01
8.000000000000000167e-03 5.377398824547679368e+00 3.536999207112076493e-01
9.000000000000001055e-03 5.028342991909439341e+00 2.243602993284688485e-01
1.000000000000000021e-02 4.812915596136178031e+00 1.616290165869881945e-01
1.099999999999999936e-02 4.664009899563798633e+00 1.258696968747048950e-01
1.200000000000000025e-02 4.639563577502263669e+00 1.008941595224340376e-01
1.300000000000000114e-02 4.572422588142415201e+00 8.446100739047111838e-02
1.400000000000000203e-02 4.464006727633538674e+00 7.229265811629501104e-02
1.499999999999999944e-02 4.372170845302657760e+00 6.197170317938210243e-02
1.600000000000000033e-02 4.369117147924962197e+00 5.377160016333330794e-02
1.700000000000000122e-02 4.296003586077042691e+00 4.816422333683580831e-02
1.800000000000000211e-02 4.220278244853177263e+00 4.367066917430872247e-02
1.899999999999999953e-02 4.121610488194932032e+00 4.020226932974277356e-02
2.000000000000000042e-02 4.077990571646360252e+00 3.662551754550777416e-02
2.100000000000000130e-02 4.049451991042684718e+00 3.431459387643315262e-02
2.200000000000000219e-02 3.943708771598988250e+00 3.232298221139047467e-02
2.300000000000000308e-02 3.880244852349970852e+00 3.014897028136778040e-02
2.400000000000000050e-02 3.874041813606892148e+00 2.853962193575109926e-02
2.500000000000000139e-02 3.766010395986605364e+00 2.732628395486751127e-02
2.600000000000000228e-02 3.687753381981597744e+00 2.602982316824621264e-02
2.699999999999999969e-02 3.663972427715262992e+00 2.499995871988998017e-02
2.800000000000000058e-02 3.593848055286770649e+00 2.357223094417074116e-02
2.900000000000000147e-02 3.500512114684668052e+00 2.306873159046518226e-02
3.000000000000000236e-02 3.425646477447041427e+00 2.239879687850086787e-02
3.100000000000000325e-02 3.405502087401701683e+00 2.167386559724010855e-02
3.200000000000000067e-02 3.301723327477906977e+00 2.067393898040562408e-02
3.300000000000000155e-02 3.243350912304142408e+00 2.038918476821326153e-02
3.400000000000000244e-02 3.162622410282946550e+00 1.982934530211787408e-02
3.499999999999999639e-02 3.094401426216327522e+00 1.925248568189043968e-02
3.599999999999999728e-02 3.055593788741183925e+00 1.891963058419896676e-02
3.699999999999999817e-02 2.979293360219626763e+00 1.831339811246990995e-02
3.799999999999999906e-02 2.917005044240391864e+00 1.803401903640506482e-02
3.899999999999999994e-02 2.821499565186955216e+00 1.752007577759324974e-02
4.000000000000000083e-02 2.785619211605567802e+00 1.714413718695058722e-02
4.100000000000000172e-02 2.721211416324512467e+00 1.677864113379490610e-02
4.199999999999999567e-02 2.661963938138802277e+00 1.657905366364254701e-02
4.299999999999999656e-02 2.622857425947554777e+00 1.620520032873748115e-02
4.399999999999999745e-02 2.528879357716289356e+00 1.589794555834657744e-02
4.499999999999999833e-02 2.473760495652029157e+00 1.558853257468155624e-02
4.599999999999999922e-02 2.424794343296327259e+00 1.514787063719260328e-02
4.700000000000000011e-02 2.376566476694368379e+00 1.500946519387593228e-02
4.800000000000000100e-02 2.317198116604566316e+00 1.478147385925326907e-02
4.899999999999999495e-02 2.268532492368520614e+00 1.453468093267842008e-02
5.000000000000000278e-02 2.218383723684007602e+00 1.442650863873826128e-02
5.200000000000000455e-02 2.090113757770213798e+00 9.750951615929027289e-03
5.400000000000000633e-02 1.995695833539519404e+00 9.525904819081046013e-03
5.600000000000000810e-02 1.900274619795980779e+00 9.555202706018853243e-03
5.800000000000000988e-02 1.805954795514510991e+00 9.554532535711578525e-03
6.000000000000001166e-02 1.742587426076050328e+00 9.396468959940118548e-03
6.200000000000001343e-02 1.652740338455289892e+00 8.943691980484516635e-03
6.400000000000001521e-02 1.571515179344449065e+00 8.699135635696112270e-03
6.600000000000001699e-02 1.504730936647094675e+00 8.433685826004348046e-03
6.800000000000001876e-02 1.424038520527682428e+00 8.207625156764562779e-03
7.000000000000002054e-02 1.356194748694690588e+00 8.033802642236380007e-03
7.200000000000002232e-02 1.302988051943049008e+00 7.921683826515252616e-03
7.400000000000002409e-02 1.249153444227840248e+00 7.876414820854287305e-03
7.600000000000002587e-02 1.198169612005876683e+00 7.657108720119186647e-03
7.800000000000002764e-02 1.134319958736166534e+00 7.603509059876259815e-03
8.000000000000002942e-02 1.100556916647825512e+00 7.674836388740082643e-03
8.200000000000003120e-02 1.044324662948847182e+00 7.630695288657443273e-03
8.400000000000003297e-02 1.002960227493510548e+00 7.350294812368525152e-03
8.600000000000003475e-02 9.780284667587575420e-01 7.171851383266376022e-03
8.800000000000003653e-02 9.341874280891822035e-01 7.226871444240320040e-03
9.000000000000003830e-02 8.993277092831786224e-01 7.221948270868649294e-03
9.200000000000004008e-02 8.677770939702251773e-01 7.126798305221006616e-03
9.400000000000004186e-02 8.312470185741701600e-01 7.070409193691187810e-03
9.600000000000004363e-02 7.935782359125599372e-01 7.081011590460313358e-03
9.800000000000004541e-02 7.643475651967217566e-01 7.022433116632314717e-03
1.000000000000000056e-01 7.352613729348023153e-01 6.952848202054132294e-03
1.050000000000000100e-01 6.808574516082926964e-01 4.285429595866707859e-03
1.100000000000000144e-01 6.176939604303182119e-01 4.184709632233094868e-03
1.150000000000000189e-01 5.827808154962488274e-01 4.086349438221991218e-03
1.200000000000000233e-01 5.247806982747360571e-01 4.006273365133057769e-03
1.250000000000000278e-01 4.942631063462315510e-01 4.046126757060829540e-03
1.300000000000000322e-01 4.621622254557909426e-01 4.072608140638075969e-03
1.350000000000000366e-01 4.321183466790476380e-01 3.907988190465351216e-03
1.400000000000000411e-01 4.005500703377136151e-01 3.835785867435043475e-03
1.450000000000000455e-01 3.730595011265560590e-01 3.770399096455026491e-03
1.500000000000000500e-01 3.501114394092815774e-01 3.912469512053827307e-03
1.550000000000000544e-01 3.251484584363520391e-01 3.932061090795914773e-03
1.600000000000000588e-01 3.063890777034540824e-01 3.950713655395437368e-03
1.650000000000000633e-01 2.919849580542288048e-01 3.979653582334504065e-03
1.700000000000000677e-01 2.741133976266375005e-01 3.996252073203667571e-03
1.750000000000000722e-01 2.621609701213287180e-01 3.957403170561121612e-03
1.800000000000000766e-01 2.484667805068355440e-01 3.450676219041715065e-03
1.850000000000000810e-01 2.329747892333414450e-01 3.414450201776933567e-03
1.900000000000000855e-01 2.219670602303701334e-01 3.326617402553077273e-03
1.950000000000000899e-01 2.112420205350158398e-01 3.315250721141305146e-03
2.000000000000000944e-01 2.053918111230837173e-01 3.403898075335241771e-03
2.050000000000000988e-01 1.922304484926042056e-01 3.448034906972147987e-03
2.100000000000001033e-01 1.856796136137643105e-01 3.385504527552527822e-03
2.150000000000001077e-01 1.824025042106493799e-01 3.448018532023614576e-03
2.200000000000001121e-01 1.761066714340311368e-01 3.354455607343851970e-03
2.250000000000001166e-01 1.650534598326381941e-01 3.345727684187358407e-03
2.300000000000001210e-01 1.606098094671543908e-01 3.260333963780850074e-03
2.350000000000001255e-01 1.545967062761099131e-01 3.428621874008688092e-03
2.400000000000001299e-01 1.454443553886077822e-01 3.632306077792411478e-03
2.450000000000001343e-01 1.443184614819524592e-01 3.534289575526015220e-03
2.500000000000001110e-01 1.434335086413192073e-01 3.710524118534579922e-03
2.550000000000001155e-01 1.355718244195549538e-01 3.630561771435792447e-03
2.600000000000001199e-01 1.326470286489042361e-01 3.843553955638481529e-03
2.650000000000001243e-01 1.247534797731591344e-01 3.675107739947656906e-03
2.700000000000001288e-01 1.227529134738785943e-01 3.837089252010079162e-03
2.750000000000001332e-01 1.247293476560063646e-01 3.698044870274233911e-03
2.800000000000001377e-01 1.181932056639922179e-01 3.713898802122072955e-03
2.850000000000001421e-01 1.155157837349518046e-01 3.762550797467372875e-03
2.900000000000001465e-01 1.124427957635844716e-01 3.579880410252307080e-03
2.950000000000001510e-01 1.074201538326516187e-01 3.605101186853521683e-03
3.000000000000001554e-01 1.061932242667549126e-01 3.678607810438589473e-03
3.050000000000001599e-01 1.015606431691965239e-01 3.714160549507936320e-03
3.100000000000001643e-01 1.009508282012141073e-01 3.652281137589057178e-03
3.150000000000001688e-01 1.000366602573474623e-01 3.596424575345404974e-03
3.200000000000001732e-01 1.006807964209627676e-01 3.564424734081161807e-03
3.250000000000001776e-01 9.872939317731130315e-02 3.520453997528693538e-03
3.300000000000001821e-01 9.211893312995120264e-02 3.428412784810396397e-03
3.350000000000001865e-01 8.998400949532447957e-02 3.436370545409408398e-03
3.400000000000001910e-01 8.425053213169818311e-02 3.287319453534133778e-03
3.450000000000001954e-01 8.391532230055527564e-02 3.443996517509384254e-03
3.500000000000001998e-01 8.414775407148526731e-02 3.192700687795499512e-03
3.550000000000002043e-01 8.892138962774971678e-02 3.360998126462753487e-03
3.600000000000002087e-01 8.642374347808905177e-02 3.314201771512554923e-03
3.650000000000002132e-01 8.136987941293613580e-02 3.251800887301764184e-03
3.700000000000002176e-01 8.166886418431568151e-02 3.258801884742856207e-03
3.750000000000002220e-01 8.458275463376618841e-02 3.252483093759151508e-03
3.800000000000002265e-01 7.873405055812178477e-02 3.338025033722644575e-03
3.850000000000002309e-01 7.864184939211896208e-02 3.081196605947056442e-03
3.900000000000002354e-01 7.434223106232738798e-02 3.405525849281383459e-03
3.950000000000002398e-01 7.704983773871564023e-02 3.324799076564976391e-03
4.000000000000002442e-01 7.396725185616895293e-02 3.177673643519276277e-03
4.050000000000002487e-01 6.993881347768356183e-02 3.022218829695861621e-03
4.100000000000002531e-01 7.689611934831003248e-02 2.995537575490266058e-03
4.150000000000002576e-01 7.026852594605183244e-02 2.946703400195461141e-03
4.200000000000002620e-01 7.058951084346180849e-02 2.960555062981991715e-03
4.250000000000002665e-01 7.082907465440711758e-02 3.052966191970208666e-03
4.300000000000002709e-01 6.553655707827472920e-02 2.897606992895108199e-03
4.350000000000002753e-01 6.764931670041544887e-02 2.977077085641452545e-03
4.400000000000002798e-01 6.559009734742987652e-02 2.907546317366725350e-03
4.450000000000002842e-01 6.920006936054630409e-02 2.877799266461434843e-03
4.500000000000002887e-01 6.642295005875854808e-02 2.806094105016892614e-03
4.550000000000002931e-01 6.759817922251212807e-02 2.788176046631062575e-03
4.600000000000002975e-01 6.591705173235766491e-02 2.753527646799256486e-03
4.650000000000003020e-01 6.290184761975119165e-02 2.771992756482025491e-03
4.700000000000003064e-01 6.512665577083401325e-02 2.732278881822575774e-03
4.750000000000003109e-01 6.423859582110243160e-02 2.796839749142707252e-03
4.800000000000003153e-01 6.279555502919408061e-02 3.005244501444302111e-03
4.850000000000003197e-01 6.079763407598042652e-02 3.111418816841725245e-03
4.900000000000003242e-01 5.730158462319406149e-02 2.735470031916602002e-03
4.950000000000003286e-01 6.048982556947830186e-02 2.672206417545876667e-03
5.000000000000000000e-01 6.130053122748599370e-02 2.687384690024725419e-03
5.100000000000000089e-01 5.930351613954334272e-02 1.849951738451345497e-03
5.200000000000000178e-01 5.917832930824938609e-02 1.841791342993083546e-03
5.300000000000000266e-01 5.622492887524927624e-02 1.796784894575526991e-03
5.400000000000000355e-01 5.690957586596356865e-02 1.804576520409133982e-03
5.500000000000000444e-01 5.503711139939253261e-02 1.759451555856785280e-03
5.600000000000000533e-01 5.411827056742084946e-02 1.753991551178967151e-03
5.700000000000000622e-01 5.458468958932752302e-02 1.746458457924677122e-03
5.800000000000000711e-01 5.147708441666228735e-02 1.701770451272837043e-03
5.900000000000000799e-01 5.161350225079017889e-02 1.673551924317775216e-03
6.000000000000000888e-01 5.115068721194201279e-02 1.664997176191011525e-03
6.100000000000000977e-01 4.851179430203625409e-02 1.651072966370679615e-03
6.200000000000001066e-01 4.821916820201140735e-02 1.604106180793499637e-03
6.300000000000001155e-01 4.715017831267948739e-02 1.619077923888109262e-03
6.400000000000001243e-01 4.866483403943953207e-02 1.578928391308886828e-03
6.500000000000001332e-01 4.603896385574066802e-02 1.595205740381925403e-03
6.600000000000001421e-01 4.585691657776981567e-02 1.578730674339188633e-03
6.700000000000001510e-01 4.588009017744393292e-02 1.576424268844080559e-03
6.800000000000001599e-01 4.377187369748041651e-02 1.560921277483645706e-03
6.900000000000001688e-01 4.477330790485899159e-02 1.535619775923035028e-03
7.000000000000001776e-01 4.086627080117075095e-02 1.502618912087805509e-03
7.100000000000001865e-01 4.378923051528525734e-02 1.525561341838422950e-03
7.200000000000001954e-01 4.354940384407141735e-02 1.494916106407122476e-03
7.300000000000002043e-01 4.087908410423052308e-02 1.503218952102279571e-03
7.400000000000002132e-01 4.062694951952805500e-02 1.474295158524311982e-03
7.500000000000002220e-01 4.022603131343390620e-02 1.459515471212050703e-03
7.600000000000002309e-01 3.940899038244291552e-02 1.449775498714514282e-03
7.700000000000002398e-01 3.993168113768241767e-02 1.452195284727629803e-03
7.800000000000002487e-01 3.806744543969130951e-02 1.455236766531574485e-03
7.900000000000002576e-01 3.823280831104938077e-02 1.458307010951457672e-03
8.000000000000002665e-01 3.781516880952452697e-02 1.431401917987456781e-03
8.100000000000002753e-01 3.907387268457795243e-02 1.408662224050366996e-03
8.200000000000002842e-01 3.649851112187386254e-02 1.408143648531010516e-03
8.300000000000002931e-01 3.825646955482753242e-02 1.425799631783688029e-03
8.400000000000003020e-01 3.552651418091556934e-02 1.418623899462324650e-03
8.500000000000003109e-01 3.429592904942627835e-02 1.399972713494043990e-03
8.600000000000003197e-01 3.505527041726607534e-02 1.402654987821698278e-03
8.700000000000003286e-01 3.522130039463924195e-02 1.397008579054833961e-03
8.800000000000003375e-01 3.501002782868910951e-02 1.418556282600727395e-03
8.900000000000003464e-01 3.415361994700391590e-02 1.339963757959494002e-03
9.000000000000003553e-01 3.263477125866882933e-02 1.311537827376915016e-03
9.100000000000003642e-01 3.290221196500218298e-02 1.267991568193317046e-03
9.200000000000003730e-01 3.361797182954354146e-02 1.254595646436836628e-03
9.300000000000003819e-01 3.285059374603040844e-02 1.267268964221294819e-03
9.400000000000003908e-01 3.324878938297615855e-02 1.242377405054404752e-03
9.500000000000003997e-01 3.177757316143908772e-02 1.237769841655970938e-03
9.600000000000004086e-01 3.317686011248378863e-02 1.199859772191871161e-03
9.700000000000004174e-01 3.252782458836808721e-02 1.195440241050305021e-03
9.800000000000004263e-01 3.436898637570918319e-02 1.199398281887575088e-03
9.900000000000004352e-01 3.287621865386952669e-02 1.200346183622053248e-03
1.000000000000000000e+00 3.244768108212658236e-02 1.183136032815688531e-03
1.030000000000000027e+00 3.199941746866287462e-02 6.867206812540121172e-04
1.060000000000000053e+00 3.231123740524779325e-02 7.037166321884650525e-04
1.090000000000000080e+00 3.183863244631986167e-02 7.223933774026655361e-04
1.120000000000000107e+00 3.254614995472147193e-02 7.289256428476207890e-04
1.150000000000000133e+00 3.301075183601975827e-02 7.350849640052568032e-04
1.180000000000000160e+00 3.279649364855980603e-02 7.326722031940469506e-04
1.210000000000000187e+00 3.371079278474359286e-02 7.516252308626401087e-04
1.240000000000000213e+00 3.538597477820640963e-02 7.755827390125614616e-04
1.270000000000000240e+00 3.507722758943078445e-02 8.263143985470279302e-04
1.300000000000000266e+00 3.683970289644829255e-02 8.795178211463921094e-04
1.330000000000000293e+00 3.844757356050303165e-02 9.618385163298405526e-04
1.360000000000000320e+00 3.960808708704244979e-02 3.073730109911841125e-03
1.390000000000000346e+00 4.579897261758086868e-02 1.551131730438593259e-01
1.420000000000000373e+00 3.929768825324318759e-02 1.425639150919495030e-03
1.450000000000000400e+00 4.122599580226454785e-02 1.509546298146110079e-03
1.480000000000000426e+00 4.129205284486741484e-02 1.720132374779884728e-03
1.510000000000000453e+00 4.176617535574705942e-02 1.951601127259961323e-03
1.540000000000000480e+00 4.188155030893644937e-02 2.248536393806161923e-03
1.570000000000000506e+00 4.061562035443930241e-02 2.584540282907076426e-03
1.600000000000000533e+00 4.001959698948008570e-02 2.962659732894461564e-03
1.630000000000000560e+00 3.890031066250328878e-02 3.376333747801144383e-03
1.660000000000000586e+00 3.772591966241432143e-02 3.825417163647695448e-03
1.690000000000000613e+00 3.551156237503332730e-02 4.341318081098015716e-03
1.720000000000000639e+00 3.297829346056693756e-02 4.914486020381323393e-03
1.750000000000000666e+00 2.861337400233599643e-02 5.525040243323035491e-03
1.780000000000000693e+00 2.650863095436982453e-02 6.545968547046709246e-03
1.810000000000000719e+00 2.125485289736402453e-02 7.540394470511758637e-03
1.840000000000000746e+00 1.735186317212607243e-02 8.114498069664542734e-03
1.870000000000000773e+00 1.408211719897068878e-02 8.452133901160048188e-03
1.900000000000000799e+00 9.795834669641853912e-03 8.928304447796166221e-03
1.930000000000000826e+00 3.888335431784939109e-03 9.330560481531855951e-03
1.960000000000000853e+00 1.932073479416707802e-03 9.717674591641663542e-03
1.990000000000000879e+00 -9.530439749580404778e-05 1.011786373697783417e-02
2.020000000000000906e+00 -3.256138733421819805e-03 1.003743161628824036e-02
2.050000000000000711e+00 -5.972338581999466628e-03 9.924230133547566265e-03
2.080000000000000959e+00 -4.241185424085944060e-03 1.005374416578161401e-02
2.110000000000001208e+00 -8.261691984985414239e-03 1.014518984697576967e-02
2.140000000000001013e+00 -7.871701657818383144e-03 1.012541226526207302e-02
2.170000000000000817e+00 -6.056412080141151261e-03 9.827651104815546615e-03
2.200000000000001066e+00 -5.349558852649327796e-03 9.156627442899552619e-03
2.230000000000001315e+00 -7.164649751247093544e-03 8.375622141522071074e-03
2.260000000000001119e+00 -7.744436521759856182e-03 7.596951454725808447e-03
2.290000000000000924e+00 -6.038244419026782793e-03 7.187940836915047982e-03
2.320000000000001172e+00 -5.922651083685369529e-03 6.939840762100894615e-03
2.350000000000001421e+00 -4.241405955248357153e-03 6.740882665353425257e-03
2.380000000000001226e+00 -6.516328499505757987e-03 6.611167533582514369e-03
2.410000000000001030e+00 -6.661844492177640756e-03 3.561775082798917386e-02
2.440000000000001279e+00 -4.651420798796448985e-03 7.691893384077062856e-02
2.470000000000001528e+00 -3.606653616438921638e-03 6.147333943067090183e-03
2.500000000000001332e+00 -5.001257871807121558e-03 5.971078746075004183e-03
2.530000000000001137e+00 -4.054839905274011322e-03 5.860694974344651462e-03
2.560000000000001386e+00 -3.828565546382277449e-03 5.731272805002897604e-03
2.590000000000001634e+00 -5.414958419746863233e-03 5.628086710232910704e-03
2.620000000000001439e+00 -4.074936253520949382e-03 5.534793120581860126e-03
2.650000000000001243e+00 -4.858344281077913232e-03 5.503145936369861074e-03
2.680000000000001492e+00 -3.658135529271130688e-03 5.505857692370131132e-03
2.710000000000001741e+00 -4.620143594549041242e-03 5.381021675877450949e-03
2.740000000000001545e+00 -4.847471157646341192e-03 5.283340647716715417e-03
2.770000000000001350e+00 -2.892702989749829871e-03 5.145252145025539653e-03
2.800000000000001599e+00 -3.882899896073191328e-03 4.978694070498305632e-03
2.830000000000001847e+00 -3.733509197047100298e-03 5.867905897703967234e-03
2.860000000000001652e+00 -4.229052367978363564e-03 4.646936794564855699e-03
2.890000000000001457e+00 -5.062494311359523082e-03 4.471380330307513605e-03
2.920000000000001705e+00 -4.296627049781259755e-03 4.275543776142259542e-03
2.950000000000001954e+00 -3.856272807900525991e-03 4.080365137405925907e-03
2.980000000000001759e+00 -2.488157762092205270e-03 3.884228289597787143e-03
3.010000000000001563e+00 -4.141945885816458554e-03 3.698685364540169052e-03
3.040000000000001812e+00 -3.722716801919047271e-03 3.602565279987273231e-03
3.070000000000002061e+00 -2.732808776918647670e-03 3.357587099746875674e-03
3.100000000000001865e+00 -1.823853460654986441e-03 3.176801375563439219e-03
3.130000000000001670e+00 -2.245414850857704436e-03 2.931230340655227931e-03
3.160000000000001918e+00 -5.699965259941103778e-04 3.012658443653676386e-03
3.190000000000002167e+00 -4.688477970310809379e-04 3.033315902557728178e-03
