5.000000000000000104e-03 5.279784196244270866e+00 4.140544986011873263e+00
6.000000000000000125e-03 4.702564296733584115e+00 1.899212970401164879e+00
7.000000000000000146e-03 4.974458877090289555e+00 9.228057796914588273e-01
8.000000000000000167e-03 4.549870844524331659e+00 4.983591955318104061e-01
9.000000000000001055e-03 4.256689988411293868e+00 3.171991028391073497e-01
1.000000000000000021e-02 4.290658416703108990e+00 2.302554541354871476e-01
1.099999999999999936e-02 4.242560365419384638e+00 1.782610774235663109e-01
1.200000000000000025e-02 4.304124486622232126e+00 1.410356380147244348e-01
1.300000000000000114e-02 4.276987831195387280e+00 1.168622575447241380e-01
1.400000000000000203e-02 4.227027261367186206e+00 1.002249144932230995e-01
1.499999999999999944e-02 4.062343713124014322e+00 8.546891134111526955e-02
1.600000000000000033e-02 4.086470177112517810e+00 7.391888071784928627e-02
1.700000000000000122e-02 4.073020289058578491e+00 6.590162048380919513e-02
1.800000000000000211e-02 4.104892926593957547e+00 5.929098061560518496e-02
1.899999999999999953e-02 3.948155696069628462e+00 5.472782120543265988e-02
2.000000000000000042e-02 3.959306727559388062e+00 4.955370490462122218e-02
2.100000000000000130e-02 3.897740514152242763e+00 4.636992315496989148e-02
2.200000000000000219e-02 3.848362208309754617e+00 4.328294007869006726e-02
2.300000000000000308e-02 3.828297917918384030e+00 4.026921073840915993e-02
2.400000000000000050e-02 3.731773469369009888e+00 3.814593740800256011e-02
2.500000000000000139e-02 3.632399954678013021e+00 3.635621035151417185e-02
2.600000000000000228e-02 3.580056491354015602e+00 3.450934663455326734e-02
2.699999999999999969e-02 3.556393503154362534e+00 3.321061871080033950e-02
2.800000000000000058e-02 3.458968563055131451e+00 3.135363415122767450e-02
2.900000000000000147e-02 3.394013062118778734e+00 3.061640475380970547e-02
3.000000000000000236e-02 3.325249905162391606e+00 2.970523333418991982e-02
3.100000000000000325e-02 3.301098928240553843e+00 2.859177792298069412e-02
3.200000000000000067e-02 3.178225014429145734e+00 2.729780741853164716e-02
3.300000000000000155e-02 3.138495932190603188e+00 2.688261638497262823e-02
3.400000000000000244e-02 3.032558953438823757e+00 2.623894326080712311e-02
3.499999999999999639e-02 3.016276015139735645e+00 2.549512398272443803e-02
3.599999999999999728e-02 2.964812553303518339e+00 2.491648063543141015e-02
3.699999999999999817e-02 2.908179625545386671e+00 2.426693845390217111e-02
3.799999999999999906e-02 2.838087623523164460e+00 2.388651637201947772e-02
3.899999999999999994e-02 2.745656913342226169e+00 2.319056056368464999e-02
4.000000000000000083e-02 2.695932370237074327e+00 2.276253102926672003e-02
4.100000000000000172e-02 2.648910260285266549e+00 2.216810655871208693e-02
4.199999999999999567e-02 2.591598407226116674e+00 2.191313171530675022e-02
4.299999999999999656e-02 2.527219900652580620e+00 2.148518981104617642e-02
4.399999999999999745e-02 2.469034886540584672e+00 2.103538523953927056e-02
4.499999999999999833e-02 2.400881229292784802e+00 2.062764257767757403e-02
4.599999999999999922e-02 2.324143438504336245e+00 2.015975278232629703e-02
4.700000000000000011e-02 2.302492679072502657e+00 1.995643258330999023e-02
4.800000000000000100e-02 2.246552353783100919e+00 1.963483744359992289e-02
4.899999999999999495e-02 2.203060636162918584e+00 1.938827169998549524e-02
5.000000000000000278e-02 2.151703035948711928e+00 1.918818506638635471e-02
5.200000000000000455e-02 2.034650896118578967e+00 1.299086612479713292e-02
5.400000000000000633e-02 1.925504283936626315e+00 1.272253768396086442e-02
5.600000000000000810e-02 1.841819896326472916e+00 1.280089052033196208e-02
5.800000000000000988e-02 1.739349332712449847e+00 1.283513430516698001e-02
6.000000000000001166e-02 1.669609631820664797e+00 1.264046703403311558e-02
6.200000000000001343e-02 1.587334183771758944e+00 1.209423788934949062e-02
6.400000000000001521e-02 1.513440545551581362e+00 1.171833901187910310e-02
6.600000000000001699e-02 1.453791528771562591e+00 1.139406215029560229e-02
6.800000000000001876e-02 1.373599424674230685e+00 1.110528144340070834e-02
7.000000000000002054e-02 1.300761115194724038e+00 1.088251640889643067e-02
7.200000000000002232e-02 1.249523877076957223e+00 1.076491655403507240e-02
7.400000000000002409e-02 1.213754276775314667e+00 1.069513831743789702e-02
7.600000000000002587e-02 1.170339306926271528e+00 1.042758877203629232e-02
7.800000000000002764e-02 1.107485486986512280e+00 1.037068054147090822e-02
8.000000000000002942e-02 1.065206057767905001e+00 1.046572065019775108e-02
8.200000000000003120e-02 1.014077865769996478e+00 1.042925379957382846e-02
8.400000000000003297e-02 9.641913258171734835e-01 1.006349430324965377e-02
8.600000000000003475e-02 9.460117512004401208e-01 9.830030999381525469e-03
8.800000000000003653e-02 8.975885009866321207e-01 9.927766295194422053e-03
9.000000000000003830e-02 8.695750985206498473e-01 9.884587819458062405e-03
9.200000000000004008e-02 8.391544054598515379e-01 9.774921000430676979e-03
9.400000000000004186e-02 7.973884126331747257e-01 9.721284259721829288e-03
9.600000000000004363e-02 7.687269433099500615e-01 9.732213417744431036e-03
9.800000000000004541e-02 7.397670739539472518e-01 9.658761893330064519e-03
1.000000000000000056e-01 7.148455526800479021e-01 9.577918947846210743e-03
1.050000000000000100e-01 6.595297906196423421e-01 5.912615388656721795e-03
1.100000000000000144e-01 5.995465592541506794e-01 5.788510052364958906e-03
1.150000000000000189e-01 5.618450928850334813e-01 5.664855358459583955e-03
1.200000000000000233e-01 5.053906775916161553e-01 5.570514212135523058e-03
1.250000000000000278e-01 4.731925747408458616e-01 5.616732894767596969e-03
1.300000000000000322e-01 4.415352374705338590e-01 5.665395374787111221e-03
1.350000000000000366e-01 4.076533825003495481e-01 5.445300155012300011e-03
1.400000000000000411e-01 3.857414387264492817e-01 5.346338888075155907e-03
1.450000000000000455e-01 3.596571157612921121e-01 5.268397359774368467e-03
1.500000000000000500e-01 3.392908354670498561e-01 5.463426018294632695e-03
1.550000000000000544e-01 3.135856563533035990e-01 5.490612591908920932e-03
1.600000000000000588e-01 2.933372530366257225e-01 5.532195507563388188e-03
1.650000000000000633e-01 2.853783136831307687e-01 5.568862330101302140e-03
1.700000000000000677e-01 2.674631678046019978e-01 5.590466079212478255e-03
1.750000000000000722e-01 2.509547135672298701e-01 5.543857248694335216e-03
1.800000000000000766e-01 2.404972891593607776e-01 4.858606385866578829e-03
1.850000000000000810e-01 2.262918253376114686e-01 4.811602169113382912e-03
1.900000000000000855e-01 2.134476684813192693e-01 4.704897686273983373e-03
1.950000000000000899e-01 2.080581026208655482e-01 4.641046332286147616e-03
2.000000000000000944e-01 1.989814556403802781e-01 4.726781264891372070e-03
2.050000000000000988e-01 1.848945143778107369e-01 4.872566052831876944e-03
2.100000000000001033e-01 1.806076270889545865e-01 4.777725786779958052e-03
2.150000000000001077e-01 1.743582828444214805e-01 4.843136255635552279e-03
2.200000000000001121e-01 1.756581614019391835e-01 4.700715775312142020e-03
2.250000000000001166e-01 1.603846475919522285e-01 4.764420583254484753e-03
2.300000000000001210e-01 1.574158293911812334e-01 4.578901254885569920e-03
2.350000000000001255e-01 1.500213941736596168e-01 4.863820447216701641e-03
2.400000000000001299e-01 1.385368383593845454e-01 5.101761032370346650e-03
2.450000000000001343e-01 1.382563350610863939e-01 4.917866765676483926e-03
2.500000000000001110e-01 1.372190939380222852e-01 5.220279537050676044e-03
2.550000000000001155e-01 1.298510627942499329e-01 5.046768527719225177e-03
2.600000000000001199e-01 1.285958462293301241e-01 5.389590502394008865e-03
2.650000000000001243e-01 1.251760101062704966e-01 5.116695574263641945e-03
2.700000000000001288e-01 1.182790720247555993e-01 5.432694752301021023e-03
2.750000000000001332e-01 1.162067434293195534e-01 5.171886575940430435e-03
2.800000000000001377e-01 1.194570549416076877e-01 5.236503195363726923e-03
2.850000000000001421e-01 1.118459522752897478e-01 5.271288971968927060e-03
2.900000000000001465e-01 1.104652468068153537e-01 5.119638863842752678e-03
2.950000000000001510e-01 1.017408328398990841e-01 5.153751559549861992e-03
3.000000000000001554e-01 9.771884279545348106e-02 5.300577598633620865e-03
3.050000000000001599e-01 9.479521795528561556e-02 5.253647634880384554e-03
3.100000000000001643e-01 9.573501703092780757e-02 5.166256323977670359e-03
3.150000000000001688e-01 9.954918485897720770e-02 5.118004584059174071e-03
3.200000000000001732e-01 9.754265464632477789e-02 4.957310353499028155e-03
3.250000000000001776e-01 1.008588619349531645e-01 4.963463275395559211e-03
3.300000000000001821e-01 8.770950946118481750e-02 4.785569206404351010e-03
3.350000000000001865e-01 8.862882958226914187e-02 4.872203546745011542e-03
3.400000000000001910e-01 8.291857642212802082e-02 4.705358090208400408e-03
3.450000000000001954e-01 8.062186398241286134e-02 4.856571470656646100e-03
3.500000000000001998e-01 8.295570546410285795e-02 4.550117326935097274e-03
3.550000000000002043e-01 8.133758788611472612e-02 4.676826197994246245e-03
3.600000000000002087e-01 8.450852651476166433e-02 4.626515911742757128e-03
3.650000000000002132e-01 8.101254991424375329e-02 4.614687503220566908e-03
3.700000000000002176e-01 7.889850626279931722e-02 4.579370399856066802e-03
3.750000000000002220e-01 8.067379393006886279e-02 4.624381445520161886e-03
3.800000000000002265e-01 7.174935357171752237e-02 4.685346119151548826e-03
3.850000000000002309e-01 7.775323486102202197e-02 4.331306709803797381e-03
3.900000000000002354e-01 6.897022051078398330e-02 4.823929238985699523e-03
3.950000000000002398e-01 7.374059265528136453e-02 4.619391616986925561e-03
4.000000000000002442e-01 7.278596291850825128e-02 4.478783459885005147e-03
4.050000000000002487e-01 6.929069350753928880e-02 4.269182594588179745e-03
4.100000000000002531e-01 7.396433664353051218e-02 4.234064739705166967e-03
4.150000000000002576e-01 7.238256470875029103e-02 4.177008531082495105e-03
4.200000000000002620e-01 7.433109693473538560e-02 4.167574526219399063e-03
4.250000000000002665e-01 6.470786425947196163e-02 4.314600084847269867e-03
4.300000000000002709e-01 6.981741363406517020e-02 4.054496514384013997e-03
4.350000000000002753e-01 6.304951468548493365e-02 4.231926052520259413e-03
4.400000000000002798e-01 6.774795432872000867e-02 4.110065595872402187e-03
4.450000000000002842e-01 6.158764813539195637e-02 4.020836584110529764e-03
4.500000000000002887e-01 6.541120449986596863e-02 3.974168794615162009e-03
4.550000000000002931e-01 6.801137722030006771e-02 3.961239122405237935e-03
4.600000000000002975e-01 6.177593559874052648e-02 3.914101640283257529e-03
4.650000000000003020e-01 5.972967083567518043e-02 3.929020402522049628e-03
4.700000000000003064e-01 6.256041861541952742e-02 3.872940807487846616e-03
4.750000000000003109e-01 5.793267863086362657e-02 3.981630483251039770e-03
4.800000000000003153e-01 6.113451444152818992e-02 4.244719729991610659e-03
4.850000000000003197e-01 5.912086653050444701e-02 4.401855785641773516e-03
4.900000000000003242e-01 5.645027889997079190e-02 3.915666668957919379e-03
4.950000000000003286e-01 5.841365496871687990e-02 3.829134396063384876e-03
5.000000000000000000e-01 5.864854650121946456e-02 3.797168943341395087e-03
5.100000000000000089e-01 5.496694523239790270e-02 2.608115642194078123e-03
5.200000000000000178e-01 5.498726507211258024e-02 2.586033531778665975e-03
5.300000000000000266e-01 5.533891031782878223e-02 2.533158847652454068e-03
5.400000000000000355e-01 5.067400022403267812e-02 2.549514889765821472e-03
5.500000000000000444e-01 5.489312789160872424e-02 2.476907354782000633e-03
5.600000000000000533e-01 5.279901416171398076e-02 2.491723943855096886e-03
5.700000000000000622e-01 5.224109029357805467e-02 2.475478753210938639e-03
5.800000000000000711e-01 5.015823339303326217e-02 2.399571312172627240e-03
5.900000000000000799e-01 5.079484158181147430e-02 2.379388664740875268e-03
6.000000000000000888e-01 4.884316066926808197e-02 2.359793117036549075e-03
6.100000000000000977e-01 4.729650139675823511e-02 2.335530058763914465e-03
6.200000000000001066e-01 4.765694975444501741e-02 2.260880705508520796e-03
6.300000000000001155e-01 4.664121002136169952e-02 2.292331436357284823e-03
6.400000000000001243e-01 4.598742848278263018e-02 2.236411494307865254e-03
6.500000000000001332e-01 4.608323368878155385e-02 2.269311743336397194e-03
6.600000000000001421e-01 4.347607156410285278e-02 2.234045432627882778e-03
6.700000000000001510e-01 4.536694387847578502e-02 2.211220722580402483e-03
6.800000000000001599e-01 4.142470497937254803e-02 2.204936135424979179e-03
6.900000000000001688e-01 4.354821768749437411e-02 2.174501910957530020e-03
7.000000000000001776e-01 3.973235047310087059e-02 2.147024487184789020e-03
7.100000000000001865e-01 4.260344493557250561e-02 2.168645929863536725e-03
7.200000000000001954e-01 4.113067706596187229e-02 2.114051924877035672e-03
7.300000000000002043e-01 3.981045528294342023e-02 2.114615600377580795e-03
7.400000000000002132e-01 3.984212038109311710e-02 2.082217333641933881e-03
7.500000000000002220e-01 3.819912510835854480e-02 2.066755793768280686e-03
7.600000000000002309e-01 3.785904078827164593e-02 2.048913764014382872e-03
7.700000000000002398e-01 3.807760551942106220e-02 2.055825269919792520e-03
7.800000000000002487e-01 3.820912291728768839e-02 2.058186757979617917e-03
7.900000000000002576e-01 3.652741223523738728e-02 2.058119859387996277e-03
8.000000000000002665e-01 3.751566296539361745e-02 2.023378845350807739e-03
8.100000000000002753e-01 3.654407408924426059e-02 1.996657850317031403e-03
8.200000000000002842e-01 3.536404056467228052e-02 1.990585119472391192e-03
8.300000000000002931e-01 3.647629652889660540e-02 2.016242418590745954e-03
8.400000000000003020e-01 3.362642413491753746e-02 2.020066732652515094e-03
8.500000000000003109e-01 3.369670559855723196e-02 1.987205103540733413e-03
8.600000000000003197e-01 3.408626526019119252e-02 1.996720696795234364e-03
8.700000000000003286e-01 3.334246185159029513e-02 1.969056919991042827e-03
8.800000000000003375e-01 3.347055786736231886e-02 1.998976468398659667e-03
8.900000000000003464e-01 3.419252311974949748e-02 1.911428418994829889e-03
9.000000000000003553e-01 3.187737610638382429e-02 1.853509669874410211e-03
9.100000000000003642e-01 3.196193121406896986e-02 1.799068498432221516e-03
9.200000000000003730e-01 3.224978648393689307e-02 1.772367905343119653e-03
9.300000000000003819e-01 2.973855073346254665e-02 1.784151753416341564e-03
9.400000000000003908e-01 3.141280719060471349e-02 1.770201097307938509e-03
9.500000000000003997e-01 3.167035481350795323e-02 1.756151206224166282e-03
9.600000000000004086e-01 3.375567527379872562e-02 1.703710211527929494e-03
9.700000000000004174e-01 2.980644449543808083e-02 1.692769221022755654e-03
9.800000000000004263e-01 3.388818238824761048e-02 1.695316420927859289e-03
9.900000000000004352e-01 3.364490998757144885e-02 1.705038477573818899e-03
1.000000000000000000e+00 3.220221805986858005e-02 1.673490965678184686e-03
1.030000000000000027e+00 3.018773468123471526e-02 9.700585937124740288e-04
1.060000000000000053e+00 3.130593778914040476e-02 9.955963885648075676e-04
1.090000000000000080e+00 3.024496470033713816e-02 1.022414430185502807e-03
1.120000000000000107e+00 3.227364790729135569e-02 1.031151830597452912e-03
1.150000000000000133e+00 3.153170590917496463e-02 1.041395917707290883e-03
1.180000000000000160e+00 3.128293316674798930e-02 1.035199769893329529e-03
1.210000000000000187e+00 3.274477629603277790e-02 1.063553223281699838e-03
1.240000000000000213e+00 3.409315304365474059e-02 1.096529069134049563e-03
1.270000000000000240e+00 3.451265801896311047e-02 1.167357161326635154e-03
1.300000000000000266e+00 3.540011239581092317e-02 1.242878072556625416e-03
1.330000000000000293e+00 3.729940228077225500e-02 1.361178443789253824e-03
1.360000000000000320e+00 3.752277521855453685e-02 4.359704090660863202e-03
1.390000000000000346e+00 4.056939747595030704e-02 2.200205836756828071e-01
1.420000000000000373e+00 3.835678954327105539e-02 2.017245646413714632e-03
1.450000000000000400e+00 3.976595310513084819e-02 2.137578299787945557e-03
1.480000000000000426e+00 3.922711129383002482e-02 2.434603228341116875e-03
1.510000000000000453e+00 4.064280763871193358e-02 2.762508175508188168e-03
1.540000000000000480e+00 4.020665742674044835e-02 3.181955648385602353e-03
1.570000000000000506e+00 3.830933764953804721e-02 3.659247381124130540e-03
1.600000000000000533e+00 3.707284819400413073e-02 4.195288265015411668e-03
1.630000000000000560e+00 3.693595533973303285e-02 4.780153892360038820e-03
1.660000000000000586e+00 3.494832180681724243e-02 5.416363453844171873e-03
1.690000000000000613e+00 3.437920551031816568e-02 6.149940850611919016e-03
1.720000000000000639e+00 2.949193003268144042e-02 6.960659470984141561e-03
1.750000000000000666e+00 2.738645879474821757e-02 7.826098639443645685e-03
1.780000000000000693e+00 2.480590249156550825e-02 9.271908975684766199e-03
1.810000000000000719e+00 1.864189999275060738e-02 1.068012851432155116e-02
1.840000000000000746e+00 1.449945922255213224e-02 1.149759790125072338e-02
1.870000000000000773e+00 1.236320675103667888e-02 1.197778987957887412e-02
1.900000000000000799e+00 8.792014128717063823e-03 1.264922986906932487e-02
1.930000000000000826e+00 2.501903405341251649e-03 1.322293824310995410e-02
1.960000000000000853e+00 1.032926280494093647e-03 1.377101046189509528e-02
1.990000000000000879e+00 -1.680197065232955566e-03 1.434004279032071068e-02
2.020000000000000906e+00 -2.831144653448153074e-03 1.423045970938617046e-02
2.050000000000000711e+00 -2.870011785741086348e-03 1.406264675774807245e-02
2.080000000000000959e+00 -4.216593067684959451e-03 1.424902505644451596e-02
2.110000000000001208e+00 -6.774807043227537746e-03 1.438429777913549472e-02
2.140000000000001013e+00 -6.317296950256786475e-03 1.435644368918110626e-02
2.170000000000000817e+00 -5.911641284317223008e-03 1.392800180182963803e-02
2.200000000000001066e+00 -2.205035572367995602e-03 1.299790947498427260e-02
2.230000000000001315e+00 -5.471952023489451249e-03 1.186683365846105329e-02
2.260000000000001119e+00 -3.835755538310646213e-03 1.077331767257861880e-02
2.290000000000000924e+00 -3.673857178271889429e-03 1.019035759722270590e-02
2.320000000000001172e+00 -2.578020353998574255e-03 9.841894566433065719e-03
2.350000000000001421e+00 -1.296241103135271650e-03 9.560392265023221273e-03
2.380000000000001226e+00 -2.629407818331641437e-03 9.374693293700235922e-03
2.410000000000001030e+00 -5.904117684030040902e-04 5.039658694258390692e-02
2.440000000000001279e+00 -1.825513471826796562e-03 1.090632427072499161e-01
2.470000000000001528e+00 8.696887793810385197e-04 8.715314532930852273e-03
2.500000000000001332e+00 -2.791244100151940577e-03 8.465806400104395127e-03
2.530000000000001137e+00 -6.332658045414068463e-04 8.313555074340218259e-03
2.560000000000001386e+00 -1.533780645336789428e-03 8.126974268770929474e-03
2.590000000000001634e+00 -1.095435725859957932e-03 7.979877986200489132e-03
2.620000000000001439e+00 5.473875843499275860e-04 7.846237042159235134e-03
2.650000000000001243e+00 -6.364921832500239102e-05 7.803103403355786741e-03
2.680000000000001492e+00 -9.937200632920558611e-04 7.811763165445305239e-03
2.710000000000001741e+00 -3.128214188325681693e-03 7.633008768273929871e-03
2.740000000000001545e+00 -1.426406509113571251e-03 7.491175550743145624e-03
2.770000000000001350e+00 -2.790255221817451834e-04 7.298939174046956482e-03
2.800000000000001599e+00 -8.257954235449365809e-04 7.060198444285596328e-03
2.830000000000001847e+00 -2.353328595375521037e-03 8.321510233735500417e-03
2.860000000000001652e+00 -1.445624562540719690e-03 6.588731396765504580e-03
2.890000000000001457e+00 -1.400055955394750818e-03 6.339097994615268752e-03
2.920000000000001705e+00 -1.984448978124127034e-03 6.063191574110075345e-03
2.950000000000001954e+00 -7.246241765846083652e-04 5.784746798532273623e-03
2.980000000000001759e+00 -1.358509995867680624e-04 5.509303878929582010e-03
3.010000000000001563e+00 -2.085821511817081628e-03 5.244442519522740133e-03
3.040000000000001812e+00 -4.725474909487877278e-04 5.108368129207482670e-03
3.070000000000002061e+00 -1.152348015458325462e-03 4.760925536328189378e-03
3.100000000000001865e+00 1.058409438779947878e-03 4.498795669754604952e-03
3.130000000000001670e+00 -3.605982612997218287e-04 4.155317446046895118e-03
3.160000000000001918e+00 2.075320935835957628e-03 4.265681394075093204e-03
3.190000000000002167e+00 2.243060467839680903e-03 4.298481303801502014e-03
