5.000000000000000104e-03 7.315177373539233585e+00 4.174597962139888985e+00
6.000000000000000125e-03 6.611218312799916674e+00 1.894206583217697748e+00
7.000000000000000146e-03 5.735156465515107271e+00 9.248137624545014202e-01
8.000000000000000167e-03 5.430340418061294194e+00 5.003231488922009751e-01
9.000000000000001055e-03 5.157616944343648591e+00 3.164504191316098169e-01
1.000000000000000021e-02 4.811936797391449083e+00 2.284740908819437866e-01
1.099999999999999936e-02 4.577679004350606817e+00 1.770703072029958247e-01
1.200000000000000025e-02 4.622430551983916835e+00 1.407416549271670869e-01
1.300000000000000114e-02 4.566366285494546595e+00 1.174930226900712665e-01
1.400000000000000203e-02 4.514751977934074567e+00 1.000729099530219823e-01
1.499999999999999944e-02 4.381466129123445796e+00 8.528626986062380622e-02
1.600000000000000033e-02 4.426209959586948628e+00 7.405937232588293007e-02
1.700000000000000122e-02 4.307868513174102354e+00 6.571555343078874789e-02
1.800000000000000211e-02 4.236053399252462270e+00 5.935615077205018408e-02
1.899999999999999953e-02 4.149539314268789525e+00 5.432322600662597284e-02
2.000000000000000042e-02 4.059102587182502830e+00 4.947032780164747900e-02
2.100000000000000130e-02 4.035322753723236566e+00 4.605563029471217845e-02
2.200000000000000219e-02 3.913240679439834668e+00 4.333324327152501820e-02
2.300000000000000308e-02 3.872179432950728195e+00 4.012115250831767288e-02
2.400000000000000050e-02 3.862093956579073950e+00 3.802056645705449017e-02
2.500000000000000139e-02 3.772818644294955615e+00 3.632734465610588936e-02
2.600000000000000228e-02 3.673122537197977433e+00 3.434493830412203852e-02
2.699999999999999969e-02 3.669285387450035074e+00 3.286096327655210064e-02
2.800000000000000058e-02 3.591627146062736475e+00 3.121032689840702243e-02
2.900000000000000147e-02 3.505456700969520778e+00 3.026209868875404108e-02
3.000000000000000236e-02 3.415478021205378578e+00 2.962828689817781011e-02
3.100000000000000325e-02 3.415637025264407711e+00 2.853576749791099376e-02
3.200000000000000067e-02 3.313262721023917390e+00 2.715679868094895977e-02
3.300000000000000155e-02 3.228231897552718888e+00 2.675631357923839715e-02
3.400000000000000244e-02 3.148376191053773976e+00 2.614320668224092911e-02
3.499999999999999639e-02 3.112444504394982214e+00 2.529980918239246868e-02
3.599999999999999728e-02 3.062841030264510156e+00 2.486624974329349272e-02
3.699999999999999817e-02 2.980826092896444290e+00 2.417028134414641108e-02
3.799999999999999906e-02 2.927249475146059154e+00 2.365863546873538809e-02
3.899999999999999994e-02 2.826413422034312894e+00 2.315537565666906175e-02
4.000000000000000083e-02 2.763968450552399592e+00 2.270175127372721716e-02
4.100000000000000172e-02 2.728012188941035809e+00 2.213353138586343638e-02
4.199999999999999567e-02 2.668345096987428278e+00 2.181440462849747880e-02
4.299999999999999656e-02 2.630688378764136193e+00 2.134672491735203556e-02
4.399999999999999745e-02 2.525403900448678129e+00 2.103158842987712732e-02
4.499999999999999833e-02 2.463032052121195914e+00 2.055802708341001109e-02
4.599999999999999922e-02 2.423480367383763046e+00 2.010918161707781968e-02
4.700000000000000011e-02 2.396615187021385207e+00 1.981357377248499016e-02
4.800000000000000100e-02 2.325803772897936827e+00 1.959200015915190177e-02
4.899999999999999495e-02 2.269644613375718212e+00 1.930268458717412233e-02
5.000000000000000278e-02 2.229884858052328056e+00 1.917355322033394496e-02
5.200000000000000455e-02 2.095116941943599542e+00 1.298208028811074534e-02
5.400000000000000633e-02 2.000849178872490253e+00 1.268924575301286044e-02
5.600000000000000810e-02 1.891686066141095690e+00 1.275687049095694005e-02
5.800000000000000988e-02 1.801564506147047551e+00 1.276913446978191792e-02
6.000000000000001166e-02 1.744678625711264752e+00 1.258309698688515194e-02
6.200000000000001343e-02 1.648613421829587589e+00 1.201110301534374231e-02
6.400000000000001521e-02 1.576859304682021845e+00 1.169545828154413755e-02
6.600000000000001699e-02 1.508582615974232155e+00 1.135166813507132617e-02
6.800000000000001876e-02 1.421959178632942633e+00 1.106998086754939874e-02
7.000000000000002054e-02 1.355336847703248138e+00 1.087110594259130779e-02
7.200000000000002232e-02 1.302292913157063525e+00 1.074047569276659515e-02
7.400000000000002409e-02 1.241638439976189057e+00 1.068110464733303122e-02
7.600000000000002587e-02 1.199402016131303039e+00 1.040635618866531803e-02
7.800000000000002764e-02 1.134141461025461206e+00 1.036853188444449535e-02
8.000000000000002942e-02 1.100532450401602969e+00 1.046976107379691580e-02
8.200000000000003120e-02 1.039325226163859250e+00 1.041204156093816086e-02
8.400000000000003297e-02 1.000115549133893778e+00 1.004242284578976512e-02
8.600000000000003475e-02 9.844755632438647597e-01 9.789889078910566853e-03
8.800000000000003653e-02 9.384011612011572412e-01 9.880955768039012890e-03
9.000000000000003830e-02 9.035767565433349136e-01 9.873779896864840269e-03
9.200000000000004008e-02 8.693422108046569008e-01 9.780608970616199924e-03
9.400000000000004186e-02 8.300722669377992302e-01 9.709772750780625364e-03
9.600000000000004363e-02 7.909341717411410011e-01 9.739507394061614615e-03
9.800000000000004541e-02 7.695416942719428555e-01 9.649898182465820734e-03
1.000000000000000056e-01 7.366406275355720235e-01 9.588223290580528274e-03
1.050000000000000100e-01 6.881436428745223433e-01 5.915510991854370029e-03
1.100000000000000144e-01 6.148338731731847195e-01 5.795615148015522203e-03
1.150000000000000189e-01 5.847544570550744503e-01 5.674945001211487323e-03
1.200000000000000233e-01 5.242205847648067074e-01 5.559956592558305821e-03
1.250000000000000278e-01 4.907767396578590624e-01 5.622333082382066638e-03
1.300000000000000322e-01 4.684786537525557626e-01 5.662207119942406532e-03
1.350000000000000366e-01 4.313348111005164132e-01 5.443925548082880796e-03
1.400000000000000411e-01 4.079052592569194502e-01 5.337685206797344005e-03
1.450000000000000455e-01 3.728105618847120661e-01 5.266852108506285372e-03
1.500000000000000500e-01 3.524864561961696396e-01 5.468071816341778593e-03
1.550000000000000544e-01 3.279570592260018791e-01 5.499896231796748240e-03
1.600000000000000588e-01 2.995803365731923851e-01 5.533968474737787496e-03
1.650000000000000633e-01 2.897219816204598120e-01 5.574901435299541366e-03
1.700000000000000677e-01 2.793838205215245507e-01 5.601869177828073219e-03
1.750000000000000722e-01 2.567844546251122906e-01 5.545825332450415174e-03
1.800000000000000766e-01 2.520726731328311598e-01 4.794715143451476133e-03
1.850000000000000810e-01 2.307456138743293472e-01 4.827245809992596406e-03
1.900000000000000855e-01 2.228038796890090545e-01 4.662646050009767486e-03
1.950000000000000899e-01 2.070864300421188797e-01 4.654529680548322688e-03
2.000000000000000944e-01 2.059411958632758888e-01 4.748667041217027006e-03
2.050000000000000988e-01 1.910999804097274490e-01 4.859219057556001323e-03
2.100000000000001033e-01 1.832887718452093917e-01 4.765893985355606349e-03
2.150000000000001077e-01 1.818299266468830500e-01 4.855580335252263416e-03
2.200000000000001121e-01 1.777135177934395516e-01 4.731781201825028052e-03
2.250000000000001166e-01 1.644918851538981763e-01 4.732121304025737468e-03
2.300000000000001210e-01 1.590657623073186144e-01 4.635863117370197378e-03
2.350000000000001255e-01 1.539175672081646018e-01 4.838979453159544808e-03
2.400000000000001299e-01 1.471703635604138527e-01 5.109878314355339492e-03
2.450000000000001343e-01 1.495382814327849141e-01 4.937955799632701148e-03
2.500000000000001110e-01 1.470717212470715463e-01 5.215965894317271638e-03
2.550000000000001155e-01 1.340106093883874638e-01 5.164980280957961328e-03
2.600000000000001199e-01 1.331818779907560646e-01 5.402753340403377083e-03
2.650000000000001243e-01 1.260478507506796464e-01 5.172103450965255533e-03
2.700000000000001288e-01 1.215555880371154002e-01 5.393151743393497476e-03
2.750000000000001332e-01 1.270996864218425504e-01 5.225020541537292798e-03
2.800000000000001377e-01 1.229743054160770677e-01 5.315677206406726335e-03
2.850000000000001421e-01 1.155740375272836795e-01 5.263017104324831802e-03
2.900000000000001465e-01 1.113905115040263183e-01 5.020391163996205421e-03
2.950000000000001510e-01 1.046281080642009614e-01 5.057678558179408423e-03
3.000000000000001554e-01 1.027114908419693023e-01 5.172541967550395824e-03
3.050000000000001599e-01 1.044354434060980330e-01 5.230372612909803265e-03
3.100000000000001643e-01 1.019720415848350686e-01 5.120990450939744490e-03
3.150000000000001688e-01 1.028488494224000793e-01 5.004264226904912849e-03
3.200000000000001732e-01 1.035740889538582371e-01 4.975864125506973719e-03
3.250000000000001776e-01 1.016485406378341144e-01 4.967147611534370767e-03
3.300000000000001821e-01 9.423444419386067805e-02 4.846717502591194743e-03
3.350000000000001865e-01 9.115916788150350836e-02 4.843521706627934055e-03
3.400000000000001910e-01 8.450683866145895784e-02 4.665766667832928725e-03
3.450000000000001954e-01 8.454356907644290653e-02 4.896730449031234250e-03
3.500000000000001998e-01 8.307248807077907693e-02 4.460350012461230911e-03
3.550000000000002043e-01 9.095385059052074617e-02 4.697226497082412217e-03
3.600000000000002087e-01 8.696306025881153645e-02 4.655490804299359728e-03
3.650000000000002132e-01 7.839422260093151240e-02 4.617357374078770449e-03
3.700000000000002176e-01 7.893414939279834452e-02 4.600781420833708127e-03
3.750000000000002220e-01 8.337910338921293574e-02 4.575730074023218186e-03
3.800000000000002265e-01 7.702978842272567572e-02 4.699475852554393235e-03
3.850000000000002309e-01 8.076217228689744343e-02 4.311453727233923935e-03
3.900000000000002354e-01 7.325885578814743393e-02 4.761946044149016448e-03
3.950000000000002398e-01 7.901679732504027220e-02 4.696388981479763906e-03
4.000000000000002442e-01 7.346717166001007215e-02 4.525789030988701736e-03
4.050000000000002487e-01 7.172222003360305409e-02 4.270708926506535351e-03
4.100000000000002531e-01 7.626678223523984668e-02 4.288890876105986433e-03
4.150000000000002576e-01 7.079709790619564957e-02 4.175572668063017023e-03
4.200000000000002620e-01 7.239851882087863788e-02 4.189141443626480561e-03
4.250000000000002665e-01 7.045850999181639540e-02 4.313047821182395929e-03
4.300000000000002709e-01 6.578467289932067585e-02 4.036339511040752150e-03
4.350000000000002753e-01 6.648930217339063531e-02 4.209287900101353619e-03
4.400000000000002798e-01 6.388289920986041370e-02 4.074256537205777316e-03
4.450000000000002842e-01 6.832537532192212160e-02 4.060558930018928758e-03
4.500000000000002887e-01 6.777768662872227234e-02 3.982533731455839381e-03
4.550000000000002931e-01 6.572002279271353664e-02 3.907725073912508840e-03
4.600000000000002975e-01 6.681509900348736597e-02 3.859727545284555219e-03
4.650000000000003020e-01 6.462950814272303002e-02 3.907417542490406598e-03
4.700000000000003064e-01 6.521559303183496747e-02 3.892858557359393790e-03
4.750000000000003109e-01 6.515471676070101748e-02 3.968519995123811692e-03
4.800000000000003153e-01 6.113642809528366945e-02 4.214465108175389357e-03
4.850000000000003197e-01 6.193906390445580445e-02 4.412475269043286685e-03
4.900000000000003242e-01 5.751006572944387940e-02 3.881015969195033503e-03
4.950000000000003286e-01 6.273681741729929262e-02 3.800253912843162135e-03
5.000000000000000000e-01 6.068820190765623901e-02 3.844125565882521717e-03
5.100000000000000089e-01 5.806505439565774751e-02 2.606974483053905653e-03
5.200000000000000178e-01 5.850749711756671190e-02 2.598336852568047545e-03
5.300000000000000266e-01 5.564984213516314254e-02 2.529280595576239871e-03
5.400000000000000355e-01 5.812833710113827351e-02 2.559018520968171957e-03
5.500000000000000444e-01 5.479002617502764377e-02 2.488082474784012853e-03
5.600000000000000533e-01 5.502208036817653192e-02 2.474541964033262313e-03
5.700000000000000622e-01 5.425679191153703201e-02 2.484479186008719219e-03
5.800000000000000711e-01 5.133966140429166436e-02 2.406543728909422107e-03
5.900000000000000799e-01 5.081896641562527045e-02 2.377697397385334938e-03
6.000000000000000888e-01 5.165530261986205768e-02 2.361835870191964556e-03
6.100000000000000977e-01 4.836934715170033983e-02 2.335349009704558790e-03
6.200000000000001066e-01 4.894023721298559892e-02 2.267885212439019367e-03
6.300000000000001155e-01 4.832623742518305648e-02 2.286351038138621436e-03
6.400000000000001243e-01 4.985929213925889558e-02 2.243532893428451351e-03
6.500000000000001332e-01 4.819730041096211698e-02 2.249945073717859664e-03
6.600000000000001421e-01 4.686282173972432241e-02 2.229077955401578912e-03
6.700000000000001510e-01 4.319579858198464156e-02 2.235431735422646355e-03
6.800000000000001599e-01 4.418153026466210137e-02 2.213452253729489110e-03
6.900000000000001688e-01 4.481515417790579020e-02 2.179871145769308408e-03
7.000000000000001776e-01 4.064218878203624402e-02 2.136361125668561744e-03
7.100000000000001865e-01 4.451261131354098538e-02 2.164593727456787763e-03
7.200000000000001954e-01 4.204463669640470802e-02 2.113605495619703435e-03
7.300000000000002043e-01 4.178838017740979516e-02 2.129935045466122955e-03
7.400000000000002132e-01 4.181733231305152093e-02 2.088353490875749160e-03
7.500000000000002220e-01 4.109295510041962446e-02 2.065970788167948314e-03
7.600000000000002309e-01 3.991254863065450686e-02 2.052301891485793037e-03
7.700000000000002398e-01 3.902671954681084798e-02 2.049142221191135611e-03
7.800000000000002487e-01 3.705905653724402699e-02 2.045017573220952144e-03
7.900000000000002576e-01 3.670308509216885229e-02 2.068579738050880471e-03
8.000000000000002665e-01 3.953834374403197155e-02 2.022909125201304871e-03
8.100000000000002753e-01 3.893269331045993292e-02 1.999585238648725252e-03
8.200000000000002842e-01 3.528529378393357313e-02 2.011393668246735066e-03
8.300000000000002931e-01 3.810368475695301294e-02 2.010478759715578212e-03
8.400000000000003020e-01 3.431353144028744667e-02 2.007890217531631619e-03
8.500000000000003109e-01 3.371958354215453396e-02 1.974914886627852223e-03
8.600000000000003197e-01 3.627625966032635429e-02 1.982397693249759139e-03
8.700000000000003286e-01 3.501593930077948058e-02 1.981514057399062258e-03
8.800000000000003375e-01 3.667426690003928319e-02 2.003440679100848901e-03
8.900000000000003464e-01 3.445208025932012391e-02 1.897309612786046533e-03
9.000000000000003553e-01 3.292992921959280589e-02 1.851484032716114135e-03
9.100000000000003642e-01 3.327478912602320482e-02 1.802169263116224721e-03
9.200000000000003730e-01 3.330969887930862461e-02 1.768726238548344685e-03
9.300000000000003819e-01 3.205409696713056728e-02 1.784797086046195852e-03
9.400000000000003908e-01 3.346892876984844389e-02 1.765797061997480873e-03
9.500000000000003997e-01 3.128715573571545089e-02 1.753160323804370604e-03
9.600000000000004086e-01 3.422144343818581125e-02 1.700927381611313594e-03
9.700000000000004174e-01 3.297336947966748866e-02 1.683898085518291312e-03
9.800000000000004263e-01 3.521981561218309048e-02 1.687948790333818885e-03
9.900000000000004352e-01 3.419366833505955300e-02 1.703464334102118387e-03
1.000000000000000000e+00 3.336406542185028218e-02 1.671758703645504027e-03
1.030000000000000027e+00 3.207381768773932829e-02 9.733550548959204584e-04
1.060000000000000053e+00 3.416588541587400885e-02 9.953891891420244779e-04
1.090000000000000080e+00 3.199843312748525820e-02 1.024541207039577229e-03
1.120000000000000107e+00 3.283613464411237748e-02 1.034215473454954499e-03
1.150000000000000133e+00 3.355848361036466165e-02 1.041001207527427266e-03
1.180000000000000160e+00 3.407669181367675715e-02 1.040467623144024877e-03
1.210000000000000187e+00 3.486462810079165447e-02 1.064939643229121215e-03
1.240000000000000213e+00 3.583146745353603391e-02 1.099423117220933895e-03
1.270000000000000240e+00 3.519708357231116080e-02 1.169772371937290558e-03
1.300000000000000266e+00 3.691516610014230343e-02 1.246613135002284023e-03
1.330000000000000293e+00 3.808568527459284953e-02 1.363622979300371796e-03
1.360000000000000320e+00 4.050388847011084092e-02 4.335948087971179879e-03
1.390000000000000346e+00 4.810444778170890057e-02 2.196228144259836368e-01
1.420000000000000373e+00 4.034781682335127073e-02 2.019519163135598348e-03
1.450000000000000400e+00 4.205075191490287301e-02 2.140376950540018048e-03
1.480000000000000426e+00 4.209455714852130409e-02 2.437881419645590228e-03
1.510000000000000453e+00 4.261169677998364463e-02 2.766725383633412191e-03
1.540000000000000480e+00 4.189781184899517286e-02 3.185303578979239558e-03
1.570000000000000506e+00 4.066103278360721357e-02 3.667305277858366568e-03
1.600000000000000533e+00 4.097623772261516084e-02 4.203681889508014899e-03
1.630000000000000560e+00 3.871099965376536417e-02 4.786005558599233135e-03
1.660000000000000586e+00 3.786079622729355415e-02 5.422621087429022220e-03
1.690000000000000613e+00 3.616784280901774729e-02 6.158168388392540674e-03
1.720000000000000639e+00 3.345049333459337165e-02 6.967734017652988179e-03
1.750000000000000666e+00 2.781156807242545978e-02 7.836277164016162630e-03
1.780000000000000693e+00 2.547122921375600049e-02 9.282648335987990149e-03
1.810000000000000719e+00 2.164359415699701819e-02 1.069088541970504916e-02
1.840000000000000746e+00 1.704699619779459496e-02 1.151092935159254288e-02
1.870000000000000773e+00 1.324030288211159277e-02 1.199232474927445016e-02
1.900000000000000799e+00 1.044358194095381179e-02 1.266476446356501126e-02
1.930000000000000826e+00 2.607753766948548921e-03 1.323908749363254637e-02
1.960000000000000853e+00 2.204041115009015232e-03 1.378746956056550732e-02
1.990000000000000879e+00 3.293449644457863861e-04 1.435653985463884383e-02
2.020000000000000906e+00 -2.441182040159802641e-03 1.423844129421033416e-02
2.050000000000000711e+00 -5.611762176945294528e-03 1.408518474831532002e-02
2.080000000000000959e+00 -5.210045834367131763e-03 1.426505167382125135e-02
2.110000000000001208e+00 -7.022258570092129726e-03 1.438959782811822033e-02
2.140000000000001013e+00 -8.539776047892745983e-03 1.436107322078981029e-02
2.170000000000000817e+00 -6.613578676502471394e-03 1.394145611195085795e-02
2.200000000000001066e+00 -6.000895141920065991e-03 1.298756409660964048e-02
2.230000000000001315e+00 -6.956534832076058557e-03 1.187892003175977304e-02
2.260000000000001119e+00 -7.718797176486134198e-03 1.077238811267220396e-02
2.290000000000000924e+00 -4.770424133399528074e-03 1.019400887127946444e-02
2.320000000000001172e+00 -6.109081734141209342e-03 9.843523689030124479e-03
2.350000000000001421e+00 -4.458428389092188547e-03 9.559594180429936000e-03
2.380000000000001226e+00 -6.592277280135103168e-03 9.373509028346167782e-03
2.410000000000001030e+00 -6.395175142945855144e-03 5.047171340269852174e-02
2.440000000000001279e+00 -1.897799877828149290e-03 1.087406466894187546e-01
2.470000000000001528e+00 -3.256853103972069327e-03 8.715683111274673614e-03
2.500000000000001332e+00 -5.524229059186956843e-03 8.464424383950824166e-03
2.530000000000001137e+00 -3.186216526028225280e-03 8.307426924628763878e-03
2.560000000000001386e+00 -4.135746543785017923e-03 8.124639320862506175e-03
2.590000000000001634e+00 -5.729967422956172562e-03 7.981714289834842754e-03
2.620000000000001439e+00 -4.820750920096508914e-03 7.847994650548055159e-03
2.650000000000001243e+00 -4.791757557109799052e-03 7.801620770698092580e-03
2.680000000000001492e+00 -2.132615955595269178e-03 7.808493657457868213e-03
2.710000000000001741e+00 -5.547747234025915408e-03 7.631885149070805757e-03
2.740000000000001545e+00 -5.159786489003656551e-03 7.498029551469898198e-03
2.770000000000001350e+00 -4.024839188139959015e-03 7.299135516671270002e-03
2.800000000000001599e+00 -5.083889698766199707e-03 7.061964656043612232e-03
2.830000000000001847e+00 -2.360250215749752200e-03 8.313962064205558666e-03
2.860000000000001652e+00 -4.864225761652953180e-03 6.589248481327586969e-03
2.890000000000001457e+00 -5.455804489985404543e-03 6.344705625991382825e-03
2.920000000000001705e+00 -5.528708206675246595e-03 6.067553605669178708e-03
2.950000000000001954e+00 -3.851874606513543305e-03 5.787650076710670888e-03
2.980000000000001759e+00 -2.166446562514000480e-03 5.509116486368500695e-03
3.010000000000001563e+00 -5.035110981877214710e-03 5.245620751189656802e-03
3.040000000000001812e+00 -4.086996225800110238e-03 5.109869963582648958e-03
3.070000000000002061e+00 -2.932141253248421453e-03 4.761695769069046978e-03
3.100000000000001865e+00 -2.585126736116575338e-03 4.507452167075935885e-03
3.130000000000001670e+00 -2.394352158779874864e-03 4.159247180521788087e-03
3.160000000000001918e+00 2.217609465775358276e-04 4.278997244847093651e-03
3.190000000000002167e+00 -2.658814922894218308e-04 4.301148568174479984e-03
