6.000000000000000125e-03 3.643052241926366008e+00 7.552960986998901172e-01
7.000000000000000146e-03 2.728165593009702850e+00 3.510066924196327265e-01
8.000000000000000167e-03 2.492871109448470346e+00 2.154191337519113514e-01
9.000000000000001055e-03 2.141092794866362059e+00 1.415986584595629594e-01
1.000000000000000021e-02 1.927919967461075190e+00 1.039426646410886584e-01
1.099999999999999936e-02 1.825869472574359831e+00 8.452338417113085256e-02
1.200000000000000025e-02 1.746506148927526425e+00 7.317397698931497885e-02
1.300000000000000114e-02 1.713331059367593667e+00 6.274271787519117294e-02
1.400000000000000203e-02 1.686068167742720725e+00 5.730711636027222000e-02
1.499999999999999944e-02 1.719382863534189676e+00 5.170995648848025067e-02
1.600000000000000033e-02 1.655669304564783673e+00 4.749405471439911708e-02
1.700000000000000122e-02 1.674546671920427166e+00 4.268603011494724597e-02
1.800000000000000211e-02 1.649899378211467926e+00 3.985023718285674726e-02
1.899999999999999953e-02 1.573566967184134580e+00 3.794241533375777853e-02
2.000000000000000042e-02 1.515461893013134498e+00 3.575023481871465736e-02
2.100000000000000130e-02 1.567892081167948648e+00 3.394555720103536317e-02
2.200000000000000219e-02 1.492936805540011624e+00 3.229625692129944881e-02
2.300000000000000308e-02 1.515481930917833786e+00 3.096786422016099133e-02
2.400000000000000050e-02 1.483746559694781642e+00 2.982289711119708725e-02
2.500000000000000139e-02 1.474099951039107959e+00 2.892463686987957472e-02
2.600000000000000228e-02 1.429164020046781003e+00 2.851131991668081483e-02
2.699999999999999969e-02 1.426155209132284662e+00 2.756332103657092164e-02
2.800000000000000058e-02 1.402670639256147656e+00 2.638881006519972275e-02
2.900000000000000147e-02 1.391952147618912949e+00 2.612885634067512938e-02
3.000000000000000236e-02 1.325091850557784223e+00 2.554470592440226395e-02
3.100000000000000325e-02 1.346218939176100138e+00 2.509636051141557814e-02
3.200000000000000067e-02 1.323400159887534677e+00 2.445862053370134043e-02
3.300000000000000155e-02 1.306881662618745832e+00 2.388244054242561268e-02
3.400000000000000244e-02 1.251241923779560672e+00 2.344025240029518758e-02
3.499999999999999639e-02 1.282954432435649661e+00 2.307617967341915946e-02
3.599999999999999728e-02 1.235354816691915047e+00 2.271931091947993614e-02
3.699999999999999817e-02 1.231062680903479256e+00 2.236896425495834076e-02
3.799999999999999906e-02 1.191911829268150980e+00 2.198631715092881633e-02
3.899999999999999994e-02 1.171667231143749044e+00 2.155066563462343723e-02
4.000000000000000083e-02 1.166419326352789332e+00 2.140289717161049377e-02
4.100000000000000172e-02 1.100487551540132669e+00 2.094954619358255915e-02
4.199999999999999567e-02 1.135472293609508077e+00 2.071261720698017866e-02
4.299999999999999656e-02 1.108309766268994689e+00 2.028778348595394049e-02
4.399999999999999745e-02 1.035761699306383399e+00 2.005750513023301165e-02
4.499999999999999833e-02 1.043582784575736166e+00 2.001682762434979848e-02
4.599999999999999922e-02 1.005034462653819016e+00 1.953309271042702813e-02
4.700000000000000011e-02 1.021966529609518837e+00 1.919396260813944349e-02
4.800000000000000100e-02 1.015656280313977256e+00 1.879282661965409051e-02
4.899999999999999495e-02 9.745182487035600749e-01 1.872102611595017480e-02
5.000000000000000278e-02 9.280721846954190779e-01 1.852338428961192857e-02
5.200000000000000455e-02 9.100002785060696819e-01 1.282877199517920910e-02
5.400000000000000633e-02 8.740352291143906882e-01 1.245920563273154695e-02
5.600000000000000810e-02 8.220755592532096312e-01 1.252473895559844640e-02
5.800000000000000988e-02 8.238113048966088092e-01 1.270462837768387976e-02
6.000000000000001166e-02 7.615590947808628108e-01 1.263420801419921566e-02
6.200000000000001343e-02 7.394607359318022821e-01 1.216923876361006469e-02
6.400000000000001521e-02 7.046673365654855248e-01 1.178686654781913208e-02
6.600000000000001699e-02 6.938665483578813076e-01 1.151091039557308911e-02
6.800000000000001876e-02 6.356063941894370961e-01 1.121318519318287993e-02
7.000000000000002054e-02 6.428677995572921189e-01 1.102865104893011212e-02
7.200000000000002232e-02 6.163000442874060347e-01 1.078449245306374767e-02
7.400000000000002409e-02 5.919753241465197657e-01 1.083711576794366312e-02
7.600000000000002587e-02 5.807619043947168658e-01 1.074048007061879917e-02
7.800000000000002764e-02 5.351718238183025278e-01 1.046757468934451582e-02
8.000000000000002942e-02 5.210610766395880056e-01 1.057265035840890093e-02
8.200000000000003120e-02 5.054141781971126512e-01 1.066141831295718337e-02
8.400000000000003297e-02 4.865820226113052316e-01 1.055055553978415800e-02
8.600000000000003475e-02 4.654989207612473257e-01 1.021105630057030263e-02
8.800000000000003653e-02 4.380820735829135115e-01 1.014211728907993444e-02
9.000000000000003830e-02 4.443385691093765244e-01 1.019983096423657774e-02
9.200000000000004008e-02 4.150441057979355475e-01 1.019709558236845011e-02
9.400000000000004186e-02 4.043512111958606492e-01 1.008454058705505682e-02
9.600000000000004363e-02 3.800892617956660446e-01 1.005177843373187933e-02
9.800000000000004541e-02 3.765713804947539156e-01 1.004047573361897816e-02
1.000000000000000056e-01 3.615207551827285259e-01 1.000983269652704066e-02
1.050000000000000100e-01 3.321318970415894634e-01 6.210242436525865301e-03
1.100000000000000144e-01 3.090708943200015102e-01 6.096492217756530052e-03
1.150000000000000189e-01 2.863245249014421678e-01 5.983766192993904449e-03
1.200000000000000233e-01 2.537306567805868718e-01 5.877621478394638548e-03
1.250000000000000278e-01 2.352172407884755845e-01 5.852193976749485438e-03
1.300000000000000322e-01 2.167482404796140238e-01 6.026276633861931374e-03
1.350000000000000366e-01 1.946634800281729083e-01 5.806644992257144200e-03
1.400000000000000411e-01 1.846473543148651753e-01 5.676598000216071666e-03
1.450000000000000455e-01 1.613595050606751180e-01 5.620352161792381909e-03
1.500000000000000500e-01 1.558140438414060969e-01 5.631845685646742414e-03
1.550000000000000544e-01 1.462264289548345642e-01 5.801280716459009112e-03
1.600000000000000588e-01 1.505517710232117945e-01 5.844670373944011767e-03
1.650000000000000633e-01 1.322568874845145293e-01 5.867109579895551409e-03
1.700000000000000677e-01 1.188536892659337457e-01 5.924808281838231730e-03
1.750000000000000722e-01 1.079725998715555940e-01 5.923941177867861341e-03
1.800000000000000766e-01 9.234274821529184218e-02 5.889689003340256926e-03
1.850000000000000810e-01 9.720647669502834043e-02 5.856696747049747361e-03
1.900000000000000855e-01 8.322860972912851651e-02 5.811452316190403658e-03
1.950000000000000899e-01 8.965210172460638671e-02 5.862681225907872933e-03
2.000000000000000944e-01 8.502132524891108101e-02 5.487695533148219916e-03
2.050000000000000988e-01 6.812617600442809340e-02 5.567819790812661776e-03
2.100000000000001033e-01 6.844006754899735478e-02 5.536023226095380424e-03
2.150000000000001077e-01 6.353803633247419314e-02 5.498961858829800806e-03
2.200000000000001121e-01 6.682808833091372080e-02 5.362805435830841905e-03
2.250000000000001166e-01 6.070924160351007237e-02 5.304715937434306174e-03
2.300000000000001210e-01 6.392531693647060531e-02 5.318465807133084845e-03
2.350000000000001255e-01 5.795594340605030037e-02 5.124897130819840857e-03
2.400000000000001299e-01 6.604875257871045680e-02 5.377881503576434179e-03
2.450000000000001343e-01 5.295144053920750743e-02 5.510490435751109507e-03
2.500000000000001110e-01 4.910228111949583446e-02 5.445466571359535574e-03
2.550000000000001155e-01 4.633422220276674913e-02 5.720782412237591930e-03
2.600000000000001199e-01 4.269866325587145378e-02 5.667497915614321848e-03
2.650000000000001243e-01 3.924424880934199861e-02 5.802916468904466447e-03
2.700000000000001288e-01 4.217386843639370914e-02 6.096411713090477656e-03
2.750000000000001332e-01 5.213370642709037189e-02 5.573391534539048030e-03
2.800000000000001377e-01 4.063400882703570305e-02 6.227448514017339121e-03
2.850000000000001421e-01 3.006392397781298964e-02 5.763090718100534124e-03
2.900000000000001465e-01 3.875335284018820159e-02 6.053931268044013443e-03
2.950000000000001510e-01 3.463213826989057498e-02 5.905132472889660158e-03
3.000000000000001554e-01 3.182783664513785804e-02 6.002423632358258425e-03
3.050000000000001599e-01 3.389482151415961625e-02 5.804766272170918881e-03
3.100000000000001643e-01 3.046342349388574469e-02 5.893497095341751132e-03
3.150000000000001688e-01 3.452722027762560042e-02 5.787862468826484100e-03
3.200000000000001732e-01 3.630598807795475808e-02 5.563991564597326259e-03
3.250000000000001776e-01 2.795721177514571415e-02 5.608407103575978672e-03
3.300000000000001821e-01 3.281884926191442481e-02 5.605621401801788757e-03
3.350000000000001865e-01 2.760769746870235519e-02 5.567470510703691720e-03
3.400000000000001910e-01 3.577498175950906412e-02 5.404115540465883119e-03
3.450000000000001954e-01 3.096658061393280786e-02 5.561576744429314566e-03
3.500000000000001998e-01 2.636386915727440688e-02 5.088004183133346299e-03
3.550000000000002043e-01 3.281684185813660976e-02 5.335597895629907994e-03
3.600000000000002087e-01 2.664823230087161668e-02 5.226509586690649030e-03
3.650000000000002132e-01 2.129507449863623364e-02 5.411393212620919588e-03
3.700000000000002176e-01 2.984392020650563151e-02 5.165888964893290691e-03
3.750000000000002220e-01 2.726091707336539272e-02 4.979548537320970143e-03
3.800000000000002265e-01 2.704944605117906228e-02 4.960030204591944769e-03
3.850000000000002309e-01 2.340065681666609818e-02 5.073063408003084494e-03
3.900000000000002354e-01 2.388257261668523881e-02 4.771417137437115527e-03
3.950000000000002398e-01 2.491039644935996722e-02 4.890160791112763139e-03
4.000000000000002442e-01 2.457481312562422027e-02 4.746554092453819824e-03
4.050000000000002487e-01 2.739798704258656833e-02 5.401167693888071254e-03
4.100000000000002531e-01 2.580252357190694276e-02 5.184377309480884925e-03
4.150000000000002576e-01 2.050418076787598187e-02 5.402487470076405840e-03
4.200000000000002620e-01 2.354218214673300946e-02 4.649452840801231689e-03
4.250000000000002665e-01 2.574702663201941522e-02 4.616688429725612601e-03
4.300000000000002709e-01 2.436516071305423053e-02 4.739076885752494840e-03
4.350000000000002753e-01 2.250107114928720162e-02 4.790585395229200912e-03
4.400000000000002798e-01 2.364042428246559621e-02 4.596851143630802453e-03
4.450000000000002842e-01 2.521141015564655821e-02 4.512844692965646901e-03
4.500000000000002887e-01 2.663438280288331003e-02 4.623127583351874931e-03
4.550000000000002931e-01 1.879787928044100720e-02 4.442801390319150827e-03
4.600000000000002975e-01 2.838609597092553796e-02 4.469664372658935757e-03
4.650000000000003020e-01 2.066162116573863963e-02 4.344284756768209202e-03
4.700000000000003064e-01 1.914100480316545047e-02 4.487674129137277784e-03
4.750000000000003109e-01 1.682119145634213692e-02 4.259994140262890298e-03
4.800000000000003153e-01 2.454674155977320388e-02 4.574720374880884149e-03
4.850000000000003197e-01 2.447456910368072877e-02 4.284937609385791775e-03
4.900000000000003242e-01 1.891727996827009470e-02 4.330811013670081942e-03
4.950000000000003286e-01 2.156161439705356342e-02 4.161051079203644323e-03
5.000000000000000000e-01 2.284203704735330437e-02 4.828619279885236655e-03
5.100000000000000089e-01 1.885238069565162156e-02 3.083296028578995634e-03
5.200000000000000178e-01 1.957657947907363860e-02 2.879886543462364858e-03
5.300000000000000266e-01 1.863195236959098305e-02 2.916184625052588297e-03
5.400000000000000355e-01 2.043394345761358546e-02 2.844652543375568096e-03
5.500000000000000444e-01 1.985417891514767996e-02 2.794412113991294293e-03
5.600000000000000533e-01 2.168054657761996074e-02 2.709274991343548714e-03
5.700000000000000622e-01 1.797367046351579928e-02 2.697771345233359111e-03
5.800000000000000711e-01 1.790553676802087574e-02 2.724346599508452316e-03
5.900000000000000799e-01 1.897025818909843856e-02 2.678156665983348443e-03
6.000000000000000888e-01 1.808267272867567291e-02 2.733020790646098139e-03
6.100000000000000977e-01 2.065518541626498727e-02 2.715102279266547441e-03
6.200000000000001066e-01 1.600750719223857643e-02 2.636383553822222413e-03
6.300000000000001155e-01 1.804386080734049144e-02 2.612894911615568777e-03
6.400000000000001243e-01 1.684155794348190377e-02 2.582458269153882057e-03
6.500000000000001332e-01 1.971513883461610203e-02 2.551010862442367778e-03
6.600000000000001421e-01 1.548966948595026372e-02 2.528594572435556315e-03
6.700000000000001510e-01 1.853046923073398480e-02 2.580565667657452270e-03
6.800000000000001599e-01 1.673126846740047996e-02 2.532932365784567891e-03
6.900000000000001688e-01 1.430728898107776030e-02 2.538281180157291299e-03
7.000000000000001776e-01 1.396034065316426390e-02 2.564414156342282973e-03
7.100000000000001865e-01 1.300875557475702181e-02 2.525733007899413820e-03
7.200000000000001954e-01 1.073168716790526105e-02 2.569354817647790008e-03
7.300000000000002043e-01 1.275838647620975048e-02 2.576902378466135873e-03
7.400000000000002132e-01 1.471149656442916585e-02 2.555355835783451168e-03
7.500000000000002220e-01 1.445378012312746770e-02 2.533153204323404777e-03
7.600000000000002309e-01 1.407210790227814493e-02 2.547339718498425713e-03
7.700000000000002398e-01 1.363943304372640213e-02 2.568047589897721767e-03
7.800000000000002487e-01 1.234752722617530989e-02 2.640747332611932934e-03
7.900000000000002576e-01 1.035984068901520984e-02 2.648021311011992604e-03
8.000000000000002665e-01 1.170094271207934404e-02 2.603868939617689712e-03
8.100000000000002753e-01 1.430187008028842646e-02 2.585558369640620149e-03
8.200000000000002842e-01 8.807955576005804810e-03 2.622162245738471602e-03
8.300000000000002931e-01 1.282353340161867215e-02 2.675828374245951824e-03
8.400000000000003020e-01 1.157631611979112116e-02 2.709733749918506827e-03
8.500000000000003109e-01 1.133744532540380268e-02 2.687099062999648118e-03
8.600000000000003197e-01 1.065635200385497451e-02 2.695328869117603280e-03
8.700000000000003286e-01 9.483348315885049840e-03 2.686291812902837431e-03
8.800000000000003375e-01 1.372376773969650847e-02 2.622412326524129964e-03
8.900000000000003464e-01 1.051206596324793033e-02 2.545322027947545789e-03
9.000000000000003553e-01 1.135192326064202520e-02 2.520449260641542330e-03
9.100000000000003642e-01 1.236095684839599862e-02 2.559149583871396256e-03
9.200000000000003730e-01 1.239539394464951420e-02 2.530340268664414780e-03
9.300000000000003819e-01 1.356878164695045352e-02 2.546859218953775525e-03
9.400000000000003908e-01 1.144567252613804681e-02 2.553297689975992952e-03
9.500000000000003997e-01 1.134424637493264970e-02 2.599552146243897834e-03
9.600000000000004086e-01 7.460239574600321770e-03 2.592381080097675827e-03
9.700000000000004174e-01 1.364609651479704172e-02 2.624187293659591483e-03
9.800000000000004263e-01 9.716467591162720671e-03 2.695315973042532610e-03
9.900000000000004352e-01 8.444927844786790511e-03 2.702798682169560603e-03
1.000000000000000000e+00 9.837199515325373983e-03 2.748656355042543471e-03
1.030000000000000027e+00 1.183914406490263645e-02 1.699250292658260279e-03
1.060000000000000053e+00 1.157091735449497331e-02 1.802405573591386173e-03
1.090000000000000080e+00 1.084243688093658627e-02 1.898388453787134373e-03
1.120000000000000107e+00 1.075902775140491832e-02 1.891089927996525855e-03
1.150000000000000133e+00 1.140945271648173380e-02 1.904609183212107410e-03
1.180000000000000160e+00 1.247909758853440673e-02 2.187099840743469709e-03
1.210000000000000187e+00 1.288325610929542085e-02 2.451561776514508181e-03
1.240000000000000213e+00 1.332517671782988515e-02 2.641038020641589632e-03
1.270000000000000240e+00 1.183512879512223052e-02 2.872570616464919981e-03
1.300000000000000266e+00 1.329487649618275869e-02 3.142223043039452188e-03
1.330000000000000293e+00 1.275680294898178663e-02 3.538622667891188917e-03
1.360000000000000320e+00 1.305293430029226889e-02 3.975421628348221360e-03
1.390000000000000346e+00 1.303851993007503970e-02 5.136951934359684085e-03
1.420000000000000373e+00 1.250817725638768939e-02 5.431224313916324480e-03
1.450000000000000400e+00 1.581305024545841265e-02 5.571149679822433656e-03
1.480000000000000426e+00 1.354613462792703983e-02 6.119373672129832693e-03
1.510000000000000453e+00 1.352254280404621527e-02 6.820944294914269013e-03
1.540000000000000480e+00 1.366240583709140907e-02 7.663135930535542456e-03
1.570000000000000506e+00 1.185551969351653079e-02 8.610233675881954693e-03
1.600000000000000533e+00 1.123923931246215667e-02 9.633952500193136356e-03
1.630000000000000560e+00 1.230433584874922673e-02 1.079888163846534459e-02
1.660000000000000586e+00 1.202921399678215549e-02 1.206504558155995811e-02
1.690000000000000613e+00 1.070736455300242730e-02 1.332578141715869136e-02
1.720000000000000639e+00 1.010010952104256100e-02 1.462845055133406465e-02
1.750000000000000666e+00 9.873597170822466865e-03 1.612036815826814462e-02
1.780000000000000693e+00 7.765385855570934928e-03 1.863265627764749965e-02
1.810000000000000719e+00 6.516599882812249174e-03 2.094745861705907958e-02
1.840000000000000746e+00 3.996710558858257087e-03 2.223000060804171049e-02
1.870000000000000773e+00 3.184150711676907251e-03 2.283604938100138732e-02
1.900000000000000799e+00 1.998640030861168967e-03 2.374759358397601772e-02
1.930000000000000826e+00 -1.361370719129736647e-04 2.455354257624588546e-02
1.960000000000000853e+00 1.296536671946155281e-04 2.524171175167234243e-02
1.990000000000000879e+00 -1.489012699132979435e-03 3.547541061473355462e-02
2.020000000000000906e+00 -5.816752974672520331e-04 2.649656849489842592e-02
2.050000000000000711e+00 -1.815769517183591373e-03 2.637277681578825000e-02
2.080000000000000959e+00 -6.009586999301085161e-04 2.569820383603222194e-02
2.110000000000001208e+00 -3.540278772230571916e-04 2.460276624137159793e-02
2.140000000000001013e+00 -3.348632468892270213e-04 2.353328538715592985e-02
2.170000000000000817e+00 5.424167633605913100e-04 2.208171305497139136e-02
2.200000000000001066e+00 2.537681474925790499e-04 2.073285518272236297e-02
2.230000000000001315e+00 1.796670128790543112e-03 1.969245521639079871e-02
2.260000000000001119e+00 2.681575025810409209e-03 1.888579165607651503e-02
2.290000000000000924e+00 2.476359180401575756e-04 1.804343762139021604e-02
2.320000000000001172e+00 7.584855727286558824e-04 1.731184240545706812e-02
2.350000000000001421e+00 2.689941277363985892e-03 1.667760425268388635e-02
2.380000000000001226e+00 9.989119150292883470e-04 1.677036976833796642e-02
2.410000000000001030e+00 -5.975349825438054738e-04 1.699510053244791818e-02
2.440000000000001279e+00 3.918127765705925296e-03 1.609671329015903776e-02
2.470000000000001528e+00 3.035166717253858903e-03 1.585917157154877882e-02
2.500000000000001332e+00 4.285090796861052917e-03 1.545603581566211415e-02
2.530000000000001137e+00 2.766270982724962964e-03 1.534449239544411273e-02
2.560000000000001386e+00 1.384266516268690007e-03 1.537007276555596089e-02
2.590000000000001634e+00 3.140685674694481105e-03 1.544305130951681773e-02
2.620000000000001439e+00 4.904305706568352734e-03 1.551821530716871421e-02
2.650000000000001243e+00 6.854377870664163852e-04 1.572737041125624874e-02
2.680000000000001492e+00 2.794039500674824848e-03 1.631002704709308415e-02
2.710000000000001741e+00 3.633886106240565191e-03 1.675039622481911197e-02
2.740000000000001545e+00 1.690943149515515510e-03 1.702236922110676384e-02
2.770000000000001350e+00 4.000459242056186339e-03 1.716913104346228652e-02
2.800000000000001599e+00 1.952459042732223931e-03 1.721219212412098201e-02
2.830000000000001847e+00 3.136284671026594133e-03 1.717315145318926151e-02
2.860000000000001652e+00 2.755879945964679126e-03 1.704448939142922184e-02
2.890000000000001457e+00 1.577660777475816409e-03 1.686138593557977294e-02
2.920000000000001705e+00 1.930821957212582735e-03 1.658273583559416453e-02
2.950000000000001954e+00 3.868095614228806919e-03 1.631914596842280393e-02
2.980000000000001759e+00 1.836587209409305853e-03 1.616350271300774286e-02
3.010000000000001563e+00 4.702352819277362019e-03 1.565789598608756036e-02
3.040000000000001812e+00 3.864093357941941146e-03 1.536633739715186596e-02
3.070000000000002061e+00 1.742185412519332540e-03 1.465352604658397805e-02
3.100000000000001865e+00 3.858959891819954604e-03 1.457355519397805603e-02
3.130000000000001670e+00 1.656625866329633360e-03 1.544730949121823904e-02
3.160000000000001918e+00 2.659332612829789014e-03 1.501914519339400851e-02
3.190000000000002167e+00 3.913394139819323381e-03 1.532788023008720656e-02
