# q_A^-1 I sigma; buffer(220, 236); frames[159, 175]
6.000000000000000125e-03 2.749217541856826763e+00 6.761408667308883569e-01
7.000000000000000146e-03 2.061707795793342068e+00 3.136287969688625332e-01
8.000000000000000167e-03 2.029959152998702887e+00 1.922709365547252414e-01
9.000000000000001055e-03 1.841962001118452541e+00 1.254896228298278404e-01
1.000000000000000021e-02 1.693566871993471334e+00 9.333636886511940955e-02
1.099999999999999936e-02 1.470701063510221340e+00 7.511300134114763660e-02
1.200000000000000025e-02 1.609529025373152455e+00 6.518268468699808804e-02
1.300000000000000114e-02 1.678506887263931047e+00 5.669946104836434686e-02
1.400000000000000203e-02 1.618084383263317383e+00 5.163110392907992868e-02
1.499999999999999944e-02 1.582714621534342170e+00 4.651972881534517656e-02
1.600000000000000033e-02 1.570201209413564225e+00 4.253115523732473036e-02
1.700000000000000122e-02 1.589436116250314335e+00 3.867430791023016012e-02
1.800000000000000211e-02 1.539024315919254038e+00 3.616999212709860051e-02
1.899999999999999953e-02 1.552399264979630544e+00 3.418587140478723807e-02
2.000000000000000042e-02 1.523934984687212335e+00 3.226298136906546876e-02
2.100000000000000130e-02 1.554707781203342298e+00 3.068131204637668252e-02
2.200000000000000219e-02 1.515337530463002791e+00 2.932222170613966658e-02
2.300000000000000308e-02 1.474182270428225694e+00 2.814231276887198263e-02
2.400000000000000050e-02 1.436172481676688539e+00 2.720058709481284684e-02
2.500000000000000139e-02 1.428891710167280449e+00 2.620737230453926842e-02
2.600000000000000228e-02 1.420082452843508092e+00 2.558741896751042660e-02
2.699999999999999969e-02 1.399878157196068562e+00 2.480343025113269581e-02
2.800000000000000058e-02 1.384438868729381378e+00 2.403632882106940261e-02
2.900000000000000147e-02 1.376179785459034299e+00 2.361192257336088007e-02
3.000000000000000236e-02 1.370481112256592304e+00 2.317530679966208970e-02
3.100000000000000325e-02 1.350398093778995889e+00 2.259171469804591506e-02
3.200000000000000067e-02 1.327510887000727946e+00 2.207073852315389467e-02
3.300000000000000155e-02 1.313995197368670764e+00 2.158716554492398979e-02
3.400000000000000244e-02 1.260455931100597837e+00 2.111585362337076860e-02
3.499999999999999639e-02 1.290735656326194247e+00 2.076805851337109460e-02
3.599999999999999728e-02 1.247408121099121692e+00 2.045664724716826990e-02
3.699999999999999817e-02 1.240238302096117184e+00 2.027435008874456379e-02
3.799999999999999906e-02 1.225862722624308399e+00 1.985768396378508743e-02
3.899999999999999994e-02 1.192649204410229702e+00 1.933904770269049764e-02
4.000000000000000083e-02 1.164439765937405280e+00 1.924761437553522414e-02
4.100000000000000172e-02 1.137622353959961030e+00 1.892382688547872976e-02
4.199999999999999567e-02 1.164199833018009222e+00 1.870581086748687033e-02
4.299999999999999656e-02 1.103272096715149475e+00 1.831174250351058283e-02
4.399999999999999745e-02 1.059713023542453003e+00 1.800637254068698442e-02
4.499999999999999833e-02 1.067188453774174928e+00 1.797038326844359324e-02
4.599999999999999922e-02 1.054739103132033895e+00 1.752152532810347108e-02
4.700000000000000011e-02 1.053703839087642313e+00 1.715840003648491305e-02
4.800000000000000100e-02 1.028178698517303147e+00 1.688176101992764147e-02
4.899999999999999495e-02 9.688413727322898739e-01 1.682215816266685940e-02
5.000000000000000278e-02 9.661980693714781188e-01 1.657654375317656192e-02
5.200000000000000455e-02 9.290428598262133741e-01 1.149973796976296730e-02
5.400000000000000633e-02 9.010024399296767683e-01 1.114923529626949371e-02
5.600000000000000810e-02 8.443551909380719867e-01 1.121088891352403118e-02
5.800000000000000988e-02 8.391124232000274352e-01 1.140390616535323989e-02
6.000000000000001166e-02 7.892809576807531258e-01 1.128632465847047989e-02
6.200000000000001343e-02 7.615405995917453597e-01 1.089960029721193970e-02
6.400000000000001521e-02 7.337080696488319509e-01 1.052503451786311606e-02
6.600000000000001699e-02 7.088982730551417477e-01 1.030365862390749017e-02
6.800000000000001876e-02 6.730823276738936434e-01 1.005390394411004827e-02
7.000000000000002054e-02 6.496244201694255649e-01 9.889252317919944996e-03
7.200000000000002232e-02 6.092308758481431719e-01 9.666518047983657658e-03
7.400000000000002409e-02 6.039702666077790827e-01 9.736051579707936943e-03
7.600000000000002587e-02 5.754224281856233914e-01 9.624659317162402930e-03
7.800000000000002764e-02 5.566895669284381842e-01 9.337078154279957257e-03
8.000000000000002942e-02 5.345389409162478733e-01 9.440983494003451007e-03
8.200000000000003120e-02 5.118961176929782697e-01 9.505135398445845388e-03
8.400000000000003297e-02 4.991577333054000309e-01 9.437623831869867280e-03
8.600000000000003475e-02 4.750897792086127280e-01 9.108207789601745208e-03
8.800000000000003653e-02 4.621195439728381649e-01 9.048048234554767477e-03
9.000000000000003830e-02 4.424240334605426539e-01 9.136445825337005319e-03
9.200000000000004008e-02 4.268871190120614445e-01 9.095785834020604643e-03
9.400000000000004186e-02 4.174768048928215181e-01 8.994448526138214967e-03
9.600000000000004363e-02 4.025548992633845025e-01 8.981495071053313337e-03
9.800000000000004541e-02 3.845931172817866894e-01 8.948642674970542707e-03
1.000000000000000056e-01 3.681939780427956332e-01 8.921754229291332938e-03
1.050000000000000100e-01 3.418583909554369638e-01 5.537169864493603211e-03
1.100000000000000144e-01 3.156566715927560662e-01 5.430733456987725527e-03
1.150000000000000189e-01 2.908309325227934616e-01 5.332408916565881639e-03
1.200000000000000233e-01 2.598231366101523276e-01 5.226363564207310575e-03
1.250000000000000278e-01 2.418982202917205615e-01 5.205133352490291972e-03
1.300000000000000322e-01 2.199771925523586191e-01 5.352948538325380534e-03
1.350000000000000366e-01 2.025617970150563607e-01 5.171962146666896944e-03
1.400000000000000411e-01 1.835585799001541174e-01 5.062763996940102158e-03
1.450000000000000455e-01 1.741447768704058596e-01 4.973570199391492974e-03
1.500000000000000500e-01 1.622717965976161469e-01 5.008632920413331330e-03
1.550000000000000544e-01 1.524523114994896233e-01 5.146743763531395725e-03
1.600000000000000588e-01 1.324976178662649329e-01 5.194967340474394325e-03
1.650000000000000633e-01 1.329871007298210339e-01 5.210159156902106556e-03
1.700000000000000677e-01 1.191299021942399949e-01 5.259642554937001870e-03
1.750000000000000722e-01 1.073326881430628210e-01 5.258846037663921641e-03
1.800000000000000766e-01 1.045337954482186554e-01 5.224416889794326717e-03
1.850000000000000810e-01 9.975488046489200400e-02 5.201172188087862559e-03
1.900000000000000855e-01 8.387917970119944389e-02 5.165289953167008855e-03
1.950000000000000899e-01 8.533293560606783346e-02 5.212298195396228469e-03
2.000000000000000944e-01 8.191468673285821900e-02 4.828645114353870456e-03
2.050000000000000988e-01 7.321914699932914605e-02 4.961699173028379789e-03
2.100000000000001033e-01 7.222980191953283502e-02 4.860721850575983917e-03
2.150000000000001077e-01 6.263066493131730361e-02 4.913383795021579285e-03
2.200000000000001121e-01 6.520994984802006011e-02 4.710548089794048231e-03
2.250000000000001166e-01 5.895903964635132444e-02 4.653916338704999940e-03
2.300000000000001210e-01 6.412318906321576306e-02 4.689020834100915414e-03
2.350000000000001255e-01 5.142870213142589075e-02 4.629373983865387593e-03
2.400000000000001299e-01 6.328859823868349110e-02 4.766409690945117190e-03
2.450000000000001343e-01 5.023836456449747717e-02 4.937982679437233520e-03
2.500000000000001110e-01 5.108073951290895143e-02 4.805751961365493756e-03
2.550000000000001155e-01 4.911607698492572588e-02 5.129088651780432107e-03
2.600000000000001199e-01 4.355209375086297602e-02 4.994558495546010980e-03
2.650000000000001243e-01 3.925824195328369431e-02 5.206618885432640932e-03
2.700000000000001288e-01 4.606266667068886073e-02 5.266305945193447587e-03
2.750000000000001332e-01 4.066047364054475866e-02 4.971374339001066560e-03
2.800000000000001377e-01 4.438717303401643749e-02 5.591861980708206538e-03
2.850000000000001421e-01 3.307078980522075440e-02 5.157539434354924471e-03
2.900000000000001465e-01 4.107244396090933142e-02 5.376324517570741507e-03
2.950000000000001510e-01 2.954976473964737380e-02 5.268821560709364277e-03
3.000000000000001554e-01 3.486178677532819625e-02 5.338928674448048355e-03
3.050000000000001599e-01 2.827876050554406495e-02 5.222622560552439216e-03
3.100000000000001643e-01 3.868469669709943132e-02 5.217448256827207469e-03
3.150000000000001688e-01 3.773654773670319373e-02 5.214766269958478334e-03
3.200000000000001732e-01 3.196924197553156072e-02 4.928865777844300411e-03
3.250000000000001776e-01 3.447071586608606297e-02 4.922132449897612290e-03
3.300000000000001821e-01 3.262347575113463266e-02 4.999230199464401066e-03
3.350000000000001865e-01 3.129156222551411626e-02 4.821211410598664170e-03
3.400000000000001910e-01 3.414119841803809480e-02 4.824845032293389666e-03
3.450000000000001954e-01 3.152945218664960497e-02 4.899341651635673138e-03
3.500000000000001998e-01 2.754718937171030113e-02 4.591149185809309009e-03
3.550000000000002043e-01 3.048023120115147741e-02 4.802576619216711133e-03
3.600000000000002087e-01 2.540852911780739146e-02 4.636259283015201765e-03
3.650000000000002132e-01 2.633314462755052474e-02 4.725679295152525675e-03
3.700000000000002176e-01 2.487361377822798481e-02 4.584211270075320976e-03
3.750000000000002220e-01 2.871564600306852205e-02 4.432761914957828592e-03
3.800000000000002265e-01 2.491544861411915113e-02 4.371101969490854416e-03
3.850000000000002309e-01 2.674604787152020519e-02 4.449606064333873345e-03
3.900000000000002354e-01 2.651152814500579158e-02 4.229342388333448381e-03
3.950000000000002398e-01 3.029360363768490716e-02 4.352584515089457685e-03
4.000000000000002442e-01 2.095224204420571834e-02 4.216610754732022515e-03
4.050000000000002487e-01 2.782357982249795622e-02 4.781887761114782601e-03
4.100000000000002531e-01 2.731645200779775004e-02 4.577454355533328370e-03
4.150000000000002576e-01 2.160810548372587084e-02 4.815573026522601031e-03
4.200000000000002620e-01 2.603209530248492762e-02 4.167138722147122401e-03
4.250000000000002665e-01 2.443677939076692104e-02 4.118087160807738095e-03
4.300000000000002709e-01 2.090286666211823782e-02 4.215841210803887053e-03
4.350000000000002753e-01 2.559334466447812234e-02 4.203976225648866673e-03
4.400000000000002798e-01 2.788796956163443891e-02 4.092557918622658983e-03
4.450000000000002842e-01 2.408905672925282584e-02 3.991116453662500209e-03
4.500000000000002887e-01 2.374449602394936715e-02 4.126533077561987152e-03
4.550000000000002931e-01 1.360753618663856218e-02 3.944104755910563670e-03
4.600000000000002975e-01 2.237734481682388671e-02 3.962693428750781177e-03
4.650000000000003020e-01 1.695227264375591750e-02 3.908019840570714151e-03
4.700000000000003064e-01 2.131868488979416637e-02 4.010959849963694618e-03
4.750000000000003109e-01 1.938019937096521067e-02 3.787977748238898455e-03
4.800000000000003153e-01 2.259278691376147979e-02 4.068827261662419717e-03
4.850000000000003197e-01 2.065962069602111928e-02 3.834791989778570023e-03
4.900000000000003242e-01 1.707938251001919067e-02 3.886095676386511471e-03
4.950000000000003286e-01 2.217870121701326011e-02 3.670341403253493239e-03
5.000000000000000000e-01 2.223110580439503423e-02 4.280388386008252694e-03
5.100000000000000089e-01 1.892140135702356785e-02 2.732815193601248731e-03
5.200000000000000178e-01 1.985237001090814704e-02 2.534728192939258735e-03
5.300000000000000266e-01 2.047310581066993582e-02 2.575411989099908421e-03
5.400000000000000355e-01 2.036479339512440798e-02 2.516662598788740185e-03
5.500000000000000444e-01 1.790596438080057501e-02 2.469568116385428749e-03
5.600000000000000533e-01 2.140248468542309268e-02 2.408117875679887093e-03
5.700000000000000622e-01 1.654781251682170898e-02 2.366673676456370647e-03
5.800000000000000711e-01 1.785740565580910127e-02 2.416715600094176877e-03
5.900000000000000799e-01 1.486100522880517798e-02 2.372096635709841292e-03
6.000000000000000888e-01 1.544337261597833640e-02 2.451622924958173511e-03
6.100000000000000977e-01 2.190216549674950386e-02 2.386595438464650908e-03
6.200000000000001066e-01 1.575412292349957083e-02 2.351440861345221924e-03
6.300000000000001155e-01 1.625474692303204363e-02 2.328955505853590093e-03
6.400000000000001243e-01 1.762369051443446119e-02 2.284468040537249774e-03
6.500000000000001332e-01 1.574747089660983451e-02 2.271271740381325746e-03
6.600000000000001421e-01 1.996220647424905292e-02 2.251886184722328398e-03
6.700000000000001510e-01 1.602779487916152976e-02 2.294453831550709918e-03
6.800000000000001599e-01 1.683045103412763449e-02 2.264744073883390683e-03
6.900000000000001688e-01 1.576244017775494874e-02 2.259097848839727949e-03
7.000000000000001776e-01 1.632680683889587564e-02 2.276234043272248875e-03
7.100000000000001865e-01 1.288284062515676794e-02 2.236876887859280075e-03
7.200000000000001954e-01 1.334449520593701186e-02 2.267207795035018104e-03
7.300000000000002043e-01 1.359691183832520932e-02 2.257934983097334512e-03
7.400000000000002132e-01 1.479227463195410472e-02 2.272160300742198137e-03
7.500000000000002220e-01 1.346550552730217676e-02 2.247303762316141609e-03
7.600000000000002309e-01 1.410572401665015699e-02 2.266971586445231356e-03
7.700000000000002398e-01 1.660355885748016069e-02 2.281750248926379000e-03
7.800000000000002487e-01 1.397094600852734521e-02 2.337321996235810703e-03
7.900000000000002576e-01 1.525957152760567398e-02 2.340752382393006779e-03
8.000000000000002665e-01 1.260243041436304341e-02 2.313981214297889874e-03
8.100000000000002753e-01 1.526524311551422618e-02 2.299925466575018177e-03
8.200000000000002842e-01 1.042639624158744199e-02 2.312232500290189920e-03
8.300000000000002931e-01 1.482263353333861111e-02 2.364443739167638916e-03
8.400000000000003020e-01 1.138078285386996680e-02 2.391487719037983968e-03
8.500000000000003109e-01 1.304537318610050553e-02 2.377491197516194178e-03
8.600000000000003197e-01 1.087013691077505853e-02 2.413559768778907304e-03
8.700000000000003286e-01 1.068489519499010373e-02 2.396933105639022232e-03
8.800000000000003375e-01 1.452706797960646133e-02 2.323596886564994416e-03
8.900000000000003464e-01 1.258837714931138399e-02 2.249653456434149920e-03
9.000000000000003553e-01 1.284030970156513005e-02 2.233589704554074171e-03
9.100000000000003642e-01 1.241776702220268730e-02 2.286221548984002962e-03
9.200000000000003730e-01 1.106819739003517614e-02 2.254874926180091416e-03
9.300000000000003819e-01 1.381872675901124961e-02 2.260944276802658026e-03
9.400000000000003908e-01 1.086578414450742672e-02 2.263609500625258023e-03
9.500000000000003997e-01 1.082745591421581909e-02 2.301416077875455355e-03
9.600000000000004086e-01 7.789072639430974498e-03 2.298537395519643749e-03
9.700000000000004174e-01 1.287032865639304788e-02 2.327279559768114046e-03
9.800000000000004263e-01 1.078744958170099050e-02 2.389389741843125133e-03
9.900000000000004352e-01 1.029338427075199465e-02 2.409037500615758640e-03
1.000000000000000000e+00 1.149663324692581229e-02 2.432433075500311636e-03
1.030000000000000027e+00 1.162341320923739214e-02 1.510466292361093907e-03
1.060000000000000053e+00 1.090720829364531103e-02 1.599214961674527832e-03
1.090000000000000080e+00 1.052893402842206005e-02 1.689161283088285023e-03
1.120000000000000107e+00 1.058042791784665621e-02 1.679697246058490167e-03
1.150000000000000133e+00 1.086475862263302193e-02 1.694848315818453955e-03
1.180000000000000160e+00 1.381270132029587677e-02 1.943514981831354202e-03
1.210000000000000187e+00 1.274100953508776508e-02 2.177665643670234370e-03
1.240000000000000213e+00 1.267889026356815337e-02 2.345701906203063059e-03
1.270000000000000240e+00 1.203603459087735673e-02 2.553010019674019013e-03
1.300000000000000266e+00 1.336942548465233291e-02 2.791699384940094040e-03
1.330000000000000293e+00 1.295514045156383361e-02 3.143011818192552580e-03
1.360000000000000320e+00 1.322917075107537567e-02 3.532095789431235946e-03
1.390000000000000346e+00 1.348298470487935101e-02 4.559600404929682257e-03
1.420000000000000373e+00 1.365298452663414944e-02 4.813922507434386169e-03
1.450000000000000400e+00 1.445931226287952912e-02 4.948904723148671650e-03
1.480000000000000426e+00 1.502186672820544910e-02 5.435247838092352284e-03
1.510000000000000453e+00 1.480930960286919347e-02 6.057544941237166108e-03
1.540000000000000480e+00 1.543792540007609543e-02 6.808163202943537731e-03
1.570000000000000506e+00 1.414301819686106416e-02 7.649223851481209459e-03
1.600000000000000533e+00 1.326427194765427038e-02 8.556327791362582091e-03
1.630000000000000560e+00 1.273703927672679287e-02 9.588653980898184659e-03
1.660000000000000586e+00 1.522765593813252445e-02 1.071386343084646149e-02
1.690000000000000613e+00 1.217179477596192112e-02 1.182879934724273725e-02
1.720000000000000639e+00 9.535154310693214758e-03 1.298658858565460497e-02
1.750000000000000666e+00 1.042690577743369748e-02 1.431007349292722809e-02
1.780000000000000693e+00 1.038034761354153859e-02 1.653818943365869057e-02
1.810000000000000719e+00 7.350975435006497881e-03 1.859556756660056542e-02
1.840000000000000746e+00 5.591827466996418701e-03 1.973612767978586563e-02
1.870000000000000773e+00 2.815038189916282095e-03 2.027023431818806079e-02
1.900000000000000799e+00 3.268338603130328639e-03 2.107547054398926575e-02
1.930000000000000826e+00 1.441108859230033883e-03 2.179030917801490219e-02
1.960000000000000853e+00 1.174394168363671791e-03 2.240095013838763055e-02
1.990000000000000879e+00 1.664269864659518477e-04 3.148766399143110295e-02
2.020000000000000906e+00 -1.300917148813088249e-05 2.350843408919428210e-02
2.050000000000000711e+00 -1.363917262266851546e-03 2.339919683147803978e-02
2.080000000000000959e+00 -3.013657053542656734e-03 2.279817237631425950e-02
2.110000000000001208e+00 -3.350056927916537382e-05 2.182579072552753158e-02
2.140000000000001013e+00 -4.441222750525706565e-03 2.087620738102768242e-02
2.170000000000000817e+00 -4.608777102527075037e-03 1.958744271066147069e-02
2.200000000000001066e+00 -1.632694997061430236e-03 1.839571287209030431e-02
2.230000000000001315e+00 -2.196852030547713670e-03 1.747095764573997415e-02
2.260000000000001119e+00 -8.488251247392909369e-04 1.675311860152195118e-02
2.290000000000000924e+00 -2.838504525574923366e-03 1.600532840492989439e-02
2.320000000000001172e+00 -4.106393567248916091e-03 1.535338361942661413e-02
2.350000000000001421e+00 -1.942076565934017793e-03 1.478889997585260303e-02
2.380000000000001226e+00 -1.821490691356670091e-03 1.487041001739980786e-02
2.410000000000001030e+00 -3.151660191498069277e-03 1.506878287205949858e-02
2.440000000000001279e+00 -1.397861310573533713e-03 1.427075365904358246e-02
2.470000000000001528e+00 -1.968431485113526693e-03 1.405869711336411518e-02
2.500000000000001332e+00 -2.319613346486447489e-03 1.370275478282063919e-02
2.530000000000001137e+00 -2.595976017922144077e-03 1.360059792816784713e-02
2.560000000000001386e+00 -1.834857863772626626e-03 1.362332927903932636e-02
2.590000000000001634e+00 -5.317238852839293933e-04 1.368745111017382818e-02
2.620000000000001439e+00 -7.547727390419714088e-04 1.375745099040007191e-02
2.650000000000001243e+00 -1.625199958926101199e-03 1.393752495178419981e-02
2.680000000000001492e+00 -1.690734924949622263e-03 1.445860819910410253e-02
2.710000000000001741e+00 -9.603476139245899429e-04 1.485377632553761505e-02
2.740000000000001545e+00 -2.491457995431562138e-03 1.509114738126833034e-02
2.770000000000001350e+00 -1.372240907482642899e-03 1.522531957872074425e-02
2.800000000000001599e+00 -1.899768155834240290e-03 1.526126475584012668e-02
2.830000000000001847e+00 -2.031586846450390892e-04 1.522382023747770666e-02
2.860000000000001652e+00 6.683564297312760043e-04 1.511505659788898136e-02
2.890000000000001457e+00 -3.104124889239278555e-04 1.495095747435993411e-02
2.920000000000001705e+00 7.624537170395056379e-04 1.470681658176757611e-02
2.950000000000001954e+00 2.167554541448400360e-03 1.446572463051697295e-02
2.980000000000001759e+00 -6.921423891200655706e-04 1.433301781409717160e-02
3.010000000000001563e+00 1.291030949437463413e-03 1.388533431328610804e-02
3.040000000000001812e+00 7.411013550818971313e-04 1.362714510746987871e-02
3.070000000000002061e+00 1.528818375223547476e-04 1.299434018748937998e-02
3.100000000000001865e+00 1.770819809481783118e-04 1.292493454205589920e-02
3.130000000000001670e+00 1.030305336729578488e-03 1.369946026589704061e-02
3.160000000000001918e+00 9.590321494614830822e-04 1.331971665757689799e-02
3.190000000000002167e+00 1.618276515577119065e-03 1.360542561395024740e-02
