6.000000000000000125e-03 3.292237574385460608e+00 5.585190964093275090e-01
7.000000000000000146e-03 2.596698802938103956e+00 2.600569011231346761e-01
8.000000000000000167e-03 2.377970187055547857e+00 1.585357626083490346e-01
9.000000000000001055e-03 2.162305285433307578e+00 1.048381014828285024e-01
1.000000000000000021e-02 1.959318261264239247e+00 7.683799367553567627e-02
1.099999999999999936e-02 1.803630580611559120e+00 6.263089406612382115e-02
1.200000000000000025e-02 1.741272563200694901e+00 5.445604188335453899e-02
1.300000000000000114e-02 1.709247157701321962e+00 4.715301952847859163e-02
1.400000000000000203e-02 1.733047978770408060e+00 4.300604609669823192e-02
1.499999999999999944e-02 1.680008841768124483e+00 3.889026464350605478e-02
1.600000000000000033e-02 1.617853407283379452e+00 3.565225843101822722e-02
1.700000000000000122e-02 1.674442993427502246e+00 3.243291237552069911e-02
1.800000000000000211e-02 1.602921948270011443e+00 3.026841630701820884e-02
1.899999999999999953e-02 1.566336609480542208e+00 2.875822256174197927e-02
2.000000000000000042e-02 1.534345056304531107e+00 2.724541768183024945e-02
2.100000000000000130e-02 1.553164031540319012e+00 2.577410427347063757e-02
2.200000000000000219e-02 1.513938021991611427e+00 2.473254676105101496e-02
2.300000000000000308e-02 1.512016313416685964e+00 2.356815705111183282e-02
2.400000000000000050e-02 1.481811383647399838e+00 2.280677584905706906e-02
2.500000000000000139e-02 1.471113068212153818e+00 2.205784653509638982e-02
2.600000000000000228e-02 1.411258400172922700e+00 2.160760116919450621e-02
2.699999999999999969e-02 1.390412263612051502e+00 2.094199524236770374e-02
2.800000000000000058e-02 1.395631301184744988e+00 2.016696532975963130e-02
2.900000000000000147e-02 1.377579130152718045e+00 1.985122738155401315e-02
3.000000000000000236e-02 1.344545482256296554e+00 1.947048251316745721e-02
3.100000000000000325e-02 1.338579297371222943e+00 1.905460658114205633e-02
3.200000000000000067e-02 1.322749338134208807e+00 1.860479905406192680e-02
3.300000000000000155e-02 1.311058297675704809e+00 1.817680423455408575e-02
3.400000000000000244e-02 1.265588085286323494e+00 1.776333354253873190e-02
3.499999999999999639e-02 1.275010649718184341e+00 1.749721971303577414e-02
3.599999999999999728e-02 1.243238864061405380e+00 1.728003244752815068e-02
3.699999999999999817e-02 1.232999689868901960e+00 1.700740521100603184e-02
3.799999999999999906e-02 1.194901395588403137e+00 1.671920587918646409e-02
3.899999999999999994e-02 1.167094072638173774e+00 1.634574443283525608e-02
4.000000000000000083e-02 1.172088099864937671e+00 1.621426550927479102e-02
4.100000000000000172e-02 1.116257900501946398e+00 1.586891289895253632e-02
4.199999999999999567e-02 1.125756545490308902e+00 1.576639344310936178e-02
4.299999999999999656e-02 1.078470374897035233e+00 1.532600281168508896e-02
4.399999999999999745e-02 1.034445233241726214e+00 1.513423962516530739e-02
4.499999999999999833e-02 1.054151165132633627e+00 1.514617228947288084e-02
4.599999999999999922e-02 1.014756739464930613e+00 1.472503516831898639e-02
4.700000000000000011e-02 1.019251515433255317e+00 1.446209361168250898e-02
4.800000000000000100e-02 1.001090543301556446e+00 1.418888079623852570e-02
4.899999999999999495e-02 9.676756689775868336e-01 1.414015858654537119e-02
5.000000000000000278e-02 9.260647536416767300e-01 1.392315635276013784e-02
5.200000000000000455e-02 9.148465212730139129e-01 9.644097860471267936e-03
5.400000000000000633e-02 8.783600130380456728e-01 9.375739464568020459e-03
5.600000000000000810e-02 8.294864369600665199e-01 9.400558022740713657e-03
5.800000000000000988e-02 8.208108771859000674e-01 9.548488851066943423e-03
6.000000000000001166e-02 7.685691755990722296e-01 9.479214599279460821e-03
6.200000000000001343e-02 7.468123762028464618e-01 9.109919415915887844e-03
6.400000000000001521e-02 7.166386281583653206e-01 8.820131864889566367e-03
6.600000000000001699e-02 6.836248204994498368e-01 8.632748603282910591e-03
6.800000000000001876e-02 6.487390114673361463e-01 8.392311550871908374e-03
7.000000000000002054e-02 6.376699728603836270e-01 8.259973818920919239e-03
7.200000000000002232e-02 6.161477828642613064e-01 8.059316593401665008e-03
7.400000000000002409e-02 5.872725388253767775e-01 8.120315612288564813e-03
7.600000000000002587e-02 5.694997691427405861e-01 8.026687629334890856e-03
7.800000000000002764e-02 5.320894650263289227e-01 7.795898533371875203e-03
8.000000000000002942e-02 5.241270656066212563e-01 7.871436345920721639e-03
8.200000000000003120e-02 5.079038471336683180e-01 7.932970764684021958e-03
8.400000000000003297e-02 4.855743298434038180e-01 7.859325143413432510e-03
8.600000000000003475e-02 4.623434959015210732e-01 7.595526281581862008e-03
8.800000000000003653e-02 4.464596910085455450e-01 7.537561741054569185e-03
9.000000000000003830e-02 4.295673659060915139e-01 7.599502951118830563e-03
9.200000000000004008e-02 4.157501914019841593e-01 7.561278011246001796e-03
9.400000000000004186e-02 3.948343140622103675e-01 7.491503429087793126e-03
9.600000000000004363e-02 3.813307522181103582e-01 7.455697873261398802e-03
9.800000000000004541e-02 3.740859985724786507e-01 7.444797206422200039e-03
1.000000000000000056e-01 3.554348433526320905e-01 7.414430846967083773e-03
1.050000000000000100e-01 3.330793089107752514e-01 4.602620110608282925e-03
1.100000000000000144e-01 3.057903212856784014e-01 4.513647142899547202e-03
1.150000000000000189e-01 2.860488185788891968e-01 4.423962391286160624e-03
1.200000000000000233e-01 2.540510594681381074e-01 4.338688287284345017e-03
1.250000000000000278e-01 2.373482844905031308e-01 4.317094066803800825e-03
1.300000000000000322e-01 2.163801666128075396e-01 4.439535744989810823e-03
1.350000000000000366e-01 1.977832061895341276e-01 4.277841220660567184e-03
1.400000000000000411e-01 1.823096778344782676e-01 4.189815794767862145e-03
1.450000000000000455e-01 1.626062550641564353e-01 4.119954433709222506e-03
1.500000000000000500e-01 1.581986193936264773e-01 4.143194110289629209e-03
1.550000000000000544e-01 1.485285275743603306e-01 4.266729967820624345e-03
1.600000000000000588e-01 1.428508080329904395e-01 4.300518365593089358e-03
1.650000000000000633e-01 1.316886310020854156e-01 4.314971356085976588e-03
1.700000000000000677e-01 1.189872554232664914e-01 4.350115118140845949e-03
1.750000000000000722e-01 1.071271066182528098e-01 4.349143997508258912e-03
1.800000000000000766e-01 1.011560661724053012e-01 4.327662224214904804e-03
1.850000000000000810e-01 9.678962258123219309e-02 4.297203620778624125e-03
1.900000000000000855e-01 8.172284059338728868e-02 4.268336108867608683e-03
1.950000000000000899e-01 8.788909129222065297e-02 4.308079718994890783e-03
2.000000000000000944e-01 8.543704088885714643e-02 4.000910535747685681e-03
2.050000000000000988e-01 6.962114670589626686e-02 4.087362906800457406e-03
2.100000000000001033e-01 6.827441965923262968e-02 4.041718302218152981e-03
2.150000000000001077e-01 6.280189027197292939e-02 4.034198164053342216e-03
2.200000000000001121e-01 6.245952198046192394e-02 3.938897830245455950e-03
2.250000000000001166e-01 5.966931989119023810e-02 3.867235431285265430e-03
2.300000000000001210e-01 6.243337555436410946e-02 3.864427785237606414e-03
2.350000000000001255e-01 5.390659358592246597e-02 3.799459348546847456e-03
2.400000000000001299e-01 6.391837550979938276e-02 3.965462310780690572e-03
2.450000000000001343e-01 5.209504406266376314e-02 4.099750199739868838e-03
2.500000000000001110e-01 5.063000894453934669e-02 3.979870610942917719e-03
2.550000000000001155e-01 4.438253830228056085e-02 4.188078120802817862e-03
2.600000000000001199e-01 4.290957881276066116e-02 4.117922605476429833e-03
2.650000000000001243e-01 3.877281114431498088e-02 4.271272470277462374e-03
2.700000000000001288e-01 4.510836718196497425e-02 4.413276854164883620e-03
2.750000000000001332e-01 4.206549168193449151e-02 4.129103939234703320e-03
2.800000000000001377e-01 4.063427944794986008e-02 4.590816464127644471e-03
2.850000000000001421e-01 3.222923272954598961e-02 4.240344665815832213e-03
2.900000000000001465e-01 4.024840432005297175e-02 4.413653483745212311e-03
2.950000000000001510e-01 3.263997231120406572e-02 4.326552661983180080e-03
3.000000000000001554e-01 3.326220627563154092e-02 4.414991274797317768e-03
3.050000000000001599e-01 3.356104541357921023e-02 4.336872990535900127e-03
3.100000000000001643e-01 3.446072804803518991e-02 4.296875527458899821e-03
3.150000000000001688e-01 3.273834981052441834e-02 4.269276893032472424e-03
3.200000000000001732e-01 3.659513549688404865e-02 4.049401719040150553e-03
3.250000000000001776e-01 2.912431598186093068e-02 4.108303030605067740e-03
3.300000000000001821e-01 3.127310420156174942e-02 4.083742715475306186e-03
3.350000000000001865e-01 3.097861056874141872e-02 4.022608572401189381e-03
3.400000000000001910e-01 3.037109211333207520e-02 3.960569629716857373e-03
3.450000000000001954e-01 3.033794342175726369e-02 4.090484870270096572e-03
3.500000000000001998e-01 2.751333995439197294e-02 3.731770510341471479e-03
3.550000000000002043e-01 3.336851304564895926e-02 3.946295866190453402e-03
3.600000000000002087e-01 2.239201200947866024e-02 3.836633276874032699e-03
3.650000000000002132e-01 2.439383919208356830e-02 3.915885741547959348e-03
3.700000000000002176e-01 2.790393659143269520e-02 3.795843194107200065e-03
3.750000000000002220e-01 2.654100829880891646e-02 3.644612695781106106e-03
3.800000000000002265e-01 2.977926937910428673e-02 3.631752300741534351e-03
3.850000000000002309e-01 2.457744329133716363e-02 3.667104864588416075e-03
3.900000000000002354e-01 2.608966604720010934e-02 3.493281163793169122e-03
3.950000000000002398e-01 2.548431321352753742e-02 3.585537204458637273e-03
4.000000000000002442e-01 2.520301250130315904e-02 3.516789041578823483e-03
4.050000000000002487e-01 2.668423535465841087e-02 3.959727797992203258e-03
4.100000000000002531e-01 2.656436519536585147e-02 3.784109798995035408e-03
4.150000000000002576e-01 2.019952983902299770e-02 3.980093902470661221e-03
4.200000000000002620e-01 2.245746076839175154e-02 3.426761079199439498e-03
4.250000000000002665e-01 2.089166953817307715e-02 3.416323709808835596e-03
4.300000000000002709e-01 1.986655470924069203e-02 3.488404750874814220e-03
4.350000000000002753e-01 2.220141715330448823e-02 3.472690675241107885e-03
4.400000000000002798e-01 2.418296499826451049e-02 3.375744913272077288e-03
4.450000000000002842e-01 2.210791123958096710e-02 3.291583513398352312e-03
4.500000000000002887e-01 2.329333491023358529e-02 3.372284877109282038e-03
4.550000000000002931e-01 1.693391291552022102e-02 3.271014998724281701e-03
4.600000000000002975e-01 2.490328586520420412e-02 3.276584853114512981e-03
4.650000000000003020e-01 1.947668336071256209e-02 3.212642602116734438e-03
4.700000000000003064e-01 2.194845977749269525e-02 3.322434367230298665e-03
4.750000000000003109e-01 1.948676728417540055e-02 3.110800394540643582e-03
4.800000000000003153e-01 2.075889681090511626e-02 3.365178079397092986e-03
4.850000000000003197e-01 2.276572691154839928e-02 3.167817197936630049e-03
4.900000000000003242e-01 1.674428673992290825e-02 3.192193462388694895e-03
4.950000000000003286e-01 1.813354318755449474e-02 3.024329710218274028e-03
5.000000000000000000e-01 2.080322204384774457e-02 3.566590491535452222e-03
5.100000000000000089e-01 1.954205734410839265e-02 2.253287893249135768e-03
5.200000000000000178e-01 1.831705923608301784e-02 2.103698083021581997e-03
5.300000000000000266e-01 1.862677596626509391e-02 2.132165302620763619e-03
5.400000000000000355e-01 2.075827120734244705e-02 2.082227514111624662e-03
5.500000000000000444e-01 2.004928327592866641e-02 2.048747195904231273e-03
5.600000000000000533e-01 2.054466675061613831e-02 1.979787735478088367e-03
5.700000000000000622e-01 1.636943308757018989e-02 1.961031767999704863e-03
5.800000000000000711e-01 1.735954180912590086e-02 1.991505335762292286e-03
5.900000000000000799e-01 1.644073769962631215e-02 1.968667272733306325e-03
6.000000000000000888e-01 1.640665072917748754e-02 2.023390207915691952e-03
6.100000000000000977e-01 1.816253302658912827e-02 1.975783823770252152e-03
6.200000000000001066e-01 1.419335720127870050e-02 1.930921804610504682e-03
6.300000000000001155e-01 1.782862341046242277e-02 1.918015512649911148e-03
6.400000000000001243e-01 1.461706661622932252e-02 1.885808853687780291e-03
6.500000000000001332e-01 1.769048487359501168e-02 1.865980511970440807e-03
6.600000000000001421e-01 1.490651935774932151e-02 1.846618025815951114e-03
6.700000000000001510e-01 1.542197771636981407e-02 1.903878772660544828e-03
6.800000000000001599e-01 1.606207801020403947e-02 1.857549752952913566e-03
6.900000000000001688e-01 1.374641561828170155e-02 1.853488175377457272e-03
7.000000000000001776e-01 1.421856889320746373e-02 1.887075910672109114e-03
7.100000000000001865e-01 1.457853366290709843e-02 1.842931630209568034e-03
7.200000000000001954e-01 1.194798700551832904e-02 1.871182093855577920e-03
7.300000000000002043e-01 1.230486746711970461e-02 1.877825537773365619e-03
7.400000000000002132e-01 1.453823582289499872e-02 1.874944645566109600e-03
7.500000000000002220e-01 1.252762027577241852e-02 1.852782570742967077e-03
7.600000000000002309e-01 1.285222598869567405e-02 1.867157659522226910e-03
7.700000000000002398e-01 1.479311210084673610e-02 1.889340646041403737e-03
7.800000000000002487e-01 1.302631649058626911e-02 1.931915626765064089e-03
7.900000000000002576e-01 1.169553058685725636e-02 1.932878803178804351e-03
8.000000000000002665e-01 1.315054099672296681e-02 1.911023969267679114e-03
8.100000000000002753e-01 1.438517261341983912e-02 1.891059055683878137e-03
8.200000000000002842e-01 1.005786807056840461e-02 1.916633179765615423e-03
8.300000000000002931e-01 1.330348109496174401e-02 1.953837947944207006e-03
8.400000000000003020e-01 1.137797916595613412e-02 1.982026409009090932e-03
8.500000000000003109e-01 1.229466767359199512e-02 1.966069311579053767e-03
8.600000000000003197e-01 1.101497451255372372e-02 1.976776926445915177e-03
8.700000000000003286e-01 9.777473266283729508e-03 1.968439361235314010e-03
8.800000000000003375e-01 1.203947999276348824e-02 1.918254124890297852e-03
8.900000000000003464e-01 1.120661696476330828e-02 1.858155038974515028e-03
9.000000000000003553e-01 1.319918591792006504e-02 1.852183446898721456e-03
9.100000000000003642e-01 1.192152791840615615e-02 1.887407879394097489e-03
9.200000000000003730e-01 1.129611382447526062e-02 1.857632131587188965e-03
9.300000000000003819e-01 1.233290169017610405e-02 1.864448339467847382e-03
9.400000000000003908e-01 1.151419127308744329e-02 1.866883536380510057e-03
9.500000000000003997e-01 1.236105617465786330e-02 1.901234731549892622e-03
9.600000000000004086e-01 8.409080886848668487e-03 1.896031048911603996e-03
9.700000000000004174e-01 1.173887384672770220e-02 1.925004172907897543e-03
9.800000000000004263e-01 1.047187879105264049e-02 1.971023023308595204e-03
9.900000000000004352e-01 9.263804127696975005e-03 1.984131010698870698e-03
1.000000000000000000e+00 1.092198817566424930e-02 2.011751911739779585e-03
1.030000000000000027e+00 1.123070689169957878e-02 1.244941700984502925e-03
1.060000000000000053e+00 1.086768656557433009e-02 1.320161083496214968e-03
1.090000000000000080e+00 1.092144817629387560e-02 1.390518713829943815e-03
1.120000000000000107e+00 1.060093095293572485e-02 1.386565959840190161e-03
1.150000000000000133e+00 1.111883069452119545e-02 1.396734148823242528e-03
1.180000000000000160e+00 1.249200959187446273e-02 1.602540720719327922e-03
1.210000000000000187e+00 1.266642230294169266e-02 1.795871652290499491e-03
1.240000000000000213e+00 1.301412931181390731e-02 1.935154055641229599e-03
1.270000000000000240e+00 1.213269503978208971e-02 2.105393070557712992e-03
1.300000000000000266e+00 1.301836308776710069e-02 2.303610555195402011e-03
1.330000000000000293e+00 1.274900173925415728e-02 2.591927408690364917e-03
1.360000000000000320e+00 1.298226831455960226e-02 2.913060738024474301e-03
1.390000000000000346e+00 1.323416823164850348e-02 3.761480096281443093e-03
1.420000000000000373e+00 1.335689281640974405e-02 3.973069611955275596e-03
1.450000000000000400e+00 1.498451550974997347e-02 4.081931525186803349e-03
1.480000000000000426e+00 1.462680586475817966e-02 4.483463107741622079e-03
1.510000000000000453e+00 1.391757601353414177e-02 4.996750576737060343e-03
1.540000000000000480e+00 1.493161684380681260e-02 5.613754387269501503e-03
1.570000000000000506e+00 1.374386234240783031e-02 6.308176092607396986e-03
1.600000000000000533e+00 1.325784146152779105e-02 7.057284951682652428e-03
1.630000000000000560e+00 1.323358121877595689e-02 7.909506098852709180e-03
1.660000000000000586e+00 1.355632504790260824e-02 8.837554224418040644e-03
1.690000000000000613e+00 1.119744969536656636e-02 9.757908531792534521e-03
1.720000000000000639e+00 1.032928915632757433e-02 1.071237714525995546e-02
1.750000000000000666e+00 1.038988252361000043e-02 1.180456974688360271e-02
1.780000000000000693e+00 7.907643325745660270e-03 1.364450422341600792e-02
1.810000000000000719e+00 7.630525699582324343e-03 1.533914646132873531e-02
1.840000000000000746e+00 5.720332175143519327e-03 1.627543477304971981e-02
1.870000000000000773e+00 3.930279942534409959e-03 1.671779835488337862e-02
1.900000000000000799e+00 3.278830653465139577e-03 1.738400566358272448e-02
1.930000000000000826e+00 1.284398125662269616e-03 1.797204756706621484e-02
1.960000000000000853e+00 6.018517235001499084e-04 1.847781246182599729e-02
1.990000000000000879e+00 -6.656809501015130718e-04 2.598342772074086968e-02
2.020000000000000906e+00 -1.078808278891091538e-03 1.939328017410912874e-02
2.050000000000000711e+00 -1.531583681578292709e-03 1.930092938404436020e-02
2.080000000000000959e+00 -1.599936508736078157e-03 1.880733066294158415e-02
2.110000000000001208e+00 -1.074137609731822722e-03 1.800365256386877652e-02
2.140000000000001013e+00 -3.145213416128922555e-03 1.722204584871207811e-02
2.170000000000000817e+00 -3.400345716584851716e-03 1.615691164359038187e-02
2.200000000000001066e+00 -2.835349453865110454e-03 1.517296940117933944e-02
2.230000000000001315e+00 -2.032553051057597263e-03 1.441173777533165737e-02
2.260000000000001119e+00 -9.231711751900168730e-04 1.381834336369915615e-02
2.290000000000000924e+00 -2.566291943030128003e-03 1.320435807335896758e-02
2.320000000000001172e+00 -3.458371804892312103e-03 1.266463678556283001e-02
2.350000000000001421e+00 -1.080210629982011504e-03 1.220123630716593750e-02
2.380000000000001226e+00 -2.022376623975774904e-03 1.226781294792274150e-02
2.410000000000001030e+00 -2.479487771733747056e-03 1.243062602788070140e-02
2.440000000000001279e+00 -1.029011399304171140e-03 1.177442829383396061e-02
2.470000000000001528e+00 -1.665948107155742390e-03 1.160015429803637824e-02
2.500000000000001332e+00 -1.174476749978833629e-03 1.130769355715787773e-02
2.530000000000001137e+00 -1.795476585607317039e-03 1.122312560824773563e-02
2.560000000000001386e+00 -2.221763072385616461e-03 1.124016698550952750e-02
2.590000000000001634e+00 -6.981985020909337427e-04 1.129533355402308897e-02
2.620000000000001439e+00 4.776899077743596424e-04 1.135153619043935067e-02
2.650000000000001243e+00 -1.259954437696049522e-03 1.149998335565233752e-02
2.680000000000001492e+00 -1.155022638538262319e-03 1.192969928294183683e-02
2.710000000000001741e+00 3.766739601955434676e-04 1.225256894628049681e-02
2.740000000000001545e+00 -2.001748875119763356e-03 1.245182506454425506e-02
2.770000000000001350e+00 -1.596829619748427946e-04 1.256349527488891983e-02
2.800000000000001599e+00 -5.681331273858874998e-04 1.258976529872437612e-02
2.830000000000001847e+00 -9.081792731701188290e-06 1.256100857175384243e-02
2.860000000000001652e+00 1.466097460862629499e-03 1.247011750152943882e-02
2.890000000000001457e+00 -4.638464840574641596e-04 1.233405042410316323e-02
2.920000000000001705e+00 4.368373536203836046e-04 1.213558190055974775e-02
2.950000000000001954e+00 6.679250501962019984e-04 1.193846750635909996e-02
2.980000000000001759e+00 3.351188213352468566e-04 1.182586250806117595e-02
3.010000000000001563e+00 1.654807480966410688e-03 1.145624658340722683e-02
3.040000000000001812e+00 5.383595315664630203e-04 1.123915944148004900e-02
3.070000000000002061e+00 4.132395827649163801e-04 1.072012938760888087e-02
3.100000000000001865e+00 8.818460585737190492e-04 1.066262108094091429e-02
3.130000000000001670e+00 2.900786669888883113e-04 1.130123152951260923e-02
3.160000000000001918e+00 1.185281744105805019e-03 1.099068666326950654e-02
3.190000000000002167e+00 2.114299422411463486e-03 1.122624503182732651e-02
