# q_A^-1 I sigma; buffer(220, 236); frames[135, 145]
6.000000000000000125e-03 3.740292728420390400e+00 7.749886791813918041e-01
7.000000000000000146e-03 2.251477631551424885e+00 3.544849358139148809e-01
8.000000000000000167e-03 1.656149042489966083e+00 2.179973388098682963e-01
9.000000000000001055e-03 1.049103527311875617e+00 1.404953228384984987e-01
1.000000000000000021e-02 9.056072653160962549e-01 1.042561481889478919e-01
1.099999999999999936e-02 6.865860607988518716e-01 8.416688431524467495e-02
1.200000000000000025e-02 8.067314528484358371e-01 7.337251933880212240e-02
1.300000000000000114e-02 8.569878945056628172e-01 6.334989144163188923e-02
1.400000000000000203e-02 7.616971675265410413e-01 5.733210158161092251e-02
1.499999999999999944e-02 6.674707652555733617e-01 5.176247594472666025e-02
1.600000000000000033e-02 6.527836600038237069e-01 4.678686342708337359e-02
1.700000000000000122e-02 6.255595082997457146e-01 4.251735099798115147e-02
1.800000000000000211e-02 6.458649181138468309e-01 3.977692274727141764e-02
1.899999999999999953e-02 6.405815588020706830e-01 3.744373141114589604e-02
2.000000000000000042e-02 5.708599865321044575e-01 3.518144879155427063e-02
2.100000000000000130e-02 6.153935097314524594e-01 3.359706870045253702e-02
2.200000000000000219e-02 5.948563745752699639e-01 3.208873318196984320e-02
2.300000000000000308e-02 5.760358705621293485e-01 3.071344215506497874e-02
2.400000000000000050e-02 5.113009435575448514e-01 2.973621295341032783e-02
2.500000000000000139e-02 5.309847958806633850e-01 2.870515645113579789e-02
2.600000000000000228e-02 5.419237990707490571e-01 2.800477679544235987e-02
2.699999999999999969e-02 5.578643397367043510e-01 2.702097016077498193e-02
2.800000000000000058e-02 4.904972822415835099e-01 2.637351359051605740e-02
2.900000000000000147e-02 4.942172189518606595e-01 2.560479350909766055e-02
3.000000000000000236e-02 5.176418386892279733e-01 2.528561447771184717e-02
3.100000000000000325e-02 5.210279178870329542e-01 2.472273644809168044e-02
3.200000000000000067e-02 4.722787757788023399e-01 2.398198196569707383e-02
3.300000000000000155e-02 4.795339359236937549e-01 2.342850562214165988e-02
3.400000000000000244e-02 4.607950858627924973e-01 2.312194005178402206e-02
3.499999999999999639e-02 4.479944341171478994e-01 2.253695402939202147e-02
3.599999999999999728e-02 4.335259217981349833e-01 2.233908579599829664e-02
3.699999999999999817e-02 4.228397037267679348e-01 2.197938197516711295e-02
3.799999999999999906e-02 4.361289953571657052e-01 2.168079611903384399e-02
3.899999999999999994e-02 4.262616057481764531e-01 2.111667955819857695e-02
4.000000000000000083e-02 3.841927875976561824e-01 2.096323902681091964e-02
4.100000000000000172e-02 3.893053532159961860e-01 2.070182579558039679e-02
4.199999999999999567e-02 3.780298424894611431e-01 2.034233802359259116e-02
4.299999999999999656e-02 3.571351697238427381e-01 2.000601261153851090e-02
4.399999999999999745e-02 3.622652030883055096e-01 1.980051070889335754e-02
4.499999999999999833e-02 3.805706259804637615e-01 1.962312616008551891e-02
4.599999999999999922e-02 3.760029510406638908e-01 1.919004486057590206e-02
4.700000000000000011e-02 3.353992058894187389e-01 1.883641955575081003e-02
4.800000000000000100e-02 3.576735555958950874e-01 1.853730615585546387e-02
4.899999999999999495e-02 2.903385918910811880e-01 1.847839306765860015e-02
5.000000000000000278e-02 3.117708610482946008e-01 1.817908035800501476e-02
5.200000000000000455e-02 2.838594324684329817e-01 1.261612398428602067e-02
5.400000000000000633e-02 2.719897469766190956e-01 1.221916601399054315e-02
5.600000000000000810e-02 2.513281446172468403e-01 1.231115909343133766e-02
5.800000000000000988e-02 2.526894396386418773e-01 1.248989412751725335e-02
6.000000000000001166e-02 2.419126360787385577e-01 1.242201512427148526e-02
6.200000000000001343e-02 2.111712620849252042e-01 1.201082679931289240e-02
6.400000000000001521e-02 2.094837780242324587e-01 1.159377059550121582e-02
6.600000000000001699e-02 2.133300234986060251e-01 1.138986653944766385e-02
6.800000000000001876e-02 1.856932669930955460e-01 1.105884874254724030e-02
7.000000000000002054e-02 1.839698736310068361e-01 1.091579981800911738e-02
7.200000000000002232e-02 1.618907742040605335e-01 1.067711084406818521e-02
7.400000000000002409e-02 1.567841343401068788e-01 1.074574318641524813e-02
7.600000000000002587e-02 1.424781737824251382e-01 1.062264565433348844e-02
7.800000000000002764e-02 1.410675112151128507e-01 1.032635050640739842e-02
8.000000000000002942e-02 1.206650147000074141e-01 1.045142490273552952e-02
8.200000000000003120e-02 1.112269633258300694e-01 1.050065782518764743e-02
8.400000000000003297e-02 1.304743475285270182e-01 1.047695929247284205e-02
8.600000000000003475e-02 1.050424978963086786e-01 1.009560803154625416e-02
8.800000000000003653e-02 1.145265600933885325e-01 1.002787834469380177e-02
9.000000000000003830e-02 9.995861117906086613e-02 1.010992442033649408e-02
9.200000000000004008e-02 9.255705045413196996e-02 1.009224364333495202e-02
9.400000000000004186e-02 9.491552842662086265e-02 9.990655908313442884e-03
9.600000000000004363e-02 8.345395748833370209e-02 9.954796986961757244e-03
9.800000000000004541e-02 7.893448342055889300e-02 9.948591431364565280e-03
1.000000000000000056e-01 6.125367747561955706e-02 9.878635571046812461e-03
1.050000000000000100e-01 6.928624155996238043e-02 6.155086059753034702e-03
1.100000000000000144e-01 5.997939529905781109e-02 6.030731921596339286e-03
1.150000000000000189e-01 5.007179528767421312e-02 5.941020973171050670e-03
1.200000000000000233e-01 4.754374912482663140e-02 5.828632982108923957e-03
1.250000000000000278e-01 4.303365237264145798e-02 5.809168420722149798e-03
1.300000000000000322e-01 3.665505914078739241e-02 5.983554270997294353e-03
1.350000000000000366e-01 2.796654272843980896e-02 5.782308510184718149e-03
1.400000000000000411e-01 2.588321218175586649e-02 5.660032610972278583e-03
1.450000000000000455e-01 4.211371121474151435e-02 5.574375619078108558e-03
1.500000000000000500e-01 2.962302657569702499e-02 5.608679841275763557e-03
1.550000000000000544e-01 2.812610173261393190e-02 5.766648100152822753e-03
1.600000000000000588e-01 1.710449793276873007e-02 5.820017305816918909e-03
1.650000000000000633e-01 2.235621345180907951e-02 5.846641878930989265e-03
1.700000000000000677e-01 2.004947330202211039e-02 5.900872513340097575e-03
1.750000000000000722e-01 1.502775977501502602e-02 5.903791650818671771e-03
1.800000000000000766e-01 1.851870906477163722e-02 5.858138443141489363e-03
1.850000000000000810e-01 8.174210795311977196e-03 5.834273694157784268e-03
1.900000000000000855e-01 2.232472489265050625e-02 5.803474863892762320e-03
1.950000000000000899e-01 1.518043153089262791e-02 5.847092133532906869e-03
2.000000000000000944e-01 8.377337865975678644e-03 5.362456105111846998e-03
2.050000000000000988e-01 1.098596766926045014e-02 5.594298029173710475e-03
2.100000000000001033e-01 1.019202495211502663e-02 5.500040729199394754e-03
2.150000000000001077e-01 9.320083818764382522e-03 5.559549417713582908e-03
2.200000000000001121e-01 1.757701077978596899e-02 5.337647507719305018e-03
2.250000000000001166e-01 1.645382907986905896e-02 5.292312429091725230e-03
2.300000000000001210e-01 1.499168252549015236e-02 5.294109931883518236e-03
2.350000000000001255e-01 2.465542413650038522e-03 5.194845164782475877e-03
2.400000000000001299e-01 1.555819378486588377e-02 5.426838419530606236e-03
2.450000000000001343e-01 8.033395349486291068e-03 5.540201567168997338e-03
2.500000000000001110e-01 1.096311086584862531e-02 5.397515661092405076e-03
2.550000000000001155e-01 4.240976710802429536e-03 5.769744299900863085e-03
2.600000000000001199e-01 7.313512701087207480e-04 5.565371051764534879e-03
2.650000000000001243e-01 9.521564245091618597e-03 5.852682102246673478e-03
2.700000000000001288e-01 1.770854479998604583e-02 5.872620594752414255e-03
2.750000000000001332e-01 1.117429342416143521e-02 5.582712568009271653e-03
2.800000000000001377e-01 4.130820702923905172e-03 6.238061017862533107e-03
2.850000000000001421e-01 -6.565783543890163975e-04 5.897319592606699648e-03
2.900000000000001465e-01 5.207859800454421075e-03 6.212630211870937696e-03
2.950000000000001510e-01 -1.269144981316896710e-03 5.809053225214235935e-03
3.000000000000001554e-01 8.601274621945707508e-03 6.096505390373095287e-03
3.050000000000001599e-01 4.151246477017906007e-03 5.908471333593784749e-03
3.100000000000001643e-01 7.255690278302352920e-03 5.835295798984207680e-03
3.150000000000001688e-01 4.826201590797656905e-03 5.916651029130025850e-03
3.200000000000001732e-01 9.578780881860917903e-03 5.567467119417924756e-03
3.250000000000001776e-01 2.161085551018621445e-03 5.502268716792339288e-03
3.300000000000001821e-01 4.726098808088914985e-03 5.722256642879289083e-03
3.350000000000001865e-01 6.208003291123869068e-03 5.456487922974641476e-03
3.400000000000001910e-01 6.470297150780940539e-03 5.354936138301010645e-03
3.450000000000001954e-01 3.944730787706422249e-03 5.466321636163019512e-03
3.500000000000001998e-01 1.914695716434882018e-03 5.131934223244337401e-03
3.550000000000002043e-01 8.755917652907398499e-03 5.394441445012543995e-03
3.600000000000002087e-01 5.702580159587627463e-03 5.189990985720196667e-03
3.650000000000002132e-01 8.087171760284230307e-03 5.370799490199119897e-03
3.700000000000002176e-01 4.100539562113599858e-03 5.163439025107868612e-03
3.750000000000002220e-01 1.146196417544945341e-02 5.067202173326942893e-03
3.800000000000002265e-01 5.492371151232683726e-03 5.000728010125566475e-03
3.850000000000002309e-01 7.131402085315892599e-03 5.046273181085891499e-03
3.900000000000002354e-01 4.309146354449472187e-03 4.806511526892064123e-03
3.950000000000002398e-01 7.083381927192862124e-03 4.844748365050351342e-03
4.000000000000002442e-01 2.509504475226282012e-03 4.726726716688550191e-03
4.050000000000002487e-01 9.387722506914839352e-03 5.464097071766664884e-03
4.100000000000002531e-01 1.264357075720608931e-02 5.160822041661475290e-03
4.150000000000002576e-01 8.107825986345506663e-05 5.437601962544021290e-03
4.200000000000002620e-01 1.733054830249214796e-03 4.676866746939360199e-03
4.250000000000002665e-01 1.127048527848718146e-02 4.629340866291029380e-03
4.300000000000002709e-01 1.310950437802293079e-03 4.687894003412311841e-03
4.350000000000002753e-01 1.134212251511025095e-02 4.712346776342021121e-03
4.400000000000002798e-01 7.713174439053203241e-03 4.628892014808601296e-03
4.450000000000002842e-01 4.380834906641602189e-03 4.500809560097017090e-03
4.500000000000002887e-01 7.214689898169070192e-03 4.695173380786698582e-03
4.550000000000002931e-01 -1.918122219611587348e-04 4.463761035029083050e-03
4.600000000000002975e-01 -9.807287530731489174e-04 4.445114112119523744e-03
4.650000000000003020e-01 -2.622899088202979793e-03 4.401726032843220233e-03
4.700000000000003064e-01 5.906480280487266636e-03 4.519185790210784176e-03
4.750000000000003109e-01 1.547212195386640202e-05 4.315062249238024901e-03
4.800000000000003153e-01 2.438673096689653388e-03 4.524355100860511653e-03
4.850000000000003197e-01 3.684236431243765979e-03 4.271722089694737247e-03
4.900000000000003242e-01 3.594699659154183304e-03 4.354024154907312413e-03
4.950000000000003286e-01 1.164960339342779351e-02 4.102002128996336608e-03
5.000000000000000000e-01 1.901157135148489078e-03 4.813564700969490996e-03
5.100000000000000089e-01 2.728469155118808283e-03 3.070857615380092123e-03
5.200000000000000178e-01 6.381569029556556118e-03 2.868362705390167019e-03
5.300000000000000266e-01 5.482454963304152912e-03 2.874561637655858540e-03
5.400000000000000355e-01 3.847740354668418000e-03 2.822080555071848108e-03
5.500000000000000444e-01 2.547538268592368198e-03 2.759239220684549763e-03
5.600000000000000533e-01 1.954311954502617379e-03 2.754820791980337052e-03
5.700000000000000622e-01 2.819005941209332122e-03 2.684871374730610390e-03
5.800000000000000711e-01 3.034949108869500331e-04 2.719044675238121381e-03
5.900000000000000799e-01 3.581852239893251050e-03 2.669742221697981709e-03
6.000000000000000888e-01 3.183230855485314533e-03 2.735268484259692143e-03
6.100000000000000977e-01 6.068307568916865222e-03 2.703234827172427447e-03
6.200000000000001066e-01 3.689010681989198133e-03 2.649964378956400426e-03
6.300000000000001155e-01 -9.340116453489144435e-05 2.622688401261341617e-03
6.400000000000001243e-01 4.297887094379226891e-03 2.572683151888437245e-03
6.500000000000001332e-01 2.180135543523676949e-04 2.578317039106273884e-03
6.600000000000001421e-01 6.090718554930212199e-03 2.536851756380621020e-03
6.700000000000001510e-01 3.734286365505044055e-03 2.579331473510022236e-03
6.800000000000001599e-01 4.808860356697610555e-03 2.537333201244589692e-03
6.900000000000001688e-01 2.924047421242191667e-03 2.555016219065905838e-03
7.000000000000001776e-01 2.038447809560178965e-03 2.556995290880351764e-03
7.100000000000001865e-01 2.009941387602420110e-03 2.532327142667790357e-03
7.200000000000001954e-01 3.661648370923309415e-03 2.557458952365507503e-03
7.300000000000002043e-01 3.254621319306569543e-03 2.539204951322346620e-03
7.400000000000002132e-01 2.964715556549884015e-03 2.565343279958874536e-03
7.500000000000002220e-01 4.007417384490722344e-03 2.534752958705078791e-03
7.600000000000002309e-01 1.905470099441416727e-03 2.564907961217083743e-03
7.700000000000002398e-01 5.194886816606010364e-03 2.568099730487684133e-03
7.800000000000002487e-01 2.109032092710217809e-03 2.637717314400870715e-03
7.900000000000002576e-01 5.742906922909661767e-03 2.656162735557206830e-03
8.000000000000002665e-01 2.254201357245503093e-03 2.596060953985146816e-03
8.100000000000002753e-01 2.377108692740603768e-03 2.585171997530974746e-03
8.200000000000002842e-01 1.361562922049904716e-03 2.609577784499089032e-03
8.300000000000002931e-01 4.761834276386514749e-03 2.669284398615771967e-03
8.400000000000003020e-01 -3.132690385031851495e-04 2.708085074539891019e-03
8.500000000000003109e-01 2.136957609937583172e-03 2.686289774310836060e-03
8.600000000000003197e-01 7.640509910163307975e-04 2.709821104626255420e-03
8.700000000000003286e-01 -6.728347372950764212e-04 2.704340957545676386e-03
8.800000000000003375e-01 4.107808965206541547e-03 2.611435698633373000e-03
8.900000000000003464e-01 4.190421755849198064e-03 2.526910151306753852e-03
9.000000000000003553e-01 1.408839872941711809e-03 2.529641937463450192e-03
9.100000000000003642e-01 4.940408772381756942e-03 2.576675632230940836e-03
9.200000000000003730e-01 -5.363509432680507987e-04 2.540377333849157867e-03
9.300000000000003819e-01 3.728831754727593515e-03 2.547108825825490207e-03
9.400000000000003908e-01 -1.170276937658954429e-03 2.550659586672172040e-03
9.500000000000003997e-01 3.845166862040510277e-03 2.592192796465911993e-03
9.600000000000004086e-01 -6.467336317116370234e-04 2.600244037122111627e-03
9.700000000000004174e-01 3.079608924553536332e-03 2.631841679037539954e-03
9.800000000000004263e-01 2.240898391850745710e-03 2.697486289499292401e-03
9.900000000000004352e-01 3.813987181460201919e-03 2.702874283467874682e-03
1.000000000000000000e+00 3.087201475058018452e-03 2.750221715120953082e-03
1.030000000000000027e+00 2.657152187870912268e-03 1.702919626387776721e-03
1.060000000000000053e+00 2.960019317783904157e-03 1.806382458334987191e-03
1.090000000000000080e+00 3.527897667954972907e-03 1.908999700584539582e-03
1.120000000000000107e+00 1.374569592135524388e-03 1.897924836162827398e-03
1.150000000000000133e+00 1.889367714945394423e-03 1.914152366876990070e-03
1.180000000000000160e+00 3.352854800937589853e-03 2.193355010469245393e-03
1.210000000000000187e+00 3.028711298967702061e-03 2.459996872976375100e-03
1.240000000000000213e+00 1.814294019838910395e-03 2.650285673798893904e-03
1.270000000000000240e+00 3.153960884799832717e-03 2.883103573959584429e-03
1.300000000000000266e+00 3.026794949830999629e-03 3.150917347073154979e-03
1.330000000000000293e+00 2.434020308100377523e-03 3.546878456948157100e-03
1.360000000000000320e+00 2.252891439127541976e-03 3.985270203474719670e-03
1.390000000000000346e+00 1.852850403778845498e-03 5.140384806845841453e-03
1.420000000000000373e+00 2.812333514781456805e-03 5.424657753296731680e-03
1.450000000000000400e+00 2.321707922180409403e-03 5.583585991779918024e-03
1.480000000000000426e+00 2.109288749621733138e-03 6.133460383580815849e-03
1.510000000000000453e+00 2.693039988008835272e-03 6.839728691860212130e-03
1.540000000000000480e+00 2.424902109217636284e-03 7.679378317630537916e-03
1.570000000000000506e+00 1.940603539401833258e-03 8.629363495857918231e-03
1.600000000000000533e+00 1.859047083509758960e-03 9.652062834861066878e-03
1.630000000000000560e+00 4.409133327705655231e-04 1.081715522114936462e-02
1.660000000000000586e+00 3.496396505993083943e-03 1.208798915590849829e-02
1.690000000000000613e+00 1.944205896401126135e-03 1.334568362798655219e-02
1.720000000000000639e+00 2.354398000899401760e-04 1.465151409302900380e-02
1.750000000000000666e+00 6.878009654244423426e-04 1.614928180190484952e-02
1.780000000000000693e+00 1.821070130520128713e-03 1.866143994797438491e-02
1.810000000000000719e+00 1.595297828114293904e-04 2.097930851257933174e-02
1.840000000000000746e+00 6.924108134143269083e-05 2.226155993994036533e-02
1.870000000000000773e+00 -9.617754607448362721e-04 2.287144092986845290e-02
1.900000000000000799e+00 -4.000735390100260418e-04 2.378029438768542586e-02
1.930000000000000826e+00 3.663737480032786442e-04 2.459039300381236567e-02
1.960000000000000853e+00 2.757352435110977220e-04 2.527397652941541437e-02
1.990000000000000879e+00 1.045988348734106345e-03 3.551656006539844618e-02
2.020000000000000906e+00 -3.875970525422706061e-04 2.652581742346470442e-02
2.050000000000000711e+00 1.326140473259492534e-03 2.641035101815863290e-02
2.080000000000000959e+00 -1.529745509669492914e-03 2.573327491191916908e-02
2.110000000000001208e+00 1.642916097552155280e-03 2.462053401916435014e-02
2.140000000000001013e+00 -1.377962349088176055e-03 2.355937228725139485e-02
2.170000000000000817e+00 -1.798875047678045666e-03 2.210203732777080154e-02
2.200000000000001066e+00 2.226902341156707706e-03 2.075670310487954043e-02
2.230000000000001315e+00 2.679894734083290622e-03 1.971431055853646239e-02
2.260000000000001119e+00 4.363417406921432824e-04 1.890135894832174063e-02
2.290000000000000924e+00 5.299531300823327089e-04 1.805890744376899629e-02
2.320000000000001172e+00 -5.672504331635893531e-04 1.732512665076377592e-02
2.350000000000001421e+00 3.752945834037187014e-04 1.668454329280238263e-02
2.380000000000001226e+00 3.245562641810331890e-03 1.678204001992571540e-02
2.410000000000001030e+00 4.870669586163728880e-04 1.700110695245640388e-02
2.440000000000001279e+00 3.469403830375201569e-03 1.609849756412676941e-02
2.470000000000001528e+00 5.803146106618610987e-04 1.586056491768746829e-02
2.500000000000001332e+00 8.306794923881182001e-04 1.545714982201040928e-02
2.530000000000001137e+00 2.496768161705354523e-04 1.534342226508184776e-02
2.560000000000001386e+00 1.123619830535349659e-03 1.536781310075812160e-02
2.590000000000001634e+00 1.647821301461196769e-03 1.544028417779465603e-02
2.620000000000001439e+00 1.608907602398368733e-03 1.551789900035661744e-02
2.650000000000001243e+00 -9.121052577300936375e-04 1.571980398142622248e-02
2.680000000000001492e+00 -6.579758073289712411e-04 1.630951577513489389e-02
2.710000000000001741e+00 -7.077688928011853075e-04 1.675557795169487982e-02
2.740000000000001545e+00 1.395703426472908078e-03 1.702608585475450312e-02
2.770000000000001350e+00 -2.028567677456077564e-03 1.717596647376831709e-02
2.800000000000001599e+00 -7.775494575442686864e-05 1.721769413936382817e-02
2.830000000000001847e+00 9.278771516621107333e-04 1.717340657593852821e-02
2.860000000000001652e+00 -3.737978565732088328e-04 1.704823427794525947e-02
2.890000000000001457e+00 7.947986801994072047e-04 1.686495617706209108e-02
2.920000000000001705e+00 2.073530544288829363e-03 1.659371075911707238e-02
2.950000000000001954e+00 1.425550148677595446e-03 1.632313666414051886e-02
2.980000000000001759e+00 2.630810458789776163e-04 1.617244081027989500e-02
3.010000000000001563e+00 2.499733182718214333e-03 1.566669569137730048e-02
3.040000000000001812e+00 1.692425575992766293e-03 1.536931535504554129e-02
3.070000000000002061e+00 5.553334358628219400e-04 1.466188822309327615e-02
3.100000000000001865e+00 -3.851231662456543604e-04 1.458090553975064339e-02
3.130000000000001670e+00 1.011689345399073136e-03 1.544661967945179515e-02
3.160000000000001918e+00 1.326689607691076533e-03 1.502526432542160284e-02
3.190000000000002167e+00 8.612664939427716300e-04 1.533933569813720858e-02
