6.000000000000000125e-03 2.694477718595235327e+00 5.855422035174002726e-01
7.000000000000000146e-03 2.162559313644442760e+00 2.720403538001137655e-01
8.000000000000000167e-03 2.085809817380555042e+00 1.664534688741981794e-01
9.000000000000001055e-03 1.875543935883791091e+00 1.095874212762080746e-01
1.000000000000000021e-02 1.710211986075794721e+00 8.086596983179410170e-02
1.099999999999999936e-02 1.518311175390276935e+00 6.555941539368952131e-02
1.200000000000000025e-02 1.594222464426258368e+00 5.689163316297055073e-02
1.300000000000000114e-02 1.626162594719177568e+00 4.941731439840334889e-02
1.400000000000000203e-02 1.592552948183242112e+00 4.502290512356861563e-02
1.499999999999999944e-02 1.549343178831086965e+00 4.066209559192268674e-02
1.600000000000000033e-02 1.531048094815804728e+00 3.720585715568048429e-02
1.700000000000000122e-02 1.555478258023885063e+00 3.387519390485504989e-02
1.800000000000000211e-02 1.485467371644253243e+00 3.171971364253725612e-02
1.899999999999999953e-02 1.499385294378813072e+00 3.000407076647730251e-02
2.000000000000000042e-02 1.466896080471897346e+00 2.839437034510916211e-02
2.100000000000000130e-02 1.494695911516592091e+00 2.689812353321122465e-02
2.200000000000000219e-02 1.463138016794694574e+00 2.578859182494174646e-02
2.300000000000000308e-02 1.427466247646559161e+00 2.461917818136888023e-02
2.400000000000000050e-02 1.394269247895366881e+00 2.384554983365940253e-02
2.500000000000000139e-02 1.389218532797991790e+00 2.301154763897947028e-02
2.600000000000000228e-02 1.359807111801664359e+00 2.251882811307034243e-02
2.699999999999999969e-02 1.346021605118463027e+00 2.182253941556413016e-02
2.800000000000000058e-02 1.339843205104806589e+00 2.107947367351770823e-02
2.900000000000000147e-02 1.324464713901680302e+00 2.072632391394343271e-02
3.000000000000000236e-02 1.306003591538799524e+00 2.034295632836342210e-02
3.100000000000000325e-02 1.298976892931979377e+00 1.988177784525916453e-02
3.200000000000000067e-02 1.282459701805070518e+00 1.940553873842455410e-02
3.300000000000000155e-02 1.262988393164420575e+00 1.895573329954797215e-02
3.400000000000000244e-02 1.220324008495792700e+00 1.853833624081065168e-02
3.499999999999999639e-02 1.234609414325811061e+00 1.824480753236815481e-02
3.599999999999999728e-02 1.211963144789152569e+00 1.799993595056651602e-02
3.699999999999999817e-02 1.189638302493158495e+00 1.776036567986891135e-02
3.799999999999999906e-02 1.167863818816500920e+00 1.742395749160132595e-02
3.899999999999999994e-02 1.147192237900165557e+00 1.702246910157936138e-02
4.000000000000000083e-02 1.124242851384030573e+00 1.689715812022444391e-02
4.100000000000000172e-02 1.084966254735888924e+00 1.655837108553443945e-02
4.199999999999999567e-02 1.108002756530062305e+00 1.645055994451741915e-02
4.299999999999999656e-02 1.054431749965053955e+00 1.600676713604912496e-02
4.399999999999999745e-02 1.009558721986925978e+00 1.578457462773504363e-02
4.499999999999999833e-02 1.035218034720692293e+00 1.579350988622425442e-02
4.599999999999999922e-02 9.993468136820112813e-01 1.535222203947572001e-02
4.700000000000000011e-02 1.005742998741919081e+00 1.506218680026648327e-02
4.800000000000000100e-02 9.884832917470089964e-01 1.479404184883285032e-02
4.899999999999999495e-02 9.416838149307092953e-01 1.477093086192410656e-02
5.000000000000000278e-02 9.178315974619252193e-01 1.452015675880655859e-02
5.200000000000000455e-02 8.942716984815212156e-01 1.006764158939202000e-02
5.400000000000000633e-02 8.570279572920361799e-01 9.772786979407517213e-03
5.600000000000000810e-02 8.109719962188713938e-01 9.815445508232358007e-03
5.800000000000000988e-02 8.029053664055915140e-01 9.977632572944155828e-03
6.000000000000001166e-02 7.545919807277395863e-01 9.886382727743833060e-03
6.200000000000001343e-02 7.339864765012638070e-01 9.526196662065285203e-03
6.400000000000001521e-02 7.056440198499014382e-01 9.213581275765110601e-03
6.600000000000001699e-02 6.779723429975839100e-01 9.016291991247203305e-03
6.800000000000001876e-02 6.427738496252386469e-01 8.774049801155439643e-03
7.000000000000002054e-02 6.236695979934033796e-01 8.640859007673617684e-03
7.200000000000002232e-02 5.969638769321119476e-01 8.430747364274602390e-03
7.400000000000002409e-02 5.763380284283861066e-01 8.493092964601949360e-03
7.600000000000002587e-02 5.549939760947276701e-01 8.399802860111615227e-03
7.800000000000002764e-02 5.295187128993464887e-01 8.145112247786778434e-03
8.000000000000002942e-02 5.131464193471458879e-01 8.232677250169170846e-03
8.200000000000003120e-02 4.960515957265086984e-01 8.294915090094952259e-03
8.400000000000003297e-02 4.808287652154932257e-01 8.219746477039616139e-03
8.600000000000003475e-02 4.547339998200974343e-01 7.938679113716526348e-03
8.800000000000003653e-02 4.416859511872822108e-01 7.884645997097931153e-03
9.000000000000003830e-02 4.218275060631445639e-01 7.955557332329022194e-03
9.200000000000004008e-02 4.110266832018350525e-01 7.918574000776718372e-03
9.400000000000004186e-02 3.933479578030709134e-01 7.832094135159808207e-03
9.600000000000004363e-02 3.798932823609009746e-01 7.809131300711075370e-03
9.800000000000004541e-02 3.671065381762242397e-01 7.790344284633717031e-03
1.000000000000000056e-01 3.478786024944858224e-01 7.761393616608215119e-03
1.050000000000000100e-01 3.274720339970583760e-01 4.817974721330118941e-03
1.100000000000000144e-01 3.046475175122355106e-01 4.726049364383551506e-03
1.150000000000000189e-01 2.804318762583131730e-01 4.633137251882916280e-03
1.200000000000000233e-01 2.521430005102385241e-01 4.543044586423185607e-03
1.250000000000000278e-01 2.343668794264309185e-01 4.523310816598808543e-03
1.300000000000000322e-01 2.148387534647532016e-01 4.651234256353876245e-03
1.350000000000000366e-01 1.947504622991952372e-01 4.487726224256222141e-03
1.400000000000000411e-01 1.772328134885923778e-01 4.394918102742933347e-03
1.450000000000000455e-01 1.625873646751385404e-01 4.316950279492982531e-03
1.500000000000000500e-01 1.552338074358006470e-01 4.344085331660738937e-03
1.550000000000000544e-01 1.468315818661975747e-01 4.468570085444729251e-03
1.600000000000000588e-01 1.328921287822965036e-01 4.509608352452037193e-03
1.650000000000000633e-01 1.298588155534628474e-01 4.522678818782676670e-03
1.700000000000000677e-01 1.151058748637991402e-01 4.561555526402692393e-03
1.750000000000000722e-01 1.035199721449839849e-01 4.559567111411296468e-03
1.800000000000000766e-01 1.014118618989148235e-01 4.536009748572885671e-03
1.850000000000000810e-01 9.535259378965371679e-02 4.507320112583730089e-03
1.900000000000000855e-01 8.122616300803678357e-02 4.477344949029868001e-03
1.950000000000000899e-01 8.503725817336425796e-02 4.518291015373202511e-03
2.000000000000000944e-01 8.041123505720788878e-02 4.193187087059208062e-03
2.050000000000000988e-01 7.002042058553349657e-02 4.293109718447638869e-03
2.100000000000001033e-01 6.914087043871708360e-02 4.222848562516578856e-03
2.150000000000001077e-01 6.033234207873994920e-02 4.235210562165470094e-03
2.200000000000001121e-01 6.185048344272964932e-02 4.108973546918324136e-03
2.250000000000001166e-01 5.886819160734415440e-02 4.033713657087582664e-03
2.300000000000001210e-01 6.120337981911951747e-02 4.052360784054542288e-03
2.350000000000001255e-01 5.131788446417482469e-02 4.003776196077047517e-03
2.400000000000001299e-01 6.235988478316418365e-02 4.139899564235857525e-03
2.450000000000001343e-01 4.874516748230160040e-02 4.296159539173067220e-03
2.500000000000001110e-01 4.930110930568774169e-02 4.169481226251691049e-03
2.550000000000001155e-01 4.530652385723468734e-02 4.403449127315188158e-03
2.600000000000001199e-01 4.145724746713355668e-02 4.319830369955319181e-03
2.650000000000001243e-01 3.927907773407036951e-02 4.489605605824335821e-03
2.700000000000001288e-01 4.568592846047746930e-02 4.611400705366420529e-03
2.750000000000001332e-01 4.137640387161670152e-02 4.330443489671466362e-03
2.800000000000001377e-01 4.064278123264324083e-02 4.816884999487873117e-03
2.850000000000001421e-01 3.101287186669179907e-02 4.427998091919500487e-03
2.900000000000001465e-01 3.948999406940982559e-02 4.654570853937040238e-03
2.950000000000001510e-01 3.007668814970621690e-02 4.548475678535116723e-03
3.000000000000001554e-01 3.295610888766371815e-02 4.626031889900377413e-03
3.050000000000001599e-01 3.024433431997921445e-02 4.540831337666666710e-03
3.100000000000001643e-01 3.703331814401002869e-02 4.520350628147194218e-03
3.150000000000001688e-01 3.622428879419579278e-02 4.502149321780491570e-03
3.200000000000001732e-01 3.446046758108609054e-02 4.243344171156370782e-03
3.250000000000001776e-01 2.941979078997819866e-02 4.281915379377694911e-03
3.300000000000001821e-01 3.231662358748178809e-02 4.285403242898224233e-03
3.350000000000001865e-01 3.124440290277052598e-02 4.204074507046132864e-03
3.400000000000001910e-01 3.341677140895979448e-02 4.155294708160227855e-03
3.450000000000001954e-01 2.993863905748742407e-02 4.273978425004644650e-03
3.500000000000001998e-01 2.746911764507621936e-02 3.935695291613977229e-03
3.550000000000002043e-01 3.163538190898803476e-02 4.153803190665989256e-03
3.600000000000002087e-01 2.303030057884474305e-02 4.015475611939512204e-03
3.650000000000002132e-01 2.461687517795792951e-02 4.097510077235766782e-03
3.700000000000002176e-01 2.549934990750123490e-02 3.993667504727607155e-03
3.750000000000002220e-01 2.671980126827927515e-02 3.836405285680574012e-03
3.800000000000002265e-01 2.608108952319270965e-02 3.800736074982560830e-03
3.850000000000002309e-01 2.525260322854493839e-02 3.845547991411481063e-03
3.900000000000002354e-01 2.439295170570003612e-02 3.667619850127484468e-03
3.950000000000002398e-01 2.797485367039719006e-02 3.760618391568917342e-03
4.000000000000002442e-01 2.197709811225730808e-02 3.664017219393388321e-03
4.050000000000002487e-01 2.676097907619127275e-02 4.149817295945074092e-03
4.100000000000002531e-01 2.651949204824358489e-02 3.962145891168051062e-03
4.150000000000002576e-01 1.994776513308769289e-02 4.179352526917303953e-03
4.200000000000002620e-01 2.332010383362610045e-02 3.606527562943510814e-03
4.250000000000002665e-01 2.241398526910333422e-02 3.584281493627874612e-03
4.300000000000002709e-01 1.951723327097717314e-02 3.657821374303398508e-03
4.350000000000002753e-01 2.368164204505023712e-02 3.632865475446308504e-03
4.400000000000002798e-01 2.540623148909674361e-02 3.550478667910114076e-03
4.450000000000002842e-01 2.218116845084546623e-02 3.461539439913803758e-03
4.500000000000002887e-01 2.317010447697231620e-02 3.557875233996419303e-03
4.550000000000002931e-01 1.374124669769246666e-02 3.423435161844990381e-03
4.600000000000002975e-01 2.241111987954182150e-02 3.439118472440634480e-03
4.650000000000003020e-01 1.729738586146404786e-02 3.376634233017518794e-03
4.700000000000003064e-01 2.045074962911542713e-02 3.484773193613437386e-03
4.750000000000003109e-01 1.700788902207339692e-02 3.269549091448867208e-03
4.800000000000003153e-01 2.148498406569819552e-02 3.536970197905324031e-03
4.850000000000003197e-01 1.978872316819832791e-02 3.325452966818159828e-03
4.900000000000003242e-01 1.652148610456906710e-02 3.353237387322771743e-03
4.950000000000003286e-01 1.937812103412176606e-02 3.171641598361323814e-03
5.000000000000000000e-01 2.052966222770240268e-02 3.728308639672710256e-03
5.100000000000000089e-01 1.838138012415155981e-02 2.361548375936281009e-03
5.200000000000000178e-01 1.915251767690900192e-02 2.201613251265197718e-03
5.300000000000000266e-01 1.872450107616896800e-02 2.232480118307109997e-03
5.400000000000000355e-01 2.010343500728952945e-02 2.180922379455075503e-03
5.500000000000000444e-01 1.884727015383938845e-02 2.143897400813473200e-03
5.600000000000000533e-01 2.039996716058595921e-02 2.080147603926319616e-03
5.700000000000000622e-01 1.591667720924305404e-02 2.052888182964619692e-03
5.800000000000000711e-01 1.721321159021396013e-02 2.089943785390308700e-03
5.900000000000000799e-01 1.542420828593151806e-02 2.064493004167681535e-03
6.000000000000000888e-01 1.566577134311717898e-02 2.125011873356880739e-03
6.100000000000000977e-01 1.988995813851772779e-02 2.064320182353970596e-03
6.200000000000001066e-01 1.408651957371589818e-02 2.029062245184905244e-03
6.300000000000001155e-01 1.628021754618833375e-02 2.013830754755427735e-03
6.400000000000001243e-01 1.638465570186314196e-02 1.976366318275440959e-03
6.500000000000001332e-01 1.623288211288049024e-02 1.960889041920508679e-03
6.600000000000001421e-01 1.737992869761193979e-02 1.942167899083742421e-03
6.700000000000001510e-01 1.544754666323393949e-02 1.993940991159943651e-03
6.800000000000001599e-01 1.622491070178657888e-02 1.955586409094121469e-03
6.900000000000001688e-01 1.358779034135190918e-02 1.951128214128919130e-03
7.000000000000001776e-01 1.528074696769816075e-02 1.975279325199799305e-03
7.100000000000001865e-01 1.326661543550698014e-02 1.933942250837338440e-03
7.200000000000001954e-01 1.167576729078794590e-02 1.960839205741509578e-03
7.300000000000002043e-01 1.223623023437598982e-02 1.961681139676278631e-03
7.400000000000002132e-01 1.448032479852825842e-02 1.967962764918558798e-03
7.500000000000002220e-01 1.289586239585040726e-02 1.945554201580076796e-03
7.600000000000002309e-01 1.343439146855724027e-02 1.961700999140957285e-03
7.700000000000002398e-01 1.552274460080416488e-02 1.979665579644415176e-03
7.800000000000002487e-01 1.259945149355914083e-02 2.024956492060577679e-03
7.900000000000002576e-01 1.365059779216883790e-02 2.026455775494571260e-03
8.000000000000002665e-01 1.224056662123039138e-02 2.004536919439420771e-03
8.100000000000002753e-01 1.438015714901890937e-02 1.987200011403737927e-03
8.200000000000002842e-01 9.557248686732027973e-03 2.007789036108006183e-03
8.300000000000002931e-01 1.424695525673193991e-02 2.047043658177025161e-03
8.400000000000003020e-01 1.090020292114405459e-02 2.071805626543043056e-03
8.500000000000003109e-01 1.271241309806298188e-02 2.058343095102503368e-03
8.600000000000003197e-01 1.041131553511054179e-02 2.077251879372024428e-03
8.700000000000003286e-01 1.016148988057592913e-02 2.071493340364970355e-03
8.800000000000003375e-01 1.341679556530391698e-02 2.011691493078917019e-03
8.900000000000003464e-01 1.189473257603223741e-02 1.947626539342480877e-03
9.000000000000003553e-01 1.304414081169974308e-02 1.939457589545813109e-03
9.100000000000003642e-01 1.189834351764020547e-02 1.982972999171199718e-03
9.200000000000003730e-01 1.100967318101425327e-02 1.951973690724062658e-03
9.300000000000003819e-01 1.266147308332237278e-02 1.955418165438057784e-03
9.400000000000003908e-01 1.033393848020887004e-02 1.957989027126526543e-03
9.500000000000003997e-01 1.186264849754252795e-02 1.994442685135188083e-03
9.600000000000004086e-01 7.262792435002331584e-03 1.990111451582776518e-03
9.700000000000004174e-01 1.249687005857967430e-02 2.017563299574233471e-03
9.800000000000004263e-01 9.996880910511690005e-03 2.068542531341565835e-03
9.900000000000004352e-01 9.841831676043093571e-03 2.083306652682336176e-03
1.000000000000000000e+00 1.115065514420731686e-02 2.109263494631707231e-03
1.030000000000000027e+00 1.117331216000378227e-02 1.306843935279550879e-03
1.060000000000000053e+00 1.061330901626217176e-02 1.384819061992578629e-03
1.090000000000000080e+00 1.035426105152557029e-02 1.460446052867232303e-03
1.120000000000000107e+00 1.005087986613925274e-02 1.454708584908887686e-03
1.150000000000000133e+00 1.063717639505082704e-02 1.466356349541781193e-03
1.180000000000000160e+00 1.296814620311125162e-02 1.681470167847658312e-03
1.210000000000000187e+00 1.229447343890262972e-02 1.884641194514619306e-03
1.240000000000000213e+00 1.259496101034898903e-02 2.030329656936306990e-03
1.270000000000000240e+00 1.193052463203035825e-02 2.208853994022850781e-03
1.300000000000000266e+00 1.292972891192937721e-02 2.417051570744510602e-03
1.330000000000000293e+00 1.249429842135782974e-02 2.719711937272021804e-03
1.360000000000000320e+00 1.272242747663531598e-02 3.057213377172096971e-03
1.390000000000000346e+00 1.285563352052309684e-02 3.947700106022041140e-03
1.420000000000000373e+00 1.320236238596544931e-02 4.167625816439650584e-03
1.450000000000000400e+00 1.466666012862515543e-02 4.283502212991427242e-03
1.480000000000000426e+00 1.443918340397964961e-02 4.704401456989104960e-03
1.510000000000000453e+00 1.408050405779442092e-02 5.243247463541274300e-03
1.540000000000000480e+00 1.456956102451898924e-02 5.891294541356674810e-03
1.570000000000000506e+00 1.392872813416889434e-02 6.620256324089696630e-03
1.600000000000000533e+00 1.300665968645808857e-02 7.405932343507557088e-03
1.630000000000000560e+00 1.266768484270320433e-02 8.299938870754910644e-03
1.660000000000000586e+00 1.395386618612250336e-02 9.273878842448509546e-03
1.690000000000000613e+00 1.159110771837433898e-02 1.023888550808997426e-02
1.720000000000000639e+00 9.447281437908690294e-03 1.124072126087714667e-02
1.750000000000000666e+00 1.025695517806679904e-02 1.238615733385150554e-02
1.780000000000000693e+00 9.373940441044991204e-03 1.431567657224200665e-02
1.810000000000000719e+00 7.308176200251073965e-03 1.609599365580361222e-02
1.840000000000000746e+00 5.193550311088986939e-03 1.708041818467538608e-02
1.870000000000000773e+00 3.465276407948567495e-03 1.754357541957339908e-02
1.900000000000000799e+00 3.424810248878270777e-03 1.824173945986906631e-02
1.930000000000000826e+00 1.262245657204147820e-03 1.885949171172305455e-02
1.960000000000000853e+00 1.084354292483131511e-03 1.938940103348562108e-02
1.990000000000000879e+00 6.196590460639676877e-05 2.725986165383168305e-02
2.020000000000000906e+00 -2.191399007066945081e-04 2.034839109297739701e-02
2.050000000000000711e+00 -1.304543529776968844e-03 2.025227197142909913e-02
2.080000000000000959e+00 -2.195636144490959504e-03 1.973312721671979797e-02
2.110000000000001208e+00 -1.339675106327399817e-03 1.889109057632212124e-02
2.140000000000001013e+00 -4.239657829818504683e-03 1.807020424395068894e-02
2.170000000000000817e+00 -4.552056947378086207e-03 1.695306354580320557e-02
2.200000000000001066e+00 -2.569070348796853500e-03 1.592205239382814622e-02
2.230000000000001315e+00 -2.270168774859023225e-03 1.512256257888134128e-02
2.260000000000001119e+00 -1.341739972590439171e-03 1.450065493742668139e-02
2.290000000000000924e+00 -3.612700669885496839e-03 1.385444691091535299e-02
2.320000000000001172e+00 -4.489899169673959231e-03 1.328927227500958062e-02
2.350000000000001421e+00 -2.305866307484168501e-03 1.280225533502449622e-02
2.380000000000001226e+00 -2.662843754856052906e-03 1.287217392200938441e-02
2.410000000000001030e+00 -3.420983444303583778e-03 1.304327841413521413e-02
2.440000000000001279e+00 -1.723190817243039179e-03 1.235293317560206758e-02
2.470000000000001528e+00 -2.632418678639474562e-03 1.217020332822658923e-02
2.500000000000001332e+00 -1.978139903991998731e-03 1.186346828058114540e-02
2.530000000000001137e+00 -2.925566062223745357e-03 1.177477029442081796e-02
2.560000000000001386e+00 -2.825652610254271706e-03 1.179297984719874376e-02
2.590000000000001634e+00 -1.197056311105354313e-03 1.185056380925020303e-02
2.620000000000001439e+00 -5.756283347711349790e-04 1.191010207588740280e-02
2.650000000000001243e+00 -2.437287069626124097e-03 1.206598304127888023e-02
2.680000000000001492e+00 -2.339586362081325695e-03 1.251742108145494081e-02
2.710000000000001741e+00 -1.244607811806562516e-03 1.285784167754456565e-02
2.740000000000001545e+00 -3.312394546674220838e-03 1.306444777766947903e-02
2.770000000000001350e+00 -2.093907066517605546e-03 1.318137370131721928e-02
2.800000000000001599e+00 -2.448065932778825237e-03 1.320997843289537128e-02
2.830000000000001847e+00 -7.356315014020683475e-04 1.317912361186347747e-02
2.860000000000001652e+00 1.253138006728757737e-03 1.308513092939859145e-02
2.890000000000001457e+00 -1.608437370374443242e-03 1.294048933836978305e-02
2.920000000000001705e+00 -2.232831038642861936e-05 1.273205055589018801e-02
2.950000000000001954e+00 9.948939475293895347e-04 1.252401847789243704e-02
2.980000000000001759e+00 -7.683594498586995879e-04 1.240740580745310594e-02
3.010000000000001563e+00 8.848433181463312858e-04 1.201973288233474171e-02
3.040000000000001812e+00 6.369056632194150438e-04 1.179418839121315274e-02
3.070000000000002061e+00 2.833097769986731192e-04 1.124782130766581456e-02
3.100000000000001865e+00 1.025333415470740456e-04 1.118833183670078085e-02
3.130000000000001670e+00 4.825755616895298014e-04 1.185670210482346262e-02
3.160000000000001918e+00 5.989335718083025912e-04 1.153102234595327832e-02
3.190000000000002167e+00 1.072398830852205843e-03 1.177783247510918833e-02
