# q_A^-1 corrected_I conditional_sigma; independently selected residual baseline
5.000000000000000104e-03 7.398400371301386613e+00 3.063372783633333984e+00
6.000000000000000125e-03 6.773087633783052119e+00 1.393321337800689452e+00
7.000000000000000146e-03 5.998138794066546708e+00 6.803398654957186764e-01
8.000000000000000167e-03 5.464252824987633872e+00 3.688293273839424180e-01
9.000000000000001055e-03 5.043737070025542835e+00 2.337403598887343170e-01
1.000000000000000021e-02 4.850092892266383515e+00 1.686212896247319126e-01
1.099999999999999936e-02 4.762725336559316069e+00 1.310949697577581119e-01
1.200000000000000025e-02 4.735370683804015712e+00 1.051982918286268887e-01
1.300000000000000114e-02 4.603022350959921738e+00 8.819859550567643591e-02
1.400000000000000203e-02 4.521668911685711834e+00 7.542918379119578631e-02
1.499999999999999944e-02 4.468236410669229386e+00 6.454040499876297077e-02
1.600000000000000033e-02 4.432824487381354039e+00 5.599051361140586908e-02
1.700000000000000122e-02 4.363637833248995790e+00 5.018080893785072105e-02
1.800000000000000211e-02 4.292500126728929111e+00 4.549638260416617036e-02
1.899999999999999953e-02 4.168316587068618517e+00 4.187510211167605467e-02
2.000000000000000042e-02 4.156426331398285434e+00 3.810221154098446944e-02
2.100000000000000130e-02 4.118404027301449055e+00 3.573388023453002993e-02
2.200000000000000219e-02 4.027721225668281946e+00 3.366848782532758794e-02
2.300000000000000308e-02 3.953000993937983765e+00 3.139422477942691025e-02
2.400000000000000050e-02 3.946502942021632432e+00 2.972040277842968869e-02
2.500000000000000139e-02 3.827734656546502467e+00 2.844156952529169891e-02
2.600000000000000228e-02 3.759777437629477248e+00 2.709940486799202256e-02
2.699999999999999969e-02 3.727180462685493190e+00 2.603078484235816711e-02
2.800000000000000058e-02 3.659781401065843376e+00 2.450264659122575531e-02
2.900000000000000147e-02 3.561595546637597032e+00 2.401086917172554416e-02
3.000000000000000236e-02 3.492396876283824891e+00 2.333364393425737399e-02
3.100000000000000325e-02 3.458061839257166703e+00 2.253318300908292368e-02
3.200000000000000067e-02 3.352984170233648253e+00 2.152658533600084953e-02
3.300000000000000155e-02 3.304181526000975477e+00 2.120164473096645616e-02
3.400000000000000244e-02 3.211993783201069874e+00 2.063081440858472240e-02
3.499999999999999639e-02 3.143262290781588142e+00 2.002669246454451268e-02
3.599999999999999728e-02 3.112624245690273295e+00 1.968206775081151466e-02
3.699999999999999817e-02 3.030368278465043197e+00 1.906502250800047246e-02
3.799999999999999906e-02 2.961010506206570359e+00 1.874178135781537011e-02
3.899999999999999994e-02 2.875866579796814815e+00 1.823455084566771509e-02
4.000000000000000083e-02 2.839173774958427376e+00 1.783039034657896496e-02
4.100000000000000172e-02 2.761625358854517209e+00 1.745842599437043632e-02
4.199999999999999567e-02 2.699497969108293649e+00 1.723107481703471319e-02
4.299999999999999656e-02 2.660018028818157632e+00 1.686624239586046251e-02
4.399999999999999745e-02 2.572906761058324943e+00 1.654602353428681616e-02
4.499999999999999833e-02 2.519431036003068947e+00 1.623043230245525825e-02
4.599999999999999922e-02 2.462434069852098339e+00 1.577261672630109884e-02
4.700000000000000011e-02 2.415231262935995993e+00 1.563528795719502582e-02
4.800000000000000100e-02 2.359434946280650536e+00 1.538167867170454027e-02
4.899999999999999495e-02 2.308036114523466686e+00 1.512106852014800766e-02
5.000000000000000278e-02 2.254176924397541359e+00 1.501990641756754431e-02
5.200000000000000455e-02 2.122207165869005596e+00 1.015224830852080352e-02
5.400000000000000633e-02 2.031354395528336632e+00 9.921544071177451976e-03
5.600000000000000810e-02 1.938028274305344301e+00 9.945974214163667490e-03
5.800000000000000988e-02 1.840698316336309759e+00 9.945517563880330522e-03
6.000000000000001166e-02 1.770758433947756227e+00 9.789550024129548347e-03
6.200000000000001343e-02 1.680583028681113422e+00 9.315585946402837533e-03
6.400000000000001521e-02 1.596628609158364132e+00 9.054643766159074791e-03
6.600000000000001699e-02 1.527638528157456266e+00 8.783759075163112204e-03
6.800000000000001876e-02 1.448393833962956290e+00 8.545737166372722321e-03
7.000000000000002054e-02 1.377955363250371157e+00 8.367700618345425695e-03
7.200000000000002232e-02 1.325270232999995690e+00 8.250153746164553409e-03
7.400000000000002409e-02 1.269090161814666384e+00 8.203185267985600715e-03
7.600000000000002587e-02 1.216262145002383166e+00 7.974771874213160486e-03
7.800000000000002764e-02 1.153612902212686198e+00 7.920279376707597963e-03
8.000000000000002942e-02 1.118314889125913814e+00 7.993719834684755166e-03
8.200000000000003120e-02 1.063150749853776889e+00 7.953071559882550837e-03
8.400000000000003297e-02 1.020784907121943919e+00 7.656602089942792129e-03
8.600000000000003475e-02 9.917950724488406866e-01 7.473335531082029269e-03
8.800000000000003653e-02 9.486536885228975535e-01 7.529235192804782130e-03
9.000000000000003830e-02 9.133531298356742933e-01 7.528440746779419511e-03
9.200000000000004008e-02 8.820547818211709190e-01 7.427262092650245562e-03
9.400000000000004186e-02 8.474431972040583627e-01 7.366682231484024922e-03
9.600000000000004363e-02 8.064736118751028027e-01 7.379891259212074082e-03
9.800000000000004541e-02 7.773345133984808086e-01 7.319585734770052941e-03
1.000000000000000056e-01 7.477635805258721069e-01 7.245662428424498071e-03
1.050000000000000100e-01 6.892446231228095410e-01 4.466483174068157716e-03
1.100000000000000144e-01 6.278079763406659852e-01 4.360739645683081415e-03
1.150000000000000189e-01 5.924812267167376412e-01 4.259511483726804819e-03
1.200000000000000233e-01 5.349044803041006491e-01 4.176511180877525570e-03
1.250000000000000278e-01 5.031138075894733275e-01 4.218606523316567776e-03
1.300000000000000322e-01 4.678486686817144857e-01 4.245719904499170236e-03
1.350000000000000366e-01 4.375835111998629401e-01 4.074743103610552024e-03
1.400000000000000411e-01 4.064850390019967286e-01 4.001015956728702465e-03
1.450000000000000455e-01 3.794742698092636868e-01 3.932684902850236940e-03
1.500000000000000500e-01 3.536880125670235908e-01 4.079187141843837634e-03
1.550000000000000544e-01 3.307855182143849548e-01 4.100151412396232410e-03
1.600000000000000588e-01 3.126268787532285320e-01 4.118972366967018663e-03
1.650000000000000633e-01 2.977698321937158332e-01 4.150600275578412469e-03
1.700000000000000677e-01 2.769978948456987555e-01 4.167305101568337562e-03
1.750000000000000722e-01 2.676594975262703291e-01 4.128169279408074044e-03
1.800000000000000766e-01 2.515980075931752991e-01 3.601398513114429864e-03
1.850000000000000810e-01 2.378760432842482453e-01 3.566590957427471630e-03
1.900000000000000855e-01 2.244491019970209500e-01 3.468873589141545800e-03
1.950000000000000899e-01 2.151381804031663181e-01 3.453800997220599859e-03
2.000000000000000944e-01 2.079262081819601704e-01 3.547040842762932793e-03
2.050000000000000988e-01 1.952003860497610321e-01 3.594726070563469475e-03
2.100000000000001033e-01 1.889145619159885992e-01 3.529224288772273531e-03
2.150000000000001077e-01 1.844903863710581071e-01 3.597129725380499715e-03
2.200000000000001121e-01 1.781474585092345519e-01 3.501165477001626225e-03
2.250000000000001166e-01 1.674104402737320585e-01 3.488955422331804692e-03
2.300000000000001210e-01 1.625351049760730970e-01 3.398466897610152599e-03
2.350000000000001255e-01 1.579910318322193252e-01 3.571811075123480176e-03
2.400000000000001299e-01 1.471651409957497048e-01 3.787198733033872618e-03
2.450000000000001343e-01 1.437769403416391811e-01 3.682813599007507283e-03
2.500000000000001110e-01 1.444042397590124538e-01 3.872162904319608953e-03
2.550000000000001155e-01 1.384648765188261077e-01 3.773193191400972101e-03
2.600000000000001199e-01 1.340519479420042015e-01 4.008031101320113330e-03
2.650000000000001243e-01 1.274585766714330937e-01 3.834649755759428000e-03
2.700000000000001288e-01 1.252109412942277733e-01 4.008924210456862522e-03
2.750000000000001332e-01 1.265965621781570405e-01 3.851501706024295247e-03
2.800000000000001377e-01 1.196555488803428408e-01 3.864727648284839098e-03
2.850000000000001421e-01 1.167472632014092682e-01 3.917965927588723529e-03
2.900000000000001465e-01 1.148532672675697253e-01 3.747222167615780770e-03
2.950000000000001510e-01 1.095227927631040182e-01 3.755168620909862722e-03
3.000000000000001554e-01 1.088737347606798800e-01 3.837345054794656478e-03
3.050000000000001599e-01 1.017383390405275784e-01 3.869814237431576202e-03
3.100000000000001643e-01 1.028371238886892636e-01 3.809052702329041983e-03
3.150000000000001688e-01 1.016880234499691893e-01 3.748453635102424759e-03
3.200000000000001732e-01 1.013963075523165447e-01 3.725771019461460772e-03
3.250000000000001776e-01 1.003406357211342331e-01 3.673968605897192340e-03
3.300000000000001821e-01 9.313416395731645425e-02 3.575679766428542603e-03
3.350000000000001865e-01 9.225013457786160331e-02 3.588691695119711547e-03
3.400000000000001910e-01 8.604450619385518861e-02 3.441305393724917658e-03
3.450000000000001954e-01 8.450365023639075379e-02 3.587843227511045008e-03
3.500000000000001998e-01 8.459344046109751325e-02 3.337037428320753160e-03
3.550000000000002043e-01 8.992973708177186276e-02 3.510684033121510769e-03
3.600000000000002087e-01 8.755336724128523485e-02 3.453776859843149787e-03
3.650000000000002132e-01 8.360414808660937558e-02 3.387359411520173350e-03
3.700000000000002176e-01 8.368277387573340442e-02 3.394779493814302062e-03
3.750000000000002220e-01 8.561441364959060385e-02 3.395542238970723509e-03
3.800000000000002265e-01 8.020019066955755282e-02 3.476327197784373057e-03
3.850000000000002309e-01 7.958563237465107743e-02 3.225874383392821065e-03
3.900000000000002354e-01 7.608203520309962664e-02 3.561419528053571485e-03
3.950000000000002398e-01 7.786313290487903438e-02 3.468838016970600402e-03
4.000000000000002442e-01 7.432367954379706654e-02 3.314019289980609483e-03
4.050000000000002487e-01 7.214546236679038327e-02 3.156259629713788293e-03
4.100000000000002531e-01 7.814120234163199341e-02 3.121312112234986714e-03
4.150000000000002576e-01 7.217060959124003972e-02 3.071180158790959725e-03
4.200000000000002620e-01 7.128214630760240644e-02 3.082719443539663155e-03
4.250000000000002665e-01 7.131998501080163977e-02 3.181330060227163109e-03
4.300000000000002709e-01 6.659340699252229434e-02 3.029763347086679697e-03
4.350000000000002753e-01 6.985780007910356859e-02 3.103450055107526400e-03
4.400000000000002798e-01 6.678795538437536095e-02 3.036747377416657186e-03
4.450000000000002842e-01 7.007143979331244277e-02 2.999557193153488781e-03
4.500000000000002887e-01 6.678604882175112611e-02 2.924377640156697322e-03
4.550000000000002931e-01 6.957189305941605117e-02 2.916767212177981145e-03
4.600000000000002975e-01 6.691976661645067381e-02 2.874502257733362130e-03
4.650000000000003020e-01 6.441420265339856122e-02 2.888621907555757613e-03
4.700000000000003064e-01 6.616570481255661107e-02 2.840915215286603061e-03
4.750000000000003109e-01 6.429210006533592203e-02 2.913992112065695497e-03
4.800000000000003153e-01 6.515512266120562779e-02 3.138821843978777896e-03
4.850000000000003197e-01 6.138601283789226620e-02 3.246085310035310909e-03
4.900000000000003242e-01 5.797940563926253649e-02 2.849372639868054131e-03
4.950000000000003286e-01 6.042532017602453287e-02 2.785213365596891661e-03
5.000000000000000000e-01 6.300956782427248604e-02 2.805426458815996234e-03
5.100000000000000089e-01 6.072557340844464413e-02 1.931090144800812073e-03
5.200000000000000178e-01 6.011279365036535649e-02 1.920501175267866865e-03
5.300000000000000266e-01 5.788140514368016187e-02 1.877161483759360282e-03
5.400000000000000355e-01 5.702234405250198451e-02 1.879340333488234384e-03
5.500000000000000444e-01 5.616356743286943232e-02 1.836217005863235259e-03
5.600000000000000533e-01 5.470569507322518843e-02 1.832054564790349749e-03
5.700000000000000622e-01 5.586365777901678570e-02 1.821155950485275204e-03
5.800000000000000711e-01 5.256769070699492119e-02 1.773838033676746091e-03
5.900000000000000799e-01 5.282134116049330697e-02 1.745818685993766458e-03
6.000000000000000888e-01 5.201510284191081940e-02 1.736641415343968342e-03
6.100000000000000977e-01 4.933181736189089228e-02 1.723816823251405174e-03
6.200000000000001066e-01 4.874601780687930208e-02 1.672617070489191464e-03
6.300000000000001155e-01 4.819287404068633290e-02 1.688746813115906504e-03
6.400000000000001243e-01 4.914484797030917174e-02 1.647160017023201585e-03
6.500000000000001332e-01 4.627015440657031992e-02 1.663063593089531477e-03
6.600000000000001421e-01 4.591521971978400340e-02 1.647760380363569267e-03
6.700000000000001510e-01 4.682009036224704657e-02 1.644882687234098693e-03
6.800000000000001599e-01 4.479924290779831869e-02 1.627837541641150151e-03
6.900000000000001688e-01 4.496615250946187081e-02 1.601295563826155011e-03
7.000000000000001776e-01 4.220733844944722646e-02 1.565411891122323344e-03
7.100000000000001865e-01 4.520444858051259063e-02 1.591228773674664351e-03
7.200000000000001954e-01 4.431343739010513982e-02 1.558258090718102383e-03
7.300000000000002043e-01 4.152305213581643228e-02 1.569207963761721017e-03
7.400000000000002132e-01 4.090316472754642468e-02 1.538075120756726309e-03
7.500000000000002220e-01 4.023510969075326515e-02 1.521758679650840607e-03
7.600000000000002309e-01 4.012664710029956866e-02 1.513425516509686033e-03
7.700000000000002398e-01 4.039830399315241793e-02 1.514639982068414353e-03
7.800000000000002487e-01 3.869343534613067098e-02 1.517334689706539667e-03
7.900000000000002576e-01 3.933193796813968385e-02 1.521623099906340088e-03
8.000000000000002665e-01 3.778672776532469857e-02 1.493398766703436147e-03
8.100000000000002753e-01 3.993176557454710535e-02 1.468918201194375226e-03
8.200000000000002842e-01 3.700351399674272485e-02 1.468913132591225836e-03
8.300000000000002931e-01 3.857434976669645021e-02 1.488562909571932878e-03
8.400000000000003020e-01 3.669531381789009616e-02 1.478400800260272919e-03
8.500000000000003109e-01 3.553504093237699196e-02 1.460614818959872843e-03
8.600000000000003197e-01 3.537058085578011213e-02 1.464400676152978259e-03
8.700000000000003286e-01 3.560971030395413545e-02 1.457549757447079274e-03
8.800000000000003375e-01 3.537467727381687216e-02 1.480716535346454643e-03
8.900000000000003464e-01 3.472032012824647490e-02 1.397928994743081414e-03
9.000000000000003553e-01 3.354242297386130639e-02 1.368825070667393107e-03
9.100000000000003642e-01 3.367213688073043831e-02 1.320971184625509536e-03
9.200000000000003730e-01 3.461272863387322707e-02 1.310126070541902396e-03
9.300000000000003819e-01 3.355357564705652856e-02 1.322265537654773553e-03
9.400000000000003908e-01 3.361631864074508813e-02 1.296013226424975063e-03
9.500000000000003997e-01 3.249938403346961519e-02 1.291454997366687542e-03
9.600000000000004086e-01 3.377675597677844144e-02 1.250977326894504426e-03
9.700000000000004174e-01 3.332018791289616949e-02 1.248508134994472801e-03
9.800000000000004263e-01 3.437149788945585704e-02 1.252822161282959000e-03
9.900000000000004352e-01 3.318828331811154303e-02 1.252354291034242940e-03
1.000000000000000000e+00 3.306791019238905505e-02 1.235197171713324276e-03
1.030000000000000027e+00 3.234093707748793289e-02 7.167402227052678543e-04
1.060000000000000053e+00 3.212235278529435023e-02 7.341816625152548792e-04
1.090000000000000080e+00 3.257195411813306601e-02 7.537444687778572291e-04
1.120000000000000107e+00 3.307117003353633733e-02 7.604419069677030270e-04
1.150000000000000133e+00 3.337706947256507961e-02 7.666701567330435393e-04
1.180000000000000160e+00 3.305981621938740289e-02 7.640790244275432949e-04
1.210000000000000187e+00 3.392174395313548446e-02 7.840465997677612204e-04
1.240000000000000213e+00 3.572210231444893080e-02 8.090511666436679163e-04
1.270000000000000240e+00 3.558949158592038253e-02 8.622301513184926379e-04
1.300000000000000266e+00 3.744595819770300815e-02 9.179145522358311002e-04
1.330000000000000293e+00 3.916773054151194422e-02 1.003444641867627662e-03
1.360000000000000320e+00 4.031926280432534399e-02 3.207137700256783644e-03
1.390000000000000346e+00 4.553648691738115817e-02 1.618518947881857628e-01
1.420000000000000373e+00 3.973487854860809770e-02 1.487773831547380392e-03
1.450000000000000400e+00 4.150133658750522481e-02 1.574886602822968360e-03
1.480000000000000426e+00 4.180737255582649137e-02 1.794900027876022985e-03
1.510000000000000453e+00 4.224325559990854684e-02 2.036231871858868846e-03
1.540000000000000480e+00 4.250188682813647867e-02 2.346267316215311285e-03
1.570000000000000506e+00 4.099468139551745022e-02 2.696047843245620492e-03
1.600000000000000533e+00 4.069237945035868165e-02 3.090564362192415888e-03
1.630000000000000560e+00 3.966574917564354152e-02 3.522673666545027543e-03
1.660000000000000586e+00 3.825677338672939243e-02 3.991085849620407133e-03
1.690000000000000613e+00 3.587639646343204758e-02 4.529353340166294289e-03
1.720000000000000639e+00 3.336755511560894616e-02 5.127499563923371313e-03
1.750000000000000666e+00 2.954367620286615231e-02 5.764310600043166984e-03
1.780000000000000693e+00 2.710304062859840088e-02 6.829155924213125249e-03
1.810000000000000719e+00 2.182340828542224040e-02 7.867176959340407491e-03
1.840000000000000746e+00 1.787644129603021062e-02 8.465990077862306507e-03
1.870000000000000773e+00 1.458128552164557681e-02 8.818206773323244291e-03
1.900000000000000799e+00 9.851331913464591791e-03 9.315213361124620797e-03
1.930000000000000826e+00 4.490894529514434519e-03 9.734838633271512484e-03
1.960000000000000853e+00 1.581444676232245756e-03 1.013882663494070253e-02
1.990000000000000879e+00 -3.970663917731265366e-04 1.055671824551313205e-02
2.020000000000000906e+00 -3.523609327105026254e-03 1.047252317790858117e-02
2.050000000000000711e+00 -6.205565321313066991e-03 1.035451009597176258e-02
2.080000000000000959e+00 -3.997884078316448972e-03 1.048966686110050332e-02
2.110000000000001208e+00 -8.477452697135175880e-03 1.058527624223529195e-02
2.140000000000001013e+00 -7.903378825209198683e-03 1.056471932602342893e-02
2.170000000000000817e+00 -6.025027211621259218e-03 1.025361258656160533e-02
2.200000000000001066e+00 -5.343744945644291269e-03 9.554017896251995948e-03
2.230000000000001315e+00 -6.735190662841052285e-03 8.738869697033494963e-03
2.260000000000001119e+00 -7.780386503425116076e-03 7.926374709612223068e-03
2.290000000000000924e+00 -6.690528581906417423e-03 7.499519204505960407e-03
2.320000000000001172e+00 -5.671204543911879947e-03 7.240326179091842972e-03
2.350000000000001421e+00 -3.941601324589117175e-03 7.033277392889342693e-03
2.380000000000001226e+00 -6.668169748243669981e-03 6.898202672479067203e-03
2.410000000000001030e+00 -6.585505915972909678e-03 3.716953123366371209e-02
2.440000000000001279e+00 -5.537118653493068414e-03 8.028016028584052111e-02
2.470000000000001528e+00 -3.292448794020552769e-03 6.413796326172990780e-03
2.500000000000001332e+00 -4.427987318297475598e-03 6.229982727287060665e-03
2.530000000000001137e+00 -4.215220049167456122e-03 6.115643408841905243e-03
2.560000000000001386e+00 -3.825514667129016437e-03 5.979534355538729425e-03
2.590000000000001634e+00 -5.180192955664963961e-03 5.872639590371563079e-03
2.620000000000001439e+00 -3.623450386784331841e-03 5.774917842343555222e-03
2.650000000000001243e+00 -4.842641154048708645e-03 5.741913103864946556e-03
2.680000000000001492e+00 -4.048851748965675949e-03 5.745123763997891410e-03
2.710000000000001741e+00 -3.960099390397918764e-03 5.614332113891487910e-03
2.740000000000001545e+00 -4.373496773955887380e-03 5.511842798859891736e-03
2.770000000000001350e+00 -2.656469911618186599e-03 5.368680224098499112e-03
2.800000000000001599e+00 -3.825744644160568482e-03 5.194011471348645125e-03
2.830000000000001847e+00 -3.768033282314275749e-03 6.122823883959700904e-03
2.860000000000001652e+00 -3.957674751371210477e-03 4.848605805701051638e-03
2.890000000000001457e+00 -4.610272799199055353e-03 4.665592733711760275e-03
2.920000000000001705e+00 -3.955578751682287120e-03 4.461183407038160631e-03
2.950000000000001954e+00 -3.715834663940675766e-03 4.257366697409880989e-03
2.980000000000001759e+00 -2.621231415641722771e-03 4.053174087548584367e-03
3.010000000000001563e+00 -3.918380485703788774e-03 3.859159813377187678e-03
3.040000000000001812e+00 -3.406532501160586864e-03 3.758856288869040323e-03
3.070000000000002061e+00 -2.740585250682658035e-03 3.502940272394997577e-03
3.100000000000001865e+00 -1.828469471632865242e-03 3.314434704387192454e-03
3.130000000000001670e+00 -1.991923089040658571e-03 3.058622539408034722e-03
3.160000000000001918e+00 -7.331282603568526051e-04 3.143322817470295492e-03
3.190000000000002167e+00 -3.645258691023615136e-04 3.164804464321904504e-03
