# q_A^-1 corrected_I conditional_sigma; independently selected residual baseline
5.000000000000000104e-03 3.961507884971695148e+00 3.231728031904970599e+00
6.000000000000000125e-03 4.709282122873854171e+00 1.474066723001421497e+00
7.000000000000000146e-03 4.521380455404633736e+00 7.168433662416258123e-01
8.000000000000000167e-03 4.486903066948591423e+00 3.885142298530171456e-01
9.000000000000001055e-03 4.559826050946518272e+00 2.469249652635520653e-01
1.000000000000000021e-02 4.404650382338246573e+00 1.776174204600056150e-01
1.099999999999999936e-02 4.413960325409010288e+00 1.378479166778459886e-01
1.200000000000000025e-02 4.515859532904031859e+00 1.105136061328087643e-01
1.300000000000000114e-02 4.403485951083094818e+00 9.264121201158649621e-02
1.400000000000000203e-02 4.320533686785944738e+00 7.911110198475204691e-02
1.499999999999999944e-02 4.305361475367606161e+00 6.767665412320947316e-02
1.600000000000000033e-02 4.297829787949490665e+00 5.885890447331647291e-02
1.700000000000000122e-02 4.242300783043917001e+00 5.257838997130218073e-02
1.800000000000000211e-02 4.241469360732634364e+00 4.754364856831790054e-02
1.899999999999999953e-02 4.098821377855588644e+00 4.376533648919718467e-02
2.000000000000000042e-02 4.069575083669346505e+00 3.985695485939189098e-02
2.100000000000000130e-02 3.985584733829264259e+00 3.732752689253913958e-02
2.200000000000000219e-02 3.964482846626388834e+00 3.511450460973292859e-02
2.300000000000000308e-02 3.885778380522645570e+00 3.272326734827298023e-02
2.400000000000000050e-02 3.875825876053538455e+00 3.101046661380850791e-02
2.500000000000000139e-02 3.768229953988821102e+00 2.964013955335999262e-02
2.600000000000000228e-02 3.691563576285382453e+00 2.827930152645517434e-02
2.699999999999999969e-02 3.660213483502489762e+00 2.714351324962712905e-02
2.800000000000000058e-02 3.601567726816499171e+00 2.552837159287174237e-02
2.900000000000000147e-02 3.495098571166170842e+00 2.499697231997098298e-02
3.000000000000000236e-02 3.447583774154238334e+00 2.426591702157144051e-02
3.100000000000000325e-02 3.392180675954811875e+00 2.348614795905141009e-02
3.200000000000000067e-02 3.302629502628731561e+00 2.239179613574958719e-02
3.300000000000000155e-02 3.251911333199731136e+00 2.203693747164794589e-02
3.400000000000000244e-02 3.154552711549108768e+00 2.144828631980353825e-02
3.499999999999999639e-02 3.099955273025034597e+00 2.084295714925606113e-02
3.599999999999999728e-02 3.046817886558025990e+00 2.049838897742830776e-02
3.699999999999999817e-02 2.992615208435133844e+00 1.983342660287356479e-02
3.799999999999999906e-02 2.920204985615757920e+00 1.951577081965956764e-02
3.899999999999999994e-02 2.819836962680218218e+00 1.899182548592962330e-02
4.000000000000000083e-02 2.797075406869001579e+00 1.857298797053935635e-02
4.100000000000000172e-02 2.717717496854687553e+00 1.817266249251086804e-02
4.199999999999999567e-02 2.662808442876816617e+00 1.796513915865745672e-02
4.299999999999999656e-02 2.621052950648391722e+00 1.756829662182868637e-02
4.399999999999999745e-02 2.522460731713105364e+00 1.722416956382797834e-02
4.499999999999999833e-02 2.471100016530475951e+00 1.692023165741373195e-02
4.599999999999999922e-02 2.430704302582243237e+00 1.642246261361994877e-02
4.700000000000000011e-02 2.389646206717405352e+00 1.627891891278027484e-02
4.800000000000000100e-02 2.309633637879548118e+00 1.602992435846848154e-02
4.899999999999999495e-02 2.261604885175991342e+00 1.576009505822952017e-02
5.000000000000000278e-02 2.217423489159284777e+00 1.563812658112995191e-02
5.200000000000000455e-02 2.095704738149707591e+00 1.058118456851522143e-02
5.400000000000000633e-02 1.992482314380231712e+00 1.034233715028199177e-02
5.600000000000000810e-02 1.900312934439648771e+00 1.037981362625664712e-02
5.800000000000000988e-02 1.796913170688860806e+00 1.038183347249064040e-02
6.000000000000001166e-02 1.733908875813395811e+00 1.021951785792809750e-02
6.200000000000001343e-02 1.651263891145913432e+00 9.726156665356948047e-03
6.400000000000001521e-02 1.577877705740535763e+00 9.453415652081064227e-03
6.600000000000001699e-02 1.496998258760233735e+00 9.175502486201806557e-03
6.800000000000001876e-02 1.417847034330930400e+00 8.925472906740195347e-03
7.000000000000002054e-02 1.352865955344143334e+00 8.745792613476107216e-03
7.200000000000002232e-02 1.301404265979642760e+00 8.627812000821135155e-03
7.400000000000002409e-02 1.254465689869604272e+00 8.582004186328640732e-03
7.600000000000002587e-02 1.188505227665611619e+00 8.342801748270104248e-03
7.800000000000002764e-02 1.129343594329399014e+00 8.288074379435534517e-03
8.000000000000002942e-02 1.099977468778044587e+00 8.361347776146024063e-03
8.200000000000003120e-02 1.043676935229148173e+00 8.320436014280273643e-03
8.400000000000003297e-02 1.005191427387025493e+00 8.011931587994004095e-03
8.600000000000003475e-02 9.750488122004996594e-01 7.828696440276828455e-03
8.800000000000003653e-02 9.292417029717636723e-01 7.882641711644758006e-03
9.000000000000003830e-02 8.980442115326005004e-01 7.881022508089979492e-03
9.200000000000004008e-02 8.628516255547253877e-01 7.774794599402535221e-03
9.400000000000004186e-02 8.367103161348909968e-01 7.722251887986843200e-03
9.600000000000004363e-02 7.909811450598389637e-01 7.729261788917423000e-03
9.800000000000004541e-02 7.676884780652221130e-01 7.665336445005972200e-03
1.000000000000000056e-01 7.410728650843652066e-01 7.597212439753480914e-03
1.050000000000000100e-01 6.794065918237841561e-01 4.683317660083395270e-03
1.100000000000000144e-01 6.205510327582034469e-01 4.573029750445926911e-03
1.150000000000000189e-01 5.821003430305867754e-01 4.468694022604860309e-03
1.200000000000000233e-01 5.224134514691239906e-01 4.383399368737420435e-03
1.250000000000000278e-01 4.898733940603463566e-01 4.426937919360768650e-03
1.300000000000000322e-01 4.606223894334833813e-01 4.457642097759079852e-03
1.350000000000000366e-01 4.320914218749400959e-01 4.279859439350560714e-03
1.400000000000000411e-01 4.004319509989883175e-01 4.203120827915725853e-03
1.450000000000000455e-01 3.744097289931543893e-01 4.132137104204501067e-03
1.500000000000000500e-01 3.501419499843466676e-01 4.286132266359011893e-03
1.550000000000000544e-01 3.261972571537724574e-01 4.309963830675789427e-03
1.600000000000000588e-01 3.069639144014590926e-01 4.328563139816105423e-03
1.650000000000000633e-01 2.906210772531731545e-01 4.361818312629626992e-03
1.700000000000000677e-01 2.724616623183835351e-01 4.380678888462686930e-03
1.750000000000000722e-01 2.640511399171429074e-01 4.340780399018090950e-03
1.800000000000000766e-01 2.439981772679589711e-01 3.788710712597718935e-03
1.850000000000000810e-01 2.328272091387864895e-01 3.749502851095941596e-03
1.900000000000000855e-01 2.203651910958055460e-01 3.659500038218433619e-03
1.950000000000000899e-01 2.107054250552000130e-01 3.631529762803177054e-03
2.000000000000000944e-01 2.067039285976503549e-01 3.752332760118310025e-03
2.050000000000000988e-01 1.945498414487686067e-01 3.780662511176848851e-03
2.100000000000001033e-01 1.853703502104966927e-01 3.721134114537092558e-03
2.150000000000001077e-01 1.875420926596826354e-01 3.778775234812660477e-03
2.200000000000001121e-01 1.743233622671249983e-01 3.668835732253729939e-03
2.250000000000001166e-01 1.683698678893850720e-01 3.678127044068338607e-03
2.300000000000001210e-01 1.604106015118878514e-01 3.573117460325551335e-03
2.350000000000001255e-01 1.588207570635712662e-01 3.752963795411303882e-03
2.400000000000001299e-01 1.478396022881983407e-01 3.969151836601149223e-03
2.450000000000001343e-01 1.406677516673735528e-01 3.872015927962374395e-03
2.500000000000001110e-01 1.411434875219965135e-01 4.070395998922842103e-03
2.550000000000001155e-01 1.349660446973080241e-01 3.969620693150047869e-03
2.600000000000001199e-01 1.319494236294565526e-01 4.220353619323675282e-03
2.650000000000001243e-01 1.228714890832219020e-01 4.044415394408393087e-03
2.700000000000001288e-01 1.234836144628236737e-01 4.240095221576163816e-03
2.750000000000001332e-01 1.257061590877318336e-01 4.045114243487215461e-03
2.800000000000001377e-01 1.198336652601763308e-01 4.092899686598523365e-03
2.850000000000001421e-01 1.151434040556576638e-01 4.132748658528140329e-03
2.900000000000001465e-01 1.155624873663468055e-01 3.967497283612913053e-03
2.950000000000001510e-01 1.055953384202505535e-01 3.984945534939309149e-03
3.000000000000001554e-01 1.047137977562226513e-01 4.026119604993100634e-03
3.050000000000001599e-01 1.039591135874965433e-01 4.082314689831101177e-03
3.100000000000001643e-01 1.005899830280375384e-01 3.989339467997907521e-03
3.150000000000001688e-01 1.019564292549401258e-01 3.938711730422332982e-03
3.200000000000001732e-01 9.853110276038692938e-02 3.911504197381154499e-03
3.250000000000001776e-01 9.908722187819776761e-02 3.852484063193486671e-03
3.300000000000001821e-01 8.990030372263126124e-02 3.774380843672884515e-03
3.350000000000001865e-01 9.345002302453611631e-02 3.774535955719857290e-03
3.400000000000001910e-01 8.423329922031423667e-02 3.633310842258508869e-03
3.450000000000001954e-01 8.518663401534069812e-02 3.778213860044558458e-03
3.500000000000001998e-01 8.214396550381011797e-02 3.492426991750733484e-03
3.550000000000002043e-01 8.850913699948879942e-02 3.694545163277863052e-03
3.600000000000002087e-01 8.404941264957249691e-02 3.639950322875546481e-03
3.650000000000002132e-01 8.251942329075348526e-02 3.564991610870190362e-03
3.700000000000002176e-01 8.198652371778493431e-02 3.582498869525209580e-03
3.750000000000002220e-01 8.405679558533184215e-02 3.578104819286549981e-03
3.800000000000002265e-01 7.789058744603033491e-02 3.647532262929411087e-03
3.850000000000002309e-01 7.735854989673457416e-02 3.388481325979686432e-03
3.900000000000002354e-01 7.312807988767763834e-02 3.739904758273229855e-03
3.950000000000002398e-01 7.595410083213469110e-02 3.640552128057944915e-03
4.000000000000002442e-01 7.283784048867869565e-02 3.508629844138528697e-03
4.050000000000002487e-01 7.486597627714156045e-02 3.320039256405283180e-03
4.100000000000002531e-01 7.501155709930325266e-02 3.278854396141059942e-03
4.150000000000002576e-01 7.148907190434752867e-02 3.240406121610900532e-03
4.200000000000002620e-01 7.324305652249302190e-02 3.248537702498979253e-03
4.250000000000002665e-01 7.073546084950846358e-02 3.346861392328856488e-03
4.300000000000002709e-01 6.785553656206753936e-02 3.175793688195447783e-03
4.350000000000002753e-01 7.032537069524454065e-02 3.259654871730304545e-03
4.400000000000002798e-01 6.785573651390416905e-02 3.186506438926604672e-03
4.450000000000002842e-01 6.597987258012003031e-02 3.165041561047688724e-03
4.500000000000002887e-01 6.777691622949683081e-02 3.087847602678894104e-03
4.550000000000002931e-01 6.766807324009496694e-02 3.072423972139642998e-03
4.600000000000002975e-01 6.798386659140318034e-02 3.028010306894251148e-03
4.650000000000003020e-01 6.351466272344002961e-02 3.062327608179018969e-03
4.700000000000003064e-01 6.772434849531991374e-02 3.002499121449711452e-03
4.750000000000003109e-01 6.430444688223019289e-02 3.058291564089298149e-03
4.800000000000003153e-01 6.430731928524892338e-02 3.303683105617283549e-03
4.850000000000003197e-01 6.208929772112041501e-02 3.420355299334560534e-03
4.900000000000003242e-01 5.780607659938049453e-02 2.990271172158615563e-03
4.950000000000003286e-01 6.090350281753655060e-02 2.948599049944843932e-03
5.000000000000000000e-01 5.908288926573161681e-02 2.944049717054690162e-03
5.100000000000000089e-01 6.031228088375538421e-02 2.036863351669907906e-03
5.200000000000000178e-01 6.043740540362872726e-02 2.026518757555348903e-03
5.300000000000000266e-01 5.671700871624102414e-02 1.974110393198458876e-03
5.400000000000000355e-01 5.612530641489449357e-02 1.983568897465194832e-03
5.500000000000000444e-01 5.580629645844333714e-02 1.939024006314003486e-03
5.600000000000000533e-01 5.588300034883418588e-02 1.928539333205777371e-03
5.700000000000000622e-01 5.457011422749430407e-02 1.917364026810549184e-03
5.800000000000000711e-01 5.193484063442123377e-02 1.869558132183672108e-03
5.900000000000000799e-01 5.079424817700743666e-02 1.839462122921180437e-03
6.000000000000000888e-01 5.250729455296206799e-02 1.830253001243951558e-03
6.100000000000000977e-01 4.980336901258582138e-02 1.814991605034884129e-03
6.200000000000001066e-01 4.808842239258608042e-02 1.762456917535745651e-03
6.300000000000001155e-01 4.741450331968228432e-02 1.779466990989486165e-03
6.400000000000001243e-01 4.892655940733291881e-02 1.733467132804907083e-03
6.500000000000001332e-01 4.677472500906273284e-02 1.755881373143236297e-03
6.600000000000001421e-01 4.481509751299637967e-02 1.734949737792289889e-03
6.700000000000001510e-01 4.606762606737484222e-02 1.729764492010881210e-03
6.800000000000001599e-01 4.554815870962428126e-02 1.713437186382962179e-03
6.900000000000001688e-01 4.636625161408980400e-02 1.684946291296078504e-03
7.000000000000001776e-01 4.267542463186956014e-02 1.650579027315181909e-03
7.100000000000001865e-01 4.322373052209885907e-02 1.676595016137938767e-03
7.200000000000001954e-01 4.291720600776070815e-02 1.639592533206454513e-03
7.300000000000002043e-01 4.230341978391692626e-02 1.653355123360181677e-03
7.400000000000002132e-01 4.032279923156077001e-02 1.622249070631051658e-03
7.500000000000002220e-01 3.943285700669930255e-02 1.608246655505947724e-03
7.600000000000002309e-01 4.097635049921677375e-02 1.597250149752312692e-03
7.700000000000002398e-01 3.793647669615371476e-02 1.594948954269101568e-03
7.800000000000002487e-01 3.955716789831387192e-02 1.599331325026398650e-03
7.900000000000002576e-01 3.882408740045351775e-02 1.603885162823934663e-03
8.000000000000002665e-01 3.909495374929426725e-02 1.574149341679283555e-03
8.100000000000002753e-01 3.717253693214299382e-02 1.547904654953328454e-03
8.200000000000002842e-01 3.709466118092026587e-02 1.549285444079520841e-03
8.300000000000002931e-01 3.756428740683483841e-02 1.567813598756534954e-03
8.400000000000003020e-01 3.681822581206071338e-02 1.561005009855706603e-03
8.500000000000003109e-01 3.558783707343358971e-02 1.538684510536194499e-03
8.600000000000003197e-01 3.408107989911255548e-02 1.542143815340787016e-03
8.700000000000003286e-01 3.496689894845089741e-02 1.536508811021780130e-03
8.800000000000003375e-01 3.384788453627932125e-02 1.558813986677672330e-03
8.900000000000003464e-01 3.427663449775483762e-02 1.479399567944117031e-03
9.000000000000003553e-01 3.280914146143584786e-02 1.440911802174224413e-03
9.100000000000003642e-01 3.381089154884073938e-02 1.391319476139505447e-03
9.200000000000003730e-01 3.416494945742382106e-02 1.381945233331825307e-03
9.300000000000003819e-01 3.148086201716162463e-02 1.393657760262513069e-03
9.400000000000003908e-01 3.291353893499414374e-02 1.365779404410142218e-03
9.500000000000003997e-01 3.247549613942120328e-02 1.361265518703818353e-03
9.600000000000004086e-01 3.490209289980477497e-02 1.319540261782184377e-03
9.700000000000004174e-01 3.335433250689252144e-02 1.316724073491730949e-03
9.800000000000004263e-01 3.324834516999568973e-02 1.318688301026525690e-03
9.900000000000004352e-01 3.369571703997119999e-02 1.319959303448317361e-03
1.000000000000000000e+00 3.364054590039326775e-02 1.300386795056509073e-03
1.030000000000000027e+00 3.174184470751235942e-02 7.548806815942135607e-04
1.060000000000000053e+00 3.197233689566712778e-02 7.735739088675407452e-04
1.090000000000000080e+00 3.283543933150789157e-02 7.945635331217463767e-04
1.120000000000000107e+00 3.303641973542913168e-02 8.006943361774032045e-04
1.150000000000000133e+00 3.320028558961402032e-02 8.073317012141880593e-04
1.180000000000000160e+00 3.364754992257983079e-02 8.057655664532651068e-04
1.210000000000000187e+00 3.396511313198559423e-02 8.256489366502066211e-04
1.240000000000000213e+00 3.542288603111233558e-02 8.521845497753440359e-04
1.270000000000000240e+00 3.610185704459713957e-02 9.079016742899772814e-04
1.300000000000000266e+00 3.692901061501240034e-02 9.664416435317993133e-04
1.330000000000000293e+00 3.822171008430072514e-02 1.057078004817878659e-03
1.360000000000000320e+00 3.977317842021528549e-02 3.382937351812311411e-03
1.390000000000000346e+00 4.060183394876622914e-02 1.707274751320605743e-01
1.420000000000000373e+00 3.972419372952943478e-02 1.567129097737466996e-03
1.450000000000000400e+00 4.092435673044950151e-02 1.657917724805728528e-03
1.480000000000000426e+00 4.131699819690334147e-02 1.889474292948168039e-03
1.510000000000000453e+00 4.167331958837329486e-02 2.144190467631817195e-03
1.540000000000000480e+00 4.154660596287532148e-02 2.471288409369059354e-03
1.570000000000000506e+00 3.999548570936112268e-02 2.840187059901957620e-03
1.600000000000000533e+00 3.966373534384674132e-02 3.255885246287660434e-03
1.630000000000000560e+00 3.944909388454767574e-02 3.710414759898261923e-03
1.660000000000000586e+00 3.717444685719185904e-02 4.203470872827008535e-03
1.690000000000000613e+00 3.439745072651543417e-02 4.771142339478867678e-03
1.720000000000000639e+00 3.189874140088071186e-02 5.402256335435535496e-03
1.750000000000000666e+00 2.853804000451700199e-02 6.072453839316953837e-03
1.780000000000000693e+00 2.431815484450622344e-02 7.194348116639615216e-03
1.810000000000000719e+00 1.962936770889470856e-02 8.288759971485995526e-03
1.840000000000000746e+00 1.537390669373109829e-02 8.919782683092758804e-03
1.870000000000000773e+00 1.227032091399073155e-02 9.292029177921304686e-03
1.900000000000000799e+00 8.569564572694865490e-03 9.814514859176243916e-03
1.930000000000000826e+00 2.986826560912447717e-03 1.025669663931074588e-02
1.960000000000000853e+00 1.112485899914556582e-03 1.068331860665360476e-02
1.990000000000000879e+00 -1.222490213188276399e-03 1.112304759242447455e-02
2.020000000000000906e+00 -3.129654229165743182e-03 1.103565758366870965e-02
2.050000000000000711e+00 -4.557900672096366554e-03 1.091036354448649340e-02
2.080000000000000959e+00 -5.126664923806867336e-03 1.105022320111759791e-02
2.110000000000001208e+00 -5.700248708678697096e-03 1.115566291925402902e-02
2.140000000000001013e+00 -5.202239200572715550e-03 1.113429205693809015e-02
2.170000000000000817e+00 -5.201803451797668357e-03 1.080874435927620808e-02
2.200000000000001066e+00 -5.746974141680077572e-03 1.006784735069688602e-02
2.230000000000001315e+00 -6.009683924124836589e-03 9.207555282818153525e-03
2.260000000000001119e+00 -4.213281564103758640e-03 8.353696846419405783e-03
2.290000000000000924e+00 -3.060013742041731329e-03 7.904848164209443695e-03
2.320000000000001172e+00 -2.430604340775104153e-03 7.633820706701445989e-03
2.350000000000001421e+00 -1.663247941310459777e-03 7.414502749512125873e-03
2.380000000000001226e+00 -3.363299679961162612e-03 7.269900284148042048e-03
2.410000000000001030e+00 -2.524259073353392856e-03 3.913011799912933381e-02
2.440000000000001279e+00 -2.201209128897505061e-03 8.461068655818711204e-02
2.470000000000001528e+00 -2.860738592450100736e-04 6.760452058732321218e-03
2.500000000000001332e+00 -9.610595350360455263e-04 6.565925697287252477e-03
2.530000000000001137e+00 -1.270876822516608853e-03 6.446408842967890629e-03
2.560000000000001386e+00 -1.454381489150129072e-03 6.303779148190067662e-03
2.590000000000001634e+00 -1.150502409545151126e-03 6.188643656778687607e-03
2.620000000000001439e+00 -9.961900727580776539e-04 6.087222298377119659e-03
2.650000000000001243e+00 -7.218078498849742281e-04 6.051597802410968972e-03
2.680000000000001492e+00 -1.154395026818939764e-03 6.055774375682938630e-03
2.710000000000001741e+00 -2.575472054283315347e-03 5.918962592483686946e-03
2.740000000000001545e+00 -2.409163694121030375e-03 5.810286252303010525e-03
2.770000000000001350e+00 -1.087215999971361674e-03 5.659172707685683999e-03
2.800000000000001599e+00 -8.441505071123953704e-04 5.474495341523082613e-03
2.830000000000001847e+00 -2.664854887513179622e-03 6.455604972744131108e-03
2.860000000000001652e+00 -2.643212942569691387e-03 5.109495491256895762e-03
2.890000000000001457e+00 -2.321823016513906331e-03 4.916275574180855104e-03
2.920000000000001705e+00 -1.940263844212323325e-03 4.701927182655833010e-03
2.950000000000001954e+00 -9.684775685652027627e-04 4.487441648928413608e-03
2.980000000000001759e+00 -1.563611180542172265e-03 4.270834142313893571e-03
3.010000000000001563e+00 -2.959065294863347153e-03 4.067282658628329148e-03
3.040000000000001812e+00 -1.120725393265894392e-03 3.961512562223927503e-03
3.070000000000002061e+00 -1.363633593707103174e-03 3.691412586003936167e-03
3.100000000000001865e+00 -1.144089899037625856e-03 3.493144889653421355e-03
3.130000000000001670e+00 -6.961991193331705085e-04 3.222245432557241645e-03
3.160000000000001918e+00 7.658069766667572947e-04 3.309352386156964691e-03
3.190000000000002167e+00 1.189442735975513362e-03 3.334632587788869361e-03
