# q_A^-1 corrected_I conditional_sigma; independently selected residual baseline
6.000000000000000125e-03 2.956473992192716338e+00 5.468644645685716288e-01
7.000000000000000146e-03 2.229162383761170041e+00 2.552947346268001905e-01
8.000000000000000167e-03 2.132852562099971205e+00 1.550535926182100011e-01
9.000000000000001055e-03 1.966778410615779071e+00 1.021940681313743687e-01
1.000000000000000021e-02 1.787545316176448074e+00 7.520428272443391293e-02
1.099999999999999936e-02 1.672374434305286650e+00 6.117475638923064452e-02
1.200000000000000025e-02 1.708317678761423597e+00 5.320996228815098872e-02
1.300000000000000114e-02 1.669481950067886133e+00 4.627949011673294921e-02
1.400000000000000203e-02 1.655216530838650391e+00 4.245922484433929667e-02
1.499999999999999944e-02 1.635134464277162358e+00 3.833756838291052516e-02
1.600000000000000033e-02 1.610733403274894115e+00 3.511437410010543464e-02
1.700000000000000122e-02 1.646109151149916627e+00 3.198681344793758569e-02
1.800000000000000211e-02 1.615621137607075264e+00 2.976924499539489177e-02
1.899999999999999953e-02 1.565292252282348695e+00 2.839294202434439196e-02
2.000000000000000042e-02 1.566662824001497034e+00 2.673274350467538807e-02
2.100000000000000130e-02 1.578307812536486221e+00 2.546024233109599882e-02
2.200000000000000219e-02 1.526403035559845911e+00 2.438589561459771071e-02
2.300000000000000308e-02 1.511499705107738123e+00 2.333325486123072334e-02
2.400000000000000050e-02 1.486412114527529527e+00 2.250493460034611037e-02
2.500000000000000139e-02 1.463888523306229317e+00 2.179835395630336584e-02
2.600000000000000228e-02 1.443652243610551889e+00 2.126832292387456982e-02
2.699999999999999969e-02 1.417474294937474344e+00 2.062813342181505152e-02
2.800000000000000058e-02 1.423883752179561091e+00 1.987643497558119754e-02
2.900000000000000147e-02 1.397774900584870306e+00 1.957806299389842908e-02
3.000000000000000236e-02 1.386038910972261062e+00 1.922848917733634838e-02
3.100000000000000325e-02 1.368967006345484849e+00 1.873237633524660328e-02
3.200000000000000067e-02 1.335958747151823278e+00 1.833226198407048035e-02
3.300000000000000155e-02 1.342865274734320602e+00 1.793498973082595371e-02
3.400000000000000244e-02 1.275533874936425782e+00 1.749461812259242577e-02
3.499999999999999639e-02 1.299143252719421548e+00 1.724781284468576703e-02
3.599999999999999728e-02 1.260544442486700278e+00 1.700117249673506470e-02
3.699999999999999817e-02 1.264449705078844577e+00 1.680354278053767386e-02
3.799999999999999906e-02 1.235385414497846446e+00 1.649708895034095874e-02
3.899999999999999994e-02 1.196411305114857271e+00 1.605950904962365200e-02
4.000000000000000083e-02 1.198798124408902099e+00 1.597294592947124878e-02
4.100000000000000172e-02 1.146421247571519864e+00 1.568618072975913255e-02
4.199999999999999567e-02 1.166189894626292967e+00 1.548126098862260581e-02
4.299999999999999656e-02 1.119677545361363880e+00 1.511858223544223535e-02
4.399999999999999745e-02 1.072451914983864274e+00 1.486442546141386253e-02
4.499999999999999833e-02 1.079156653331911020e+00 1.488146166100701856e-02
4.599999999999999922e-02 1.051184685824246401e+00 1.448958671540156486e-02
4.700000000000000011e-02 1.056527315351471819e+00 1.418591400591571669e-02
4.800000000000000100e-02 1.024024042356757258e+00 1.395901746351972499e-02
4.899999999999999495e-02 9.747096757258876254e-01 1.386417746701543337e-02
5.000000000000000278e-02 9.635550886098656065e-01 1.367386169500234630e-02
5.200000000000000455e-02 9.407058414374827038e-01 9.473795341008037912e-03
5.400000000000000633e-02 9.057203959247314140e-01 9.212403364217839133e-03
5.600000000000000810e-02 8.540840723346260210e-01 9.225975468393297213e-03
5.800000000000000988e-02 8.444907937276551202e-01 9.371189455507553806e-03
6.000000000000001166e-02 7.934344368060282093e-01 9.296664775214805165e-03
6.200000000000001343e-02 7.675864935859344484e-01 8.931590098934830482e-03
6.400000000000001521e-02 7.347127253235666844e-01 8.640781678091921311e-03
6.600000000000001699e-02 7.012600367943004898e-01 8.461529447831914533e-03
6.800000000000001876e-02 6.736436314427463046e-01 8.236234928281026962e-03
7.000000000000002054e-02 6.496002883664850902e-01 8.103418901286713050e-03
7.200000000000002232e-02 6.206725590564569073e-01 7.901990246089580366e-03
7.400000000000002409e-02 6.082356795401863137e-01 7.968359123005456027e-03
7.600000000000002587e-02 5.788657071746825533e-01 7.870894592240473484e-03
7.800000000000002764e-02 5.565981654574729820e-01 7.642188329945040319e-03
8.000000000000002942e-02 5.404550505317451403e-01 7.708503917382045559e-03
8.200000000000003120e-02 5.180770423780205469e-01 7.767590641471810997e-03
8.400000000000003297e-02 4.966499698755491576e-01 7.705385918414755196e-03
8.600000000000003475e-02 4.745652318514039791e-01 7.440518212048973998e-03
8.800000000000003653e-02 4.582884694676666038e-01 7.380408375937778931e-03
9.000000000000003830e-02 4.438621187086565500e-01 7.449715802127976003e-03
9.200000000000004008e-02 4.242765118053828388e-01 7.406370034805814274e-03
9.400000000000004186e-02 4.157575357143092898e-01 7.339297508417466816e-03
9.600000000000004363e-02 4.022380162892140176e-01 7.309417827084021407e-03
9.800000000000004541e-02 3.839054333865163926e-01 7.288533794662266363e-03
1.000000000000000056e-01 3.733839259986163617e-01 7.256754358572834428e-03
1.050000000000000100e-01 3.450315190002524735e-01 4.502973008364557703e-03
1.100000000000000144e-01 3.135371931663005762e-01 4.412436542328133406e-03
1.150000000000000189e-01 2.922400179144148957e-01 4.329335531852614161e-03
1.200000000000000233e-01 2.578633927568949047e-01 4.242144409511630979e-03
1.250000000000000278e-01 2.410860436093998915e-01 4.219707871976405636e-03
1.300000000000000322e-01 2.229046775330270069e-01 4.335885226581043250e-03
1.350000000000000366e-01 2.036742976538581662e-01 4.183080098761279148e-03
1.400000000000000411e-01 1.887041647802836786e-01 4.094359767371509758e-03
1.450000000000000455e-01 1.738473564009732075e-01 4.023905772322540486e-03
1.500000000000000500e-01 1.622964439781278412e-01 4.050950817258597812e-03
1.550000000000000544e-01 1.541770626888704088e-01 4.167122006848484120e-03
1.600000000000000588e-01 1.375355172756468902e-01 4.206420220689165504e-03
1.650000000000000633e-01 1.327486854930129689e-01 4.211094451307718055e-03
1.700000000000000677e-01 1.215439393533998824e-01 4.247574135112544905e-03
1.750000000000000722e-01 1.113116848117516461e-01 4.249206347426278015e-03
1.800000000000000766e-01 1.062822485372800357e-01 4.220748196116314889e-03
1.850000000000000810e-01 9.890889129529074897e-02 4.198366003631209299e-03
1.900000000000000855e-01 8.925044979145158042e-02 4.169730842375278870e-03
1.950000000000000899e-01 8.874797766746599093e-02 4.206689560477085317e-03
2.000000000000000944e-01 8.634992079569780987e-02 3.888554304532320597e-03
2.050000000000000988e-01 7.472018631056132065e-02 3.987319476428079733e-03
2.100000000000001033e-01 7.097447884246246841e-02 3.941959656016028914e-03
2.150000000000001077e-01 6.408045527725955703e-02 3.962345333174802781e-03
2.200000000000001121e-01 6.575537447365813193e-02 3.826618286696431299e-03
2.250000000000001166e-01 5.957099968283447594e-02 3.764351298601620408e-03
2.300000000000001210e-01 6.410118950523234493e-02 3.786227421267901721e-03
2.350000000000001255e-01 5.234403929288353186e-02 3.738304247233401306e-03
2.400000000000001299e-01 6.474493012362901589e-02 3.860447096939636363e-03
2.450000000000001343e-01 5.385678745677503765e-02 4.001246617855544474e-03
2.500000000000001110e-01 5.094202262068713016e-02 3.876193281645099169e-03
2.550000000000001155e-01 4.857427898013513129e-02 4.110869635031822768e-03
2.600000000000001199e-01 4.488216098696121148e-02 4.023201396583897353e-03
2.650000000000001243e-01 3.547972772230619659e-02 4.181039035411459465e-03
2.700000000000001288e-01 4.780341338452176458e-02 4.252293906804423089e-03
2.750000000000001332e-01 3.884456012641053502e-02 4.018761260799439371e-03
2.800000000000001377e-01 4.393772360971143209e-02 4.501801575296988586e-03
2.850000000000001421e-01 3.161574604495760721e-02 4.187154629465709814e-03
2.900000000000001465e-01 4.210862940210247096e-02 4.322205825458281560e-03
2.950000000000001510e-01 3.421514927269448531e-02 4.232849448065292668e-03
3.000000000000001554e-01 3.357902704106919406e-02 4.295987895577947982e-03
3.050000000000001599e-01 3.304282041799650599e-02 4.220844781693505569e-03
3.100000000000001643e-01 3.926871681798511232e-02 4.182684437062355806e-03
3.150000000000001688e-01 3.860615776786432973e-02 4.191533206894544790e-03
3.200000000000001732e-01 3.073120772491344521e-02 3.974058504643441549e-03
3.250000000000001776e-01 3.282087797184344430e-02 3.974588485681348690e-03
3.300000000000001821e-01 2.970747105648377864e-02 4.021283527860686213e-03
3.350000000000001865e-01 2.767327992929873026e-02 3.868550789144932240e-03
3.400000000000001910e-01 3.134827452646057194e-02 3.894333911189524697e-03
3.450000000000001954e-01 3.052452101291848463e-02 3.978957472901596334e-03
3.500000000000001998e-01 2.742449796588989144e-02 3.688804369165265152e-03
3.550000000000002043e-01 3.165454294130309182e-02 3.873065800475070965e-03
3.600000000000002087e-01 2.558873055874994612e-02 3.746305490753185172e-03
3.650000000000002132e-01 2.745627031907797375e-02 3.823131788310148507e-03
3.700000000000002176e-01 2.706558569261798344e-02 3.672344471454782894e-03
3.750000000000002220e-01 2.502715081342615430e-02 3.556564623751615802e-03
3.800000000000002265e-01 2.657788626741483182e-02 3.519339172169084779e-03
3.850000000000002309e-01 2.878954144737456630e-02 3.581291279010832568e-03
3.900000000000002354e-01 2.520646911166171678e-02 3.409076702721232366e-03
3.950000000000002398e-01 2.801391706595376604e-02 3.498847624394976936e-03
4.000000000000002442e-01 2.454037953267210193e-02 3.437421732009529780e-03
4.050000000000002487e-01 2.934880782421981152e-02 3.837332491000248428e-03
4.100000000000002531e-01 2.601109466472463147e-02 3.699188152167547181e-03
4.150000000000002576e-01 2.393344255380814786e-02 3.875053437144688334e-03
4.200000000000002620e-01 2.588115071689327251e-02 3.329051840264038008e-03
4.250000000000002665e-01 2.158677574100997115e-02 3.315403517236129548e-03
4.300000000000002709e-01 2.183142169893145107e-02 3.405536110321163469e-03
4.350000000000002753e-01 2.295584118105803775e-02 3.401853671497759562e-03
4.400000000000002798e-01 2.531552174339752118e-02 3.281061151724987222e-03
4.450000000000002842e-01 2.315854638422643053e-02 3.201141708812360598e-03
4.500000000000002887e-01 2.289583089472327360e-02 3.305574457679162723e-03
4.550000000000002931e-01 1.668448518898901084e-02 3.190959620352656120e-03
4.600000000000002975e-01 2.603702262094027831e-02 3.198560479368988112e-03
4.650000000000003020e-01 2.049272799916872917e-02 3.138732057842719744e-03
4.700000000000003064e-01 2.354910456921829529e-02 3.238901773498349332e-03
4.750000000000003109e-01 2.159591058537346092e-02 3.041056255477980232e-03
4.800000000000003153e-01 2.028142883801318033e-02 3.263428498662016702e-03
4.850000000000003197e-01 2.221053961747942659e-02 3.096372552821772747e-03
4.900000000000003242e-01 1.821332538260933206e-02 3.138832172080242670e-03
4.950000000000003286e-01 1.967422560058978628e-02 2.961065308179889298e-03
5.000000000000000000e-01 2.207381762069466138e-02 3.472887516408500186e-03
5.100000000000000089e-01 2.011377976710347279e-02 2.204991999945509103e-03
5.200000000000000178e-01 1.978967665674743678e-02 2.043775153541744268e-03
5.300000000000000266e-01 1.888688091199513044e-02 2.086679121017906771e-03
5.400000000000000355e-01 2.047240589394404287e-02 2.027726099838895926e-03
5.500000000000000444e-01 1.800372786831565611e-02 1.992487901532895896e-03
5.600000000000000533e-01 2.101066049412996656e-02 1.931768909374146454e-03
5.700000000000000622e-01 1.649776670695743408e-02 1.908323560321456731e-03
5.800000000000000711e-01 1.826650833043870145e-02 1.946148223039918324e-03
5.900000000000000799e-01 1.651041369384220400e-02 1.916009244397799509e-03
6.000000000000000888e-01 1.616847952186676110e-02 1.979226341236665822e-03
6.100000000000000977e-01 1.951849858735307114e-02 1.934862734778085682e-03
6.200000000000001066e-01 1.660206783182101645e-02 1.895357731416885900e-03
6.300000000000001155e-01 1.707859182978017920e-02 1.876040817816104810e-03
6.400000000000001243e-01 1.490840605980960076e-02 1.842122037898075810e-03
6.500000000000001332e-01 1.625401265462784670e-02 1.823315141115541176e-03
6.600000000000001421e-01 1.818903471124930921e-02 1.804687229810965311e-03
6.700000000000001510e-01 1.646014707267678609e-02 1.854728361342103740e-03
6.800000000000001599e-01 1.502062842771657164e-02 1.820043534075722370e-03
6.900000000000001688e-01 1.601532377244242744e-02 1.813220062825757987e-03
7.000000000000001776e-01 1.538805858587943484e-02 1.842345091085944783e-03
7.100000000000001865e-01 1.340142382779009600e-02 1.803946953811044968e-03
7.200000000000001954e-01 1.325660449233368419e-02 1.827640869339756165e-03
7.300000000000002043e-01 1.363098392339160206e-02 1.824694745899384978e-03
7.400000000000002132e-01 1.463456341622586081e-02 1.826427850498887721e-03
7.500000000000002220e-01 1.234957536390518529e-02 1.807425113691525902e-03
7.600000000000002309e-01 1.288896674022640618e-02 1.822676130375773399e-03
7.700000000000002398e-01 1.540892907884459755e-02 1.836650682170483514e-03
7.800000000000002487e-01 1.525447058368350345e-02 1.881384845986706087e-03
7.900000000000002576e-01 1.368320761658079268e-02 1.885899784290982111e-03
8.000000000000002665e-01 1.365852397799476037e-02 1.864536678122632020e-03
8.100000000000002753e-01 1.645838248415424504e-02 1.848204548945764922e-03
8.200000000000002842e-01 1.127795139523232217e-02 1.868373365838801306e-03
8.300000000000002931e-01 1.292450735992576802e-02 1.902055704057552862e-03
8.400000000000003020e-01 1.152374265628044320e-02 1.932082948570267369e-03
8.500000000000003109e-01 1.316967767446160231e-02 1.920884634531854667e-03
8.600000000000003197e-01 1.068545885864096746e-02 1.940550534125427785e-03
8.700000000000003286e-01 1.067934854373802506e-02 1.927088037549007935e-03
8.800000000000003375e-01 1.318706630651982070e-02 1.869630125475577141e-03
8.900000000000003464e-01 1.282818597099879242e-02 1.816190285119413401e-03
9.000000000000003553e-01 1.313616162308305080e-02 1.802002102809944833e-03
9.100000000000003642e-01 1.251285619727529087e-02 1.842275958679605091e-03
9.200000000000003730e-01 1.091936401358163666e-02 1.815244375381198710e-03
9.300000000000003819e-01 1.288156014734419090e-02 1.822581392678243421e-03
9.400000000000003908e-01 1.154482249818849886e-02 1.827615627126130422e-03
9.500000000000003997e-01 1.084016435886058297e-02 1.854892017992260372e-03
9.600000000000004086e-01 9.907501572941276868e-03 1.849786734946860713e-03
9.700000000000004174e-01 1.220260592676572151e-02 1.876081163122291645e-03
9.800000000000004263e-01 1.131995584430792699e-02 1.922218046843802552e-03
9.900000000000004352e-01 9.918137575560313432e-03 1.936941064798639294e-03
1.000000000000000000e+00 1.104585051620650404e-02 1.958877883636272587e-03
1.030000000000000027e+00 1.195136824963267778e-02 1.216050267704315733e-03
1.060000000000000053e+00 1.033979743631584236e-02 1.287778193872319297e-03
1.090000000000000080e+00 1.124741512887737424e-02 1.358911887038005088e-03
1.120000000000000107e+00 1.131252896213208112e-02 1.352972498157093296e-03
1.150000000000000133e+00 1.155430144317747682e-02 1.364094995640764869e-03
1.180000000000000160e+00 1.335397035070904140e-02 1.565418533749138048e-03
1.210000000000000187e+00 1.275854928091690529e-02 1.753142430228895113e-03
1.240000000000000213e+00 1.315974666391132690e-02 1.889211290253896888e-03
1.270000000000000240e+00 1.199829330852621168e-02 2.056525473847526340e-03
1.300000000000000266e+00 1.386876140222508685e-02 2.247946773348031245e-03
1.330000000000000293e+00 1.313383385654577629e-02 2.531113482322060963e-03
1.360000000000000320e+00 1.335844542776795825e-02 2.843551145142564351e-03
1.390000000000000346e+00 1.369437144098191450e-02 3.671190152118083277e-03
1.420000000000000373e+00 1.381584645357467403e-02 3.878032356122865579e-03
1.450000000000000400e+00 1.501555207692606073e-02 3.984952793817529877e-03
1.480000000000000426e+00 1.494152449447276598e-02 4.376941219705207664e-03
1.510000000000000453e+00 1.460837295757550294e-02 4.877207760248422966e-03
1.540000000000000480e+00 1.585357439950044536e-02 5.482610772595682483e-03
1.570000000000000506e+00 1.382286353710115122e-02 6.158262130212154711e-03
1.600000000000000533e+00 1.366244812666533338e-02 6.889634027885328110e-03
1.630000000000000560e+00 1.316770196693093850e-02 7.720698303927947710e-03
1.660000000000000586e+00 1.508431827730227076e-02 8.626594827506304380e-03
1.690000000000000613e+00 1.226516805885379847e-02 9.524765889617786696e-03
1.720000000000000639e+00 1.012462955758245374e-02 1.045552896969586913e-02
1.750000000000000666e+00 1.025506945376652122e-02 1.152254785821129647e-02
1.780000000000000693e+00 9.053637684923324450e-03 1.331805972593951871e-02
1.810000000000000719e+00 7.445378298860055519e-03 1.497190424907418951e-02
1.840000000000000746e+00 5.669893952518705905e-03 1.588787481168917048e-02
1.870000000000000773e+00 3.239169436516798478e-03 1.631766185914039838e-02
1.900000000000000799e+00 2.980019084380843009e-03 1.696642767872740334e-02
1.930000000000000826e+00 7.466742340865165691e-04 1.754180559798847530e-02
1.960000000000000853e+00 1.942426268560061044e-03 1.803415211957472980e-02
1.990000000000000879e+00 4.215182001721984903e-04 2.536468692567923552e-02
2.020000000000000906e+00 -5.952503827424925065e-04 1.892588944172664614e-02
2.050000000000000711e+00 -2.225385862242520302e-03 1.883622244513753069e-02
2.080000000000000959e+00 -2.843808687390040474e-03 1.835405946172785976e-02
2.110000000000001208e+00 9.299575052975612126e-06 1.756971383860104693e-02
2.140000000000001013e+00 -3.674661866395926429e-03 1.680662264974831441e-02
2.170000000000000817e+00 -2.744422902606656351e-03 1.576815443624412366e-02
2.200000000000001066e+00 -2.612841515943529515e-03 1.480817399327150410e-02
2.230000000000001315e+00 -2.420493947817384164e-03 1.406468892228507697e-02
2.260000000000001119e+00 -1.425988409778979624e-03 1.348553596498651419e-02
2.290000000000000924e+00 -1.943503881408896461e-03 1.288577374774022705e-02
2.320000000000001172e+00 -3.611293785361182132e-03 1.235849816862592300e-02
2.350000000000001421e+00 -1.494572347419440657e-03 1.190530305898585689e-02
2.380000000000001226e+00 -1.239223991786092289e-03 1.197049973658453025e-02
2.410000000000001030e+00 -2.949303844113927969e-03 1.213020686471370617e-02
2.440000000000001279e+00 -1.714442836716736744e-03 1.149016118554450731e-02
2.470000000000001528e+00 -1.051787287055500671e-03 1.131794032671886580e-02
2.500000000000001332e+00 -1.277767675313764076e-03 1.103243735720035867e-02
2.530000000000001137e+00 -1.696142793414834793e-03 1.095043432606272911e-02
2.560000000000001386e+00 -9.725517510214533529e-04 1.096823355566586659e-02
2.590000000000001634e+00 -7.815997648742555211e-04 1.101955710272327880e-02
2.620000000000001439e+00 -2.348783565495715750e-04 1.107603909543686260e-02
2.650000000000001243e+00 -7.814553232820336485e-04 1.122086480607298667e-02
2.680000000000001492e+00 -6.702681982451316961e-04 1.163932753019116841e-02
2.710000000000001741e+00 6.831157197379439210e-04 1.195579858320215509e-02
2.740000000000001545e+00 -1.226625839304539348e-03 1.214937110833297709e-02
2.770000000000001350e+00 3.471637136589174940e-04 1.225844135719678096e-02
2.800000000000001599e+00 -1.219695328857159627e-03 1.228587927155918788e-02
2.830000000000001847e+00 6.380513433095145450e-04 1.225481401574731941e-02
2.860000000000001652e+00 1.091954893877956261e-03 1.216676794507782003e-02
2.890000000000001457e+00 4.040556398544304598e-04 1.203709631971336576e-02
2.920000000000001705e+00 8.215968123645976413e-05 1.184144463350643439e-02
2.950000000000001954e+00 1.638267865100808806e-03 1.164778621656100029e-02
2.980000000000001759e+00 -1.069216529202948176e-03 1.153983235370333732e-02
3.010000000000001563e+00 1.185236642824212582e-03 1.118019755243227463e-02
3.040000000000001812e+00 5.017412971898428230e-04 1.096956147618217102e-02
3.070000000000002061e+00 1.620288025040663880e-04 1.046109605229299938e-02
3.100000000000001865e+00 3.393586984449686894e-04 1.040526078248133098e-02
3.130000000000001670e+00 3.574577610671902158e-04 1.103181949433355673e-02
3.160000000000001918e+00 9.500418315726778980e-04 1.072695601386485648e-02
3.190000000000002167e+00 2.061700950305226949e-03 1.095447042860899466e-02
