# q_A^-1 corrected_I conditional_sigma; independently selected residual baseline
6.000000000000000125e-03 3.613139601738164508e+00 5.725744492950112230e-01
7.000000000000000146e-03 2.733274727003416782e+00 2.666849175577487574e-01
8.000000000000000167e-03 2.458596886999979247e+00 1.622224865685842343e-01
9.000000000000001055e-03 2.296361587325778331e+00 1.066289365343373596e-01
1.000000000000000021e-02 2.078268963402162939e+00 7.859536040490205933e-02
1.099999999999999936e-02 1.899475272748301302e+00 6.374869310736781813e-02
1.200000000000000025e-02 1.857417771652211780e+00 5.564336332038120198e-02
1.300000000000000114e-02 1.775306301393178465e+00 4.828515242911441546e-02
1.400000000000000203e-02 1.814045417696783069e+00 4.409235357994470417e-02
1.499999999999999944e-02 1.770960815935166854e+00 3.989321133849391826e-02
1.600000000000000033e-02 1.704073803862119707e+00 3.658390632276472404e-02
1.700000000000000122e-02 1.758420572920508240e+00 3.324156780995963373e-02
1.800000000000000211e-02 1.722288478356661878e+00 3.091588131656880858e-02
1.899999999999999953e-02 1.658054107350233286e+00 2.948140429635559903e-02
2.000000000000000042e-02 1.649248730876361480e+00 2.782796685089385449e-02
2.100000000000000130e-02 1.653612451569672626e+00 2.644626429841207341e-02
2.200000000000000219e-02 1.586887106548888760e+00 2.534608929195864002e-02
2.300000000000000308e-02 1.593868857296666830e+00 2.422207725645797102e-02
2.400000000000000050e-02 1.549872338964045637e+00 2.340268767168423442e-02
2.500000000000000139e-02 1.535583674385337716e+00 2.262076184780428476e-02
2.600000000000000228e-02 1.492974751670300249e+00 2.209019824961489659e-02
2.699999999999999969e-02 1.463988656003389899e+00 2.140922388578290342e-02
2.800000000000000058e-02 1.470578859285329498e+00 2.065834256764836549e-02
2.900000000000000147e-02 1.450805094263597272e+00 2.033760340627668514e-02
3.000000000000000236e-02 1.434876687638504622e+00 1.994278681305050940e-02
3.100000000000000325e-02 1.418720395699823555e+00 1.949892305236006207e-02
3.200000000000000067e-02 1.390735757722455723e+00 1.905056864787664159e-02
3.300000000000000155e-02 1.382427167581246952e+00 1.863253799019424367e-02
3.400000000000000244e-02 1.317000861672182888e+00 1.817584092961353759e-02
3.499999999999999639e-02 1.348545938886250406e+00 1.791875010311317837e-02
3.599999999999999728e-02 1.296588065505211329e+00 1.766862901173478495e-02
3.699999999999999817e-02 1.301248191879287308e+00 1.745457081795872417e-02
3.799999999999999906e-02 1.261001594589254982e+00 1.715324776307835739e-02
3.899999999999999994e-02 1.221971480508567520e+00 1.670043849465110974e-02
4.000000000000000083e-02 1.228792456918812448e+00 1.661117434770218934e-02
4.100000000000000172e-02 1.185174605917090007e+00 1.630023510427946673e-02
4.199999999999999567e-02 1.195801715417182054e+00 1.608923912487106311e-02
4.299999999999999656e-02 1.141242361732123456e+00 1.572651641205195794e-02
4.399999999999999745e-02 1.103951563125596946e+00 1.547306081161915238e-02
4.499999999999999833e-02 1.105563390930628387e+00 1.548204974529390418e-02
4.599999999999999922e-02 1.073075789230931498e+00 1.507758974031107868e-02
4.700000000000000011e-02 1.072826534735953352e+00 1.479057988845344958e-02
4.800000000000000100e-02 1.040771184846436714e+00 1.453214757121167565e-02
4.899999999999999495e-02 9.954763571221986185e-01 1.443816236308599447e-02
5.000000000000000278e-02 9.864599703361324190e-01 1.426351952655563124e-02
5.200000000000000455e-02 9.553046956191124650e-01 9.872635749789006321e-03
5.400000000000000633e-02 9.279838337120409619e-01 9.603091160987934152e-03
5.600000000000000810e-02 8.710637275821262460e-01 9.610441967330447463e-03
5.800000000000000988e-02 8.649492379013267174e-01 9.769027880118259094e-03
6.000000000000001166e-02 8.070993070888138332e-01 9.694718766254044329e-03
6.200000000000001343e-02 7.867475058900884610e-01 9.306867737442081276e-03
6.400000000000001521e-02 7.514330778949717127e-01 9.011657769227571571e-03
6.600000000000001699e-02 7.146478052740565801e-01 8.823893437972074594e-03
6.800000000000001876e-02 6.890040802633263795e-01 8.591928449738986048e-03
7.000000000000002054e-02 6.633699073285308501e-01 8.447982880459619856e-03
7.200000000000002232e-02 6.361032733821835317e-01 8.251581786502358920e-03
7.400000000000002409e-02 6.185656820930226507e-01 8.316657925016740158e-03
7.600000000000002587e-02 5.859567435793248125e-01 8.215924904824964403e-03
7.800000000000002764e-02 5.598293891302923431e-01 7.982977377435578059e-03
8.000000000000002942e-02 5.546074423150607613e-01 8.052382712519097832e-03
8.200000000000003120e-02 5.289344005786719149e-01 8.109480822811824391e-03
8.400000000000003297e-02 5.038815799631723991e-01 8.046385176592542321e-03
8.600000000000003475e-02 4.894580330781549971e-01 7.771699401519198934e-03
8.800000000000003653e-02 4.718754588303379904e-01 7.712208773628223893e-03
9.000000000000003830e-02 4.461426692269894745e-01 7.783901168791574655e-03
9.200000000000004008e-02 4.320647644038467794e-01 7.737901782948170860e-03
9.400000000000004186e-02 4.188960349438320963e-01 7.670679731436437152e-03
9.600000000000004363e-02 4.088409475422788986e-01 7.642551658981272360e-03
9.800000000000004541e-02 3.909950879943320801e-01 7.619890874670334248e-03
1.000000000000000056e-01 3.791214976271668480e-01 7.586212856815396574e-03
1.050000000000000100e-01 3.498655327352866440e-01 4.709953944938752475e-03
1.100000000000000144e-01 3.170801515318550923e-01 4.615505987354711660e-03
1.150000000000000189e-01 2.961581865124086055e-01 4.530624022169688417e-03
1.200000000000000233e-01 2.623642365852872915e-01 4.438529885330245832e-03
1.250000000000000278e-01 2.462691681051589199e-01 4.415036551301951794e-03
1.300000000000000322e-01 2.249934421354003178e-01 4.538363884769904162e-03
1.350000000000000366e-01 2.101041374120138083e-01 4.375512842068480721e-03
1.400000000000000411e-01 1.916988371909240929e-01 4.285734885778080469e-03
1.450000000000000455e-01 1.782918031573215156e-01 4.212256529744218270e-03
1.500000000000000500e-01 1.677215353898390271e-01 4.241215987586214632e-03
1.550000000000000544e-01 1.559608682126155110e-01 4.364344180081641475e-03
1.600000000000000588e-01 1.385681651639606993e-01 4.470202712467057950e-03
1.650000000000000633e-01 1.353027264962132492e-01 4.409914539593355262e-03
1.700000000000000677e-01 1.246343883634844218e-01 4.450341147870708752e-03
1.750000000000000722e-01 1.156353201558723703e-01 4.450203480879851362e-03
1.800000000000000766e-01 1.086152611838948900e-01 4.421862068083495800e-03
1.850000000000000810e-01 1.019236874262957060e-01 4.397012573233052661e-03
1.900000000000000855e-01 8.757437366841294701e-02 4.367108295849932847e-03
1.950000000000000899e-01 8.948949388304894281e-02 4.407306945076704119e-03
2.000000000000000944e-01 8.841427105925321606e-02 4.074192882833402654e-03
2.050000000000000988e-01 7.441829920496101369e-02 4.180422015703844085e-03
2.100000000000001033e-01 7.270049746713419525e-02 4.134187956751793347e-03
2.150000000000001077e-01 6.445469650009238993e-02 4.146638970873365443e-03
2.200000000000001121e-01 6.588955298046880737e-02 4.003300679134132178e-03
2.250000000000001166e-01 5.670217017592909386e-02 3.962316761489751912e-03
2.300000000000001210e-01 6.321407585125027317e-02 3.968493933715648223e-03
2.350000000000001255e-01 5.457205563347457961e-02 3.906534293528227467e-03
2.400000000000001299e-01 6.514743505832915060e-02 4.055430006189610082e-03
2.450000000000001343e-01 5.320434885221327070e-02 4.192391974590756361e-03
2.500000000000001110e-01 5.079831699611449258e-02 4.068839571740459973e-03
2.550000000000001155e-01 4.751286101643509285e-02 4.328105312112014678e-03
2.600000000000001199e-01 4.715712840592704846e-02 4.219128993504247561e-03
2.650000000000001243e-01 3.945366677131314365e-02 4.390046462334936707e-03
2.700000000000001288e-01 4.794165142150917658e-02 4.470351341901036141e-03
2.750000000000001332e-01 3.962907339277903923e-02 4.220409382964948435e-03
2.800000000000001377e-01 4.634719553680718279e-02 4.720586281439135591e-03
2.850000000000001421e-01 3.668444910219059718e-02 4.406246978196617405e-03
2.900000000000001465e-01 4.583190727902722306e-02 4.514711892185073461e-03
2.950000000000001510e-01 3.433369332374264227e-02 4.446520096626155674e-03
3.000000000000001554e-01 3.908569795010578829e-02 4.509220899004381770e-03
3.050000000000001599e-01 3.388900325162657462e-02 4.433612807726912235e-03
3.100000000000001643e-01 3.880608011182209993e-02 4.385244925521648851e-03
3.150000000000001688e-01 3.417994297564379974e-02 4.388819986622596522e-03
3.200000000000001732e-01 3.140925910427581902e-02 4.176864552912073515e-03
3.250000000000001776e-01 3.145138989763791859e-02 4.187153230603267266e-03
3.300000000000001821e-01 3.063497099454527001e-02 4.209977910216069347e-03
3.350000000000001865e-01 3.084913206354740131e-02 4.056493005486688785e-03
3.400000000000001910e-01 2.908157386850343182e-02 4.076748841989026075e-03
3.450000000000001954e-01 2.748205681647377524e-02 4.170121701959474646e-03
3.500000000000001998e-01 2.858679370421443947e-02 3.853483188894701525e-03
3.550000000000002043e-01 3.332935369175488161e-02 4.048277528509534179e-03
3.600000000000002087e-01 2.311758328181457225e-02 3.926379109107626386e-03
3.650000000000002132e-01 2.600801233560853798e-02 4.008887792443750417e-03
3.700000000000002176e-01 2.944378437063285489e-02 3.841176556283127166e-03
3.750000000000002220e-01 2.780711145195891368e-02 3.721057053263406109e-03
3.800000000000002265e-01 2.775405604553914801e-02 3.690504784391447027e-03
3.850000000000002309e-01 2.830495228163483132e-02 3.747327258403236692e-03
3.900000000000002354e-01 2.567147217155668626e-02 3.575249999776072655e-03
3.950000000000002398e-01 2.675975023657211488e-02 3.670591163261524483e-03
4.000000000000002442e-01 2.428835484902553202e-02 3.615068162062059446e-03
4.050000000000002487e-01 2.780495055299893672e-02 4.023737858157070031e-03
4.100000000000002531e-01 2.492441430827688556e-02 3.889563040144800206e-03
4.150000000000002576e-01 2.414028283643160008e-02 4.059929096491402857e-03
4.200000000000002620e-01 2.734167661644264224e-02 3.504902966848882050e-03
4.250000000000002665e-01 2.318577704246246526e-02 3.476946008087748643e-03
4.300000000000002709e-01 2.162465137511353913e-02 3.562215036799555676e-03
4.350000000000002753e-01 2.348165073357322274e-02 3.566565316405232149e-03
4.400000000000002798e-01 2.665703344686140563e-02 3.436419723605674964e-03
4.450000000000002842e-01 2.446382508895585811e-02 3.353235756471586310e-03
4.500000000000002887e-01 2.595175006960266650e-02 3.453976104158642743e-03
4.550000000000002931e-01 1.714458440066568903e-02 3.340062769544156675e-03
4.600000000000002975e-01 2.470285569035932105e-02 3.359321283743799038e-03
4.650000000000003020e-01 2.235217338618094088e-02 3.281834290677428274e-03
4.700000000000003064e-01 2.455905782556400477e-02 3.395594085456501727e-03
4.750000000000003109e-01 2.152625069686800452e-02 3.188436677951878885e-03
4.800000000000003153e-01 2.055052122495297853e-02 3.427549121837654769e-03
4.850000000000003197e-01 2.199010445536290007e-02 3.244674513408003520e-03
4.900000000000003242e-01 1.896852322797088972e-02 3.291942354172201074e-03
4.950000000000003286e-01 1.969148975385909620e-02 3.103181339509496900e-03
5.000000000000000000e-01 2.256967370258585945e-02 3.636081020851186438e-03
5.100000000000000089e-01 2.090774459921385456e-02 2.304297068489496482e-03
5.200000000000000178e-01 1.929560206083835022e-02 2.145502165470909196e-03
5.300000000000000266e-01 2.004691050936931521e-02 2.183330944365550856e-03
5.400000000000000355e-01 2.161359149983658676e-02 2.129788482792786732e-03
5.500000000000000444e-01 1.896621079874326668e-02 2.092601594117719354e-03
5.600000000000000533e-01 2.052912674240267923e-02 2.030141363297318941e-03
5.700000000000000622e-01 1.766325137078640292e-02 2.006409658094609420e-03
5.800000000000000711e-01 1.917295585798570179e-02 2.038459018156065904e-03
5.900000000000000799e-01 1.681950023564383195e-02 2.006033677799516982e-03
6.000000000000000888e-01 1.643677051983303064e-02 2.071824664091121392e-03
6.100000000000000977e-01 1.926920568594019112e-02 2.031093646702568107e-03
6.200000000000001066e-01 1.538761560978674919e-02 1.985411404064578098e-03
6.300000000000001155e-01 1.760494220741827542e-02 1.963792578620682412e-03
6.400000000000001243e-01 1.481773699987221082e-02 1.931717653023109875e-03
6.500000000000001332e-01 1.611411481182207714e-02 1.913521341199446793e-03
6.600000000000001421e-01 1.731649003493271333e-02 1.891791410129393643e-03
6.700000000000001510e-01 1.634060539118758343e-02 1.946591854906774399e-03
6.800000000000001599e-01 1.432730505703525871e-02 1.906899691429252489e-03
6.900000000000001688e-01 1.664709539406924663e-02 1.899206096689502613e-03
7.000000000000001776e-01 1.476216812560942476e-02 1.929570762304767080e-03
7.100000000000001865e-01 1.434402791391533628e-02 1.891566055748800015e-03
7.200000000000001954e-01 1.375246510468250763e-02 1.912468017978897084e-03
7.300000000000002043e-01 1.394790851558527257e-02 1.916712945506353219e-03
7.400000000000002132e-01 1.534363892349261196e-02 1.915940260420604443e-03
7.500000000000002220e-01 1.233411079693091765e-02 1.894784944672414564e-03
7.600000000000002309e-01 1.262775620041167897e-02 1.912214148195214101e-03
7.700000000000002398e-01 1.599069239156232849e-02 1.928211685642934343e-03
7.800000000000002487e-01 1.523642713579097599e-02 1.971785444547335345e-03
7.900000000000002576e-01 1.364146999910309348e-02 1.977837563443503310e-03
8.000000000000002665e-01 1.383631814560012420e-02 1.955642543884223306e-03
8.100000000000002753e-01 1.680105454364773376e-02 1.937021626455804257e-03
8.200000000000002842e-01 1.176526466957807972e-02 1.957900518636198923e-03
8.300000000000002931e-01 1.366124975876003775e-02 1.997484603420533050e-03
8.400000000000003020e-01 1.182579324758466742e-02 2.027742761065085865e-03
8.500000000000003109e-01 1.396365953258596818e-02 2.013934741014573263e-03
8.600000000000003197e-01 1.156740334403437778e-02 2.033219830434908944e-03
8.700000000000003286e-01 1.015939724074536692e-02 2.018722041706561519e-03
8.800000000000003375e-01 1.266825954417712986e-02 1.958640955181536504e-03
8.900000000000003464e-01 1.220633246179494806e-02 1.902358179913840163e-03
9.000000000000003553e-01 1.427621386773362047e-02 1.891092211497531978e-03
9.100000000000003642e-01 1.159470108148401638e-02 1.928410728720550459e-03
9.200000000000003730e-01 1.134556061461835207e-02 1.900327733592916714e-03
9.300000000000003819e-01 1.281322533476165690e-02 1.911323098508326641e-03
9.400000000000003908e-01 1.202578988301524106e-02 1.915175119835064044e-03
9.500000000000003997e-01 1.072694371138222143e-02 1.944478172544689826e-03
9.600000000000004086e-01 1.073668822144205164e-02 1.939482372958542056e-03
9.700000000000004174e-01 1.261488448906938377e-02 1.967665104078183957e-03
9.800000000000004263e-01 1.129572148083328280e-02 2.016206209290500716e-03
9.900000000000004352e-01 9.680976798950680778e-03 2.031968946752334398e-03
1.000000000000000000e+00 1.152885173783713309e-02 2.054732388727360717e-03
1.030000000000000027e+00 1.169641440854621121e-02 1.274559032746713089e-03
1.060000000000000053e+00 1.064665087554808078e-02 1.350611434794456991e-03
1.090000000000000080e+00 1.111980167206767789e-02 1.424091839461326565e-03
1.120000000000000107e+00 1.138747481923492108e-02 1.418526341657988174e-03
1.150000000000000133e+00 1.175356670106335669e-02 1.429988859991534241e-03
1.180000000000000160e+00 1.323144614395778927e-02 1.641065609960305934e-03
1.210000000000000187e+00 1.356983258991979746e-02 1.838227204428929734e-03
1.240000000000000213e+00 1.299675659380025890e-02 1.980789130488987398e-03
1.270000000000000240e+00 1.211815385153114377e-02 2.156019791000174553e-03
1.300000000000000266e+00 1.358132766484818239e-02 2.356507468344059587e-03
1.330000000000000293e+00 1.369307473123344485e-02 2.652984052377051639e-03
1.360000000000000320e+00 1.333698071043605896e-02 2.981499583671530680e-03
1.390000000000000346e+00 1.452600820821248716e-02 3.847383071733374675e-03
1.420000000000000373e+00 1.473962031071756815e-02 4.065556962272832281e-03
1.450000000000000400e+00 1.552460888710497332e-02 4.177108967963372339e-03
1.480000000000000426e+00 1.507902285261464997e-02 4.589074560981899233e-03
1.510000000000000453e+00 1.505679477659637583e-02 5.113084853763663444e-03
1.540000000000000480e+00 1.647215426560245249e-02 5.747410561573925054e-03
1.570000000000000506e+00 1.383024245714173893e-02 6.456107171789253821e-03
1.600000000000000533e+00 1.422802848761439004e-02 7.222945437127609863e-03
1.630000000000000560e+00 1.353607086796739314e-02 8.094775621746777561e-03
1.660000000000000586e+00 1.476183658374788203e-02 9.044509266626598459e-03
1.690000000000000613e+00 1.267383628002046250e-02 9.986366950659027186e-03
1.720000000000000639e+00 1.035131386139959489e-02 1.096302527941189590e-02
1.750000000000000666e+00 1.017737809315632028e-02 1.208145665920884980e-02
1.780000000000000693e+00 8.099529779375610333e-03 1.396430492190758876e-02
1.810000000000000719e+00 8.704899725321971204e-03 1.569688091171477992e-02
1.840000000000000746e+00 6.001085576248670929e-03 1.665750521426719033e-02
1.870000000000000773e+00 3.494034919595316157e-03 1.710901893168891713e-02
1.900000000000000799e+00 2.821734714832981657e-03 1.778922171640315644e-02
1.930000000000000826e+00 8.983961391781545517e-04 1.839230318961605076e-02
1.960000000000000853e+00 8.221294297293281874e-04 1.890848935889489005e-02
1.990000000000000879e+00 -6.261808464425283171e-04 2.659901101704020138e-02
2.020000000000000906e+00 -4.425591538814603381e-04 1.984404383161338103e-02
2.050000000000000711e+00 -6.671938279243885047e-04 1.975009848128038079e-02
2.080000000000000959e+00 -3.366905207552661154e-03 1.924563417474461913e-02
2.110000000000001208e+00 5.570768629797414771e-04 1.842270934148900266e-02
2.140000000000001013e+00 -3.490533030518396494e-03 1.762222427749552192e-02
2.170000000000000817e+00 -3.458113712758909691e-03 1.653341034716255750e-02
2.200000000000001066e+00 -2.638222254276096669e-03 1.552512453902574717e-02
2.230000000000001315e+00 -2.261701016793877562e-03 1.474656490183100070e-02
2.260000000000001119e+00 -1.055060148718583047e-03 1.413894366141394722e-02
2.290000000000000924e+00 -1.936351619767280683e-03 1.351066639916372568e-02
2.320000000000001172e+00 -3.779166784569302790e-03 1.295736986889030155e-02
2.350000000000001421e+00 -1.471760988934031796e-03 1.248212474492285673e-02
2.380000000000001226e+00 -9.184308142528535383e-04 1.255111569298668524e-02
2.410000000000001030e+00 -2.475630441855889482e-03 1.271796949536316106e-02
2.440000000000001279e+00 -1.286262868048696547e-03 1.204665314739314375e-02
2.470000000000001528e+00 -1.659056652402466150e-03 1.186695005666679389e-02
2.500000000000001332e+00 -1.251842958366144879e-03 1.156658054336828258e-02
2.530000000000001137e+00 -1.221586460451550135e-03 1.147987953313278804e-02
2.560000000000001386e+00 -1.190209016731887375e-03 1.149895377501760144e-02
2.590000000000001634e+00 -1.122145160161473667e-03 1.155339752811664414e-02
2.620000000000001439e+00 -5.869933669412216119e-04 1.161287834181191046e-02
2.650000000000001243e+00 -5.401316711823866967e-04 1.176439852079614636e-02
2.680000000000001492e+00 -7.643052999327072054e-04 1.220318181195384315e-02
2.710000000000001741e+00 8.659046957583833295e-04 1.253447297841734850e-02
2.740000000000001545e+00 -1.559058963852880640e-03 1.273784587858619102e-02
2.770000000000001350e+00 9.101158024357970319e-04 1.285234791662318715e-02
2.800000000000001599e+00 -3.904695296655751849e-04 1.288132902219185465e-02
2.830000000000001847e+00 8.519818106807549750e-04 1.284909327290436123e-02
2.860000000000001652e+00 2.396871652791697017e-04 1.275647382683027867e-02
2.890000000000001457e+00 5.660406548855969992e-04 1.262072411719820410e-02
2.920000000000001705e+00 1.802518382289814574e-04 1.241593668494614909e-02
2.950000000000001954e+00 1.265145819422960980e-03 1.221292496606140449e-02
2.980000000000001759e+00 -5.096089308325050865e-04 1.209822006217463851e-02
3.010000000000001563e+00 1.238611618903373568e-03 1.172255107594697560e-02
3.040000000000001812e+00 -1.969286358896573318e-04 1.149985968416095648e-02
3.070000000000002061e+00 7.389504273060549513e-04 1.096827557472097696e-02
3.100000000000001865e+00 6.640114253521786592e-04 1.090913370185159562e-02
3.130000000000001670e+00 1.502157584269346287e-04 1.156899735808825450e-02
3.160000000000001918e+00 7.593874947726152787e-04 1.124475259263743240e-02
3.190000000000002167e+00 1.687947955806036286e-03 1.148737652888116682e-02
