# q_A^-1 corrected_I conditional_sigma; independently selected residual baseline
6.000000000000000125e-03 2.619267327831540371e+00 6.002784210135928555e-01
7.000000000000000146e-03 1.970293883177313354e+00 2.796034401532091485e-01
8.000000000000000167e-03 1.965578449313480691e+00 1.705342068328840888e-01
9.000000000000001055e-03 1.797532995548482448e+00 1.117218050236507693e-01
1.000000000000000021e-02 1.638254794628108080e+00 8.233081992387296377e-02
1.099999999999999936e-02 1.555755084834549606e+00 6.699261239454970540e-02
1.200000000000000025e-02 1.631752766195883941e+00 5.819009397315417359e-02
1.300000000000000114e-02 1.615139715603546966e+00 5.040126483783016059e-02
1.400000000000000203e-02 1.573655751100690336e+00 4.635416396757494756e-02
1.499999999999999944e-02 1.565385797209538410e+00 4.174953813742886960e-02
1.600000000000000033e-02 1.562801846216589352e+00 3.814366362660605997e-02
1.700000000000000122e-02 1.588435718348801595e+00 3.473131416631422552e-02
1.800000000000000211e-02 1.560846016681611825e+00 3.232057233159325166e-02
1.899999999999999953e-02 1.517657786166408007e+00 3.080794884983429488e-02
2.000000000000000042e-02 1.524253844795485646e+00 2.893739055289971246e-02
2.100000000000000130e-02 1.539637862762687659e+00 2.758729305905273030e-02
2.200000000000000219e-02 1.495343647754661331e+00 2.641431756255704227e-02
2.300000000000000308e-02 1.469202032362072252e+00 2.531277956591374348e-02
2.400000000000000050e-02 1.453824431708777398e+00 2.437737279626298048e-02
2.500000000000000139e-02 1.427072094373714073e+00 2.361758653546113321e-02
2.600000000000000228e-02 1.418324469201492022e+00 2.304052269733591202e-02
2.699999999999999969e-02 1.393588541957679672e+00 2.234799228779717206e-02
2.800000000000000058e-02 1.399905183665788089e+00 2.153205935789272857e-02
2.900000000000000147e-02 1.370543179506605203e+00 2.120100203071242223e-02
3.000000000000000236e-02 1.360960052684189847e+00 2.083638687042580623e-02
3.100000000000000325e-02 1.343417968568932697e+00 2.028216044387198824e-02
3.200000000000000067e-02 1.307830011993931008e+00 1.986348424456555600e-02
3.300000000000000155e-02 1.322549708137250368e+00 1.942449536938534865e-02
3.400000000000000244e-02 1.254240016882929076e+00 1.897513560150166159e-02
3.499999999999999639e-02 1.273774305768887949e+00 1.869383552892862205e-02
3.599999999999999728e-02 1.242035554990708723e+00 1.841428875128059070e-02
3.699999999999999817e-02 1.245553184829968352e+00 1.820280595760025502e-02
3.799999999999999906e-02 1.222231159856312255e+00 1.786871559930749628e-02
3.899999999999999994e-02 1.183285809642411479e+00 1.739616214325830426e-02
4.000000000000000083e-02 1.183395629336245536e+00 1.730448340556501804e-02
4.100000000000000172e-02 1.126520874367038294e+00 1.702132754079709390e-02
4.199999999999999567e-02 1.150983824490431129e+00 1.679466951972128155e-02
4.299999999999999656e-02 1.108603720738541076e+00 1.641458329351670395e-02
4.399999999999999745e-02 1.056276419992163706e+00 1.613965475988358295e-02
4.499999999999999833e-02 1.065596436727164198e+00 1.613956585509477085e-02
4.599999999999999922e-02 1.039943308399192023e+00 1.573835669254267100e-02
4.700000000000000011e-02 1.048157445937818899e+00 1.539947458795602221e-02
4.800000000000000100e-02 1.015424158375570318e+00 1.515793034678716671e-02
4.899999999999999495e-02 9.640457041980522446e-01 1.507028736981448104e-02
5.000000000000000278e-02 9.517931223179988409e-01 1.484929272673282154e-02
5.200000000000000455e-02 9.332091325334025411e-01 1.029901826558749303e-02
5.400000000000000633e-02 8.942878197636805471e-01 1.001362516349542375e-02
5.600000000000000810e-02 8.453647899102340046e-01 1.004299014134959339e-02
5.800000000000000988e-02 8.339851061790130027e-01 1.019473095644375486e-02
6.000000000000001166e-02 7.864173412554086307e-01 1.011556386917127071e-02
6.200000000000001343e-02 7.577470548351527002e-01 9.734658614448310140e-03
6.400000000000001521e-02 7.261265983274396429e-01 9.411919810821478896e-03
6.600000000000001699e-02 6.943852367641554224e-01 9.220538894026981264e-03
6.800000000000001876e-02 6.657558333997456446e-01 8.977393171667069627e-03
7.000000000000002054e-02 6.425294029535426610e-01 8.834930867774343222e-03
7.200000000000002232e-02 6.127486787270296498e-01 8.615878692588781890e-03
7.400000000000002409e-02 6.029310836346758462e-01 8.690707637771917515e-03
7.600000000000002587e-02 5.752243641560823573e-01 8.584422765630414509e-03
7.800000000000002764e-02 5.549388884362956853e-01 8.340654084108172980e-03
8.000000000000002942e-02 5.331876061024750646e-01 8.416510969052224192e-03
8.200000000000003120e-02 5.125016422209294209e-01 8.479663144105108186e-03
8.400000000000003297e-02 4.929364403710937981e-01 8.416612871914636376e-03
8.600000000000003475e-02 4.669175771673966246e-01 8.129788298196436933e-03
8.800000000000003653e-02 4.513113668219705388e-01 8.061385798072131723e-03
9.000000000000003830e-02 4.426910251992423051e-01 8.138153904925950546e-03
9.200000000000004008e-02 4.202771388494149218e-01 8.095896573916339795e-03
9.400000000000004186e-02 4.141458739477976159e-01 8.021104606971985948e-03
9.600000000000004363e-02 3.988473218619645877e-01 7.991356994396370608e-03
9.800000000000004541e-02 3.802647999392596567e-01 7.968773047256920775e-03
1.000000000000000056e-01 3.704376054326039558e-01 7.933472373340952344e-03
1.050000000000000100e-01 3.425491876228024535e-01 4.925383436196467159e-03
1.100000000000000144e-01 3.117178361677725995e-01 4.829075965394444454e-03
1.150000000000000189e-01 2.902279853911208241e-01 4.737610624402927538e-03
1.200000000000000233e-01 2.555521486288014898e-01 4.646113129102490309e-03
1.250000000000000278e-01 2.384244391386047823e-01 4.624230162965821400e-03
1.300000000000000322e-01 2.218320686831595778e-01 4.751512586001154989e-03
1.350000000000000366e-01 2.003724880483188087e-01 4.586658245684971033e-03
1.400000000000000411e-01 1.871663600288737128e-01 4.488136315439341523e-03
1.450000000000000455e-01 1.715650729314970313e-01 4.413132622060041664e-03
1.500000000000000500e-01 1.595105862261680663e-01 4.442901067330035612e-03
1.550000000000000544e-01 1.532610544469472647e-01 4.570239112822976034e-03
1.600000000000000588e-01 1.370052386302965386e-01 4.604714148572258865e-03
1.650000000000000633e-01 1.314371509238020097e-01 4.621537851117235064e-03
1.700000000000000677e-01 1.199569520238969872e-01 4.660451860291194535e-03
1.750000000000000722e-01 1.090914396350410043e-01 4.663999854630779610e-03
1.800000000000000766e-01 1.050842150160453681e-01 4.632076807763925788e-03
1.850000000000000810e-01 9.736075274153144221e-02 4.608716496513455899e-03
1.900000000000000855e-01 9.011113753030927653e-02 4.577745993163419812e-03
1.950000000000000899e-01 8.836719907027476562e-02 4.617238446503637087e-03
2.000000000000000944e-01 8.528984903873691736e-02 4.267269555843920120e-03
2.050000000000000988e-01 7.487520941884256986e-02 4.380790697694207821e-03
2.100000000000001033e-01 7.008814495411752610e-02 4.323787183336009511e-03
2.150000000000001077e-01 6.388827735202108615e-02 4.357012551592984347e-03
2.200000000000001121e-01 6.568647199718777308e-02 4.205685118855203262e-03
2.250000000000001166e-01 6.104418240259670836e-02 4.132247762656464374e-03
2.300000000000001210e-01 6.455673435457448539e-02 4.167456141812657909e-03
2.350000000000001255e-01 5.119992279366109011e-02 4.099296000990695910e-03
2.400000000000001299e-01 6.453823840040461002e-02 4.243345392046465533e-03
2.450000000000001343e-01 5.419182349695540746e-02 4.390034436874649428e-03
2.500000000000001110e-01 5.101581740087307582e-02 4.249280438905740122e-03
2.550000000000001155e-01 4.911933144798109191e-02 4.498421781931211463e-03
2.600000000000001199e-01 4.371393447451928788e-02 4.409275092571406963e-03
2.650000000000001243e-01 3.343905631876208095e-02 4.584474159017779687e-03
2.700000000000001288e-01 4.773242628444715474e-02 4.662542010471633531e-03
2.750000000000001332e-01 3.844170196259968225e-02 4.417440825406462705e-03
2.800000000000001377e-01 4.270042721471632025e-02 4.946328018602055496e-03
2.850000000000001421e-01 2.901289852908121164e-02 4.590716729820728051e-03
2.900000000000001465e-01 4.019667589773570637e-02 4.765061354478973207e-03
2.950000000000001510e-01 3.415427530053461586e-02 4.654671544046092881e-03
3.000000000000001554e-01 3.075127711480715384e-02 4.718922712113638417e-03
3.050000000000001599e-01 3.260829409802430690e-02 4.621729172218719088e-03
3.100000000000001643e-01 3.950628701844721702e-02 4.602147147993352824e-03
3.150000000000001688e-01 4.087907887738298496e-02 4.599040188904859189e-03
3.200000000000001732e-01 3.038301917875438352e-02 4.367656418601117453e-03
3.250000000000001776e-01 3.352412860454358212e-02 4.349263884184590909e-03
3.300000000000001821e-01 2.923118730450625577e-02 4.413516268955779663e-03
3.350000000000001865e-01 2.604243694144130553e-02 4.252866486243120532e-03
3.400000000000001910e-01 3.251225594541153757e-02 4.286744271898837964e-03
3.450000000000001954e-01 3.208686749217387613e-02 4.372823989667856855e-03
3.500000000000001998e-01 2.682764339756107258e-02 4.052050063768578708e-03
3.550000000000002043e-01 3.079450498836839092e-02 4.259785680295601409e-03
3.600000000000002087e-01 2.685769807933838238e-02 4.108043414227763659e-03
3.650000000000002132e-01 2.819997036464336193e-02 4.203365920812747805e-03
3.700000000000002176e-01 2.584434853363737003e-02 4.041273938501084746e-03
3.750000000000002220e-01 2.359960345850392952e-02 3.915971544852695808e-03
3.800000000000002265e-01 2.597390719216180477e-02 3.874181302614082643e-03
3.850000000000002309e-01 2.903838453248415788e-02 3.951274598343829624e-03
3.900000000000002354e-01 2.496768375658051445e-02 3.750332055184547788e-03
3.950000000000002398e-01 2.865794868104164228e-02 3.839403048027187609e-03
4.000000000000002442e-01 2.466979761346358921e-02 3.777110990855276490e-03
4.050000000000002487e-01 3.014159939592783374e-02 4.215813500826352291e-03
4.100000000000002531e-01 2.656911971263022781e-02 4.060145148661585025e-03
4.150000000000002576e-01 2.382722727354205650e-02 4.257412385746547033e-03
4.200000000000002620e-01 2.513115093063819638e-02 3.662552295781883703e-03
4.250000000000002665e-01 2.076566696458842162e-02 3.642693857251767201e-03
4.300000000000002709e-01 2.193760105440551583e-02 3.737299797369055682e-03
4.350000000000002753e-01 2.268583087030699025e-02 3.733450745097313412e-03
4.400000000000002798e-01 2.462663735513227758e-02 3.620557213473146654e-03
4.450000000000002842e-01 2.248826813044645795e-02 3.522089976080996360e-03
4.500000000000002887e-01 2.132657510221763406e-02 3.639957977813385471e-03
4.550000000000002931e-01 1.644821802623612494e-02 3.512037717337844912e-03
4.600000000000002975e-01 2.672213536907644058e-02 3.511060484154396137e-03
4.650000000000003020e-01 1.953787766529759343e-02 3.449559949123445681e-03
4.700000000000003064e-01 2.303047992406779404e-02 3.549694204967182489e-03
4.750000000000003109e-01 2.163168187947085708e-02 3.348735868268975634e-03
4.800000000000003153e-01 2.014324626093598469e-02 3.581478178133358243e-03
4.850000000000003197e-01 2.232373605207979908e-02 3.395391470290814746e-03
4.900000000000003242e-01 1.782552108363988710e-02 3.440258781172433021e-03
4.950000000000003286e-01 1.966536022458662686e-02 3.247514088973520348e-03
5.000000000000000000e-01 2.181918882188567735e-02 3.815941585723256566e-03
5.100000000000000089e-01 1.970606809656030509e-02 2.426426161681254513e-03
5.200000000000000178e-01 2.004339063843047289e-02 2.246260713205283817e-03
5.300000000000000266e-01 1.829119003766784338e-02 2.290788628592331164e-03
5.400000000000000355e-01 1.988639166389111548e-02 2.227890886906815082e-03
5.500000000000000444e-01 1.750947987701498981e-02 2.185222821713667714e-03
5.600000000000000533e-01 2.125793458285479484e-02 2.127276752911493127e-03
5.700000000000000622e-01 1.589927458228850704e-02 2.098949242197093237e-03
5.800000000000000711e-01 1.780103527575240679e-02 2.140097765314867128e-03
5.900000000000000799e-01 1.635169357778190960e-02 2.104959916016080259e-03
6.000000000000000888e-01 1.603070846885705850e-02 2.173272570385815367e-03
6.100000000000000977e-01 1.964651386105157813e-02 2.123124670712303510e-03
6.200000000000001066e-01 1.722570545935212319e-02 2.080086353572719801e-03
6.300000000000001155e-01 1.680830379802007377e-02 2.063085981913734875e-03
6.400000000000001243e-01 1.495496584734501422e-02 2.022306584151913663e-03
6.500000000000001332e-01 1.632585208741999666e-02 2.004812522418258306e-03
6.600000000000001421e-01 1.863709819368216183e-02 1.983499848102131171e-03
6.700000000000001510e-01 1.652153334154961989e-02 2.036662739436044794e-03
6.800000000000001599e-01 1.537665934779616252e-02 2.001093647511192897e-03
6.900000000000001688e-01 1.569090050728270958e-02 1.996509137209091355e-03
7.000000000000001776e-01 1.570946179520727598e-02 2.021791045126634847e-03
7.100000000000001865e-01 1.291738389167172707e-02 1.982809229353122305e-03
7.200000000000001954e-01 1.300197336707347752e-02 2.010386720139776227e-03
7.300000000000002043e-01 1.346823886253539250e-02 2.004493047142151280e-03
7.400000000000002132e-01 1.427044356114293144e-02 2.007932665279844268e-03
7.500000000000002220e-01 1.235751662802710669e-02 1.985183876392926285e-03
7.600000000000002309e-01 1.302310188229342802e-02 2.003470408798801051e-03
7.700000000000002398e-01 1.511018575609765664e-02 2.017130237705457105e-03
7.800000000000002487e-01 1.526373613800669632e-02 2.067797080494338316e-03
7.900000000000002576e-01 1.370464044717745015e-02 2.072002901848166764e-03
8.000000000000002665e-01 1.356722427030551854e-02 2.047759401957047198e-03
8.100000000000002753e-01 1.628241575090083604e-02 2.032099247231471291e-03
8.200000000000002842e-01 1.102770944354126113e-02 2.052592283252996797e-03
8.300000000000002931e-01 1.254618018214600714e-02 2.091400210852018340e-03
8.400000000000003020e-01 1.136863559588097844e-02 2.121805255994227164e-03
8.500000000000003109e-01 1.276195726083017255e-02 2.109162528221865483e-03
8.600000000000003197e-01 1.023256844722272851e-02 2.132778989568605982e-03
8.700000000000003286e-01 1.094635056419371831e-02 2.118887143902453175e-03
8.800000000000003375e-01 1.345348058988498664e-02 2.053438337401362369e-03
8.900000000000003464e-01 1.314751615140076837e-02 1.996966746444299359e-03
9.000000000000003553e-01 1.255072938934356785e-02 1.980136391189885135e-03
9.100000000000003642e-01 1.298434125673567606e-02 2.024294852267656021e-03
9.200000000000003730e-01 1.070050629953575756e-02 1.995647042454710886e-03
9.300000000000003819e-01 1.291665099704873351e-02 2.003450141326597930e-03
9.400000000000003908e-01 1.129783924652071232e-02 2.007996549534352224e-03
9.500000000000003997e-01 1.089830469134947348e-02 2.038529064566166511e-03
9.600000000000004086e-01 9.481703023711145206e-03 2.033229140803537779e-03
9.700000000000004174e-01 1.199089531369086810e-02 2.060823440167728476e-03
9.800000000000004263e-01 1.133240051744355444e-02 2.112733477860259494e-03
9.900000000000004352e-01 1.003992283922471723e-02 2.128887099475236088e-03
1.000000000000000000e+00 1.079782286185563926e-02 2.152954936681128820e-03
1.030000000000000027e+00 1.208229049235275132e-02 1.336400867343592522e-03
1.060000000000000053e+00 1.018222404860199236e-02 1.415493394267943036e-03
1.090000000000000080e+00 1.131294636345532567e-02 1.494017153386050433e-03
1.120000000000000107e+00 1.127404325172792071e-02 1.487162898733254256e-03
1.150000000000000133e+00 1.145197604047932388e-02 1.499491024056812897e-03
1.180000000000000160e+00 1.341688818660833130e-02 1.720682138782527858e-03
1.210000000000000187e+00 1.234194433845596343e-02 1.926886498883565802e-03
1.240000000000000213e+00 1.324344426748187524e-02 2.076718180326534487e-03
1.270000000000000240e+00 1.193674329995610822e-02 2.260370322620741581e-03
1.300000000000000266e+00 1.401636251060782261e-02 2.470757681515397576e-03
1.330000000000000293e+00 1.284665611008454188e-02 2.782550413955506546e-03
1.360000000000000320e+00 1.336946785018163289e-02 3.125217644500985145e-03
1.390000000000000346e+00 1.326731472267432370e-02 4.036027680596611378e-03
1.420000000000000373e+00 1.334147609450129709e-02 4.262621207711125501e-03
1.450000000000000400e+00 1.475414452575310280e-02 4.380607069894940434e-03
1.480000000000000426e+00 1.487091722948098715e-02 4.810652968376671716e-03
1.510000000000000453e+00 1.437810229375397278e-02 5.361242096542781152e-03
1.540000000000000480e+00 1.553592527906968827e-02 6.026241963393945238e-03
1.570000000000000506e+00 1.381907436194517586e-02 6.768953428880190339e-03
1.600000000000000533e+00 1.337201496834014222e-02 7.572981255653980087e-03
1.630000000000000560e+00 1.297853955829059679e-02 8.486250348080811440e-03
1.660000000000000586e+00 1.524991698480317355e-02 9.482440561201324961e-03
1.690000000000000613e+00 1.205531140474118759e-02 1.046971847708300096e-02
1.720000000000000639e+00 1.000822410427094911e-02 1.149298863704456379e-02
1.750000000000000666e+00 1.029496501732311310e-02 1.266595911995079329e-02
1.780000000000000693e+00 9.543584987772147851e-03 1.463962657145265189e-02
1.810000000000000719e+00 6.798597025812043448e-03 1.645797538987372674e-02
1.840000000000000746e+00 5.499822578170884997e-03 1.746500782327622958e-02
1.870000000000000773e+00 3.108292566827829811e-03 1.793774019190778543e-02
1.900000000000000799e+00 3.061300247121636394e-03 1.865088731784205964e-02
1.930000000000000826e+00 6.687629855259456194e-04 1.928362350003717113e-02
1.960000000000000853e+00 2.517713834446112450e-03 1.982527545674981490e-02
1.990000000000000879e+00 9.595258187040857801e-04 2.787592767709588804e-02
2.020000000000000906e+00 -6.736593921576175320e-04 2.080535476757091468e-02
2.050000000000000711e+00 -3.025538528513994213e-03 2.070760327765948719e-02
2.080000000000000959e+00 -2.575191555414641040e-03 2.017658604744812512e-02
2.110000000000001208e+00 -2.719914646932016346e-04 1.931486795956432329e-02
2.140000000000001013e+00 -3.769214511846549851e-03 1.847568206582513722e-02
2.170000000000000817e+00 -2.377933027123066423e-03 1.733423415395348582e-02
2.200000000000001066e+00 -2.599808163826805747e-03 1.627959628214575849e-02
2.230000000000001315e+00 -2.502036263748373852e-03 1.546161966223329014e-02
2.260000000000001119e+00 -1.616465084377561885e-03 1.482597213451962090e-02
2.290000000000000924e+00 -1.947176664414052103e-03 1.416584610991876957e-02
2.320000000000001172e+00 -3.525088731713769009e-03 1.358698695978723982e-02
2.350000000000001421e+00 -1.506286288263298558e-03 1.308822909221369311e-02
2.380000000000001226e+00 -1.403955623492349463e-03 1.316041248326448032e-02
2.410000000000001030e+00 -3.192541537165351825e-03 1.333595887208659930e-02
2.440000000000001279e+00 -1.934319036843568009e-03 1.263147735023234693e-02
2.470000000000001528e+00 -7.399462616070588304e-04 1.244216324199993833e-02
2.500000000000001332e+00 -1.291080367800378917e-03 1.212843882843776984e-02
2.530000000000001137e+00 -1.939833883314900356e-03 1.203853671118593725e-02
2.560000000000001386e+00 -8.607818037647432634e-04 1.205789352280523842e-02
2.590000000000001634e+00 -6.067251024294678099e-04 1.211407632221097111e-02
2.620000000000001439e+00 -5.406254040250822247e-05 1.217585898017575947e-02
2.650000000000001243e+00 -9.053782797656360903e-04 1.233579029145010636e-02
2.680000000000001492e+00 -6.219788757569173158e-04 1.279603474084413037e-02
2.710000000000001741e+00 5.892511104301512972e-04 1.314386179350119505e-02
2.740000000000001545e+00 -1.055916937509444702e-03 1.335683011779468382e-02
2.770000000000001350e+00 5.808020861133080534e-05 1.347538593236440561e-02
2.800000000000001599e+00 -1.645513982496081161e-03 1.350681186516388375e-02
2.830000000000001847e+00 5.281951573621201544e-04 1.347238928897872591e-02
2.860000000000001652e+00 1.529605889644901221e-03 1.337536901096232286e-02
2.890000000000001457e+00 3.208741456492375348e-04 1.323288873119626841e-02
2.920000000000001705e+00 3.178803305111119269e-05 1.301773602281918948e-02
2.950000000000001954e+00 1.829871077746190403e-03 1.280455028504647735e-02
2.980000000000001759e+00 -1.356582593231013415e-03 1.268675199217486269e-02
3.010000000000001563e+00 1.157827871324103308e-03 1.229071643418503182e-02
3.040000000000001812e+00 8.605177493117482706e-04 1.206121773407575759e-02
3.070000000000002061e+00 -1.342282480699280871e-04 1.150020758804013929e-02
3.100000000000001865e+00 1.726451359791044663e-04 1.143922248535544049e-02
3.130000000000001670e+00 4.638793299905648706e-04 1.212550930475588505e-02
3.160000000000001918e+00 1.047945409929466670e-03 1.179232407713979268e-02
3.190000000000002167e+00 2.253628163696703469e-03 1.204167783624266949e-02
