# q_A^-1 corrected_I conditional_sigma; independently selected residual baseline
6.000000000000000125e-03 2.727944780347954623e+00 5.872219587492887305e-01
7.000000000000000146e-03 2.095637357463086214e+00 2.776116164280184040e-01
8.000000000000000167e-03 2.080235712935460501e+00 1.469368217813727673e-01
9.000000000000001055e-03 1.911399933930056694e+00 1.099031631701985756e-01
1.000000000000000021e-02 1.750083303170106852e+00 7.186593990297902856e-02
1.099999999999999936e-02 1.649743374878588353e+00 6.587664644609110554e-02
1.200000000000000025e-02 1.698665293463233139e+00 5.478956255006646459e-02
1.300000000000000114e-02 1.666007997028486898e+00 4.807284692578798341e-02
1.400000000000000203e-02 1.646215010959160674e+00 3.729218545989896466e-02
1.499999999999999944e-02 1.631947578083963402e+00 4.156191881956479428e-02
1.600000000000000033e-02 1.611892653787069696e+00 3.468452777439193224e-02
1.700000000000000122e-02 1.646578767408813038e+00 3.111953199491584304e-02
1.800000000000000211e-02 1.616908490222120021e+00 3.172886937873037327e-02
1.899999999999999953e-02 1.565770758256100903e+00 2.844397517749727711e-02
2.000000000000000042e-02 1.569189965270334497e+00 2.884843428720235831e-02
2.100000000000000130e-02 1.579786096687898489e+00 2.701763846948395872e-02
2.200000000000000219e-02 1.528843634157866616e+00 2.539976180353422860e-02
2.300000000000000308e-02 1.512939405796695169e+00 2.150898367749539547e-02
2.400000000000000050e-02 1.488213516109890833e+00 2.246804240070448058e-02
2.500000000000000139e-02 1.466663187937806923e+00 2.042173030688674770e-02
2.600000000000000228e-02 1.445437929378288189e+00 2.098380303152825796e-02
2.699999999999999969e-02 1.418525880167895048e+00 1.923762413932673249e-02
2.800000000000000058e-02 1.426345161843464826e+00 1.683006129279160032e-02
2.900000000000000147e-02 1.399310196119107452e+00 2.077536955451700362e-02
3.000000000000000236e-02 1.388154426259814223e+00 2.013947897055489225e-02
3.100000000000000325e-02 1.370690913629241781e+00 2.083071664454688721e-02
3.200000000000000067e-02 1.338375325274054894e+00 1.566219325856174974e-02
3.300000000000000155e-02 1.344914272302224489e+00 1.894767097805481401e-02
3.400000000000000244e-02 1.277773877671406488e+00 1.678300272447065880e-02
3.499999999999999639e-02 1.301120528221064054e+00 1.640850627676850373e-02
3.599999999999999728e-02 1.262939902471206688e+00 1.694348881047100241e-02
3.699999999999999817e-02 1.266393435614868279e+00 1.638092699522975329e-02
3.799999999999999906e-02 1.237020326444129292e+00 1.527323783921813102e-02
3.899999999999999994e-02 1.198019687142015677e+00 1.606946994994916389e-02
4.000000000000000083e-02 1.200775816335538870e+00 1.612317647737410153e-02
4.100000000000000172e-02 1.148355394415159214e+00 1.516184144860603655e-02
4.199999999999999567e-02 1.168491771191734419e+00 1.573607611624790181e-02
4.299999999999999656e-02 1.121123096360142180e+00 1.432633326705029173e-02
4.399999999999999745e-02 1.074168429039945583e+00 1.579736207501700532e-02
4.499999999999999833e-02 1.081295464093219305e+00 1.497447486368495319e-02
4.599999999999999922e-02 1.052661250221897049e+00 1.360165532977495630e-02
4.700000000000000011e-02 1.057969217944293439e+00 1.395887229786816827e-02
4.800000000000000100e-02 1.025326827132124530e+00 1.388708399854493569e-02
4.899999999999999495e-02 9.766051392934590458e-01 1.316078175272188990e-02
5.000000000000000278e-02 9.655757017286440425e-01 1.343662462797903454e-02
5.200000000000000455e-02 9.420321580958659347e-01 9.401251029749275318e-03
5.400000000000000633e-02 9.075614899043171757e-01 9.044140956813436633e-03
5.600000000000000810e-02 8.557483029869932256e-01 8.976820186992851697e-03
5.800000000000000988e-02 8.462609904217017753e-01 8.982357762536020279e-03
6.000000000000001166e-02 7.948284006040572391e-01 9.502128353228363536e-03
6.200000000000001343e-02 7.694016896683542051e-01 8.765533922454602986e-03
6.400000000000001521e-02 7.363716385984796498e-01 8.112145266324819262e-03
6.600000000000001699e-02 7.027278491581451236e-01 8.478992729753321439e-03
6.800000000000001876e-02 6.752845414009142067e-01 8.655477103205208231e-03
7.000000000000002054e-02 6.511810697535418413e-01 8.154237480294352844e-03
7.200000000000002232e-02 6.223422691326285783e-01 8.324318091427329938e-03
7.400000000000002409e-02 6.093583566596704193e-01 8.206148320266948293e-03
7.600000000000002587e-02 5.797943085886828607e-01 7.557276618522228151e-03
7.800000000000002764e-02 5.570314427076396013e-01 7.198959270137651398e-03
8.000000000000002942e-02 5.420984119890267516e-01 7.740486128197019387e-03
8.200000000000003120e-02 5.194304150451664048e-01 7.505627166430500416e-03
8.400000000000003297e-02 4.975466156324296896e-01 6.654084070764984364e-03
8.600000000000003475e-02 4.765968789224121482e-01 7.644233412297875806e-03
8.800000000000003653e-02 4.597983949084227806e-01 7.277829606327602258e-03
9.000000000000003830e-02 4.442060068009123786e-01 7.022369763353617823e-03
9.200000000000004008e-02 4.251809395313054241e-01 6.929738576944164709e-03
9.400000000000004186e-02 4.161734885865474576e-01 7.443603296716373718e-03
9.600000000000004363e-02 4.031141375828210527e-01 8.335542210241542530e-03
9.800000000000004541e-02 3.849563096699523124e-01 6.415914691260355372e-03
1.000000000000000056e-01 3.742300674876168354e-01 7.049881810522763519e-03
1.050000000000000100e-01 3.457215185972656868e-01 4.203750734467339399e-03
1.100000000000000144e-01 3.141839948415755535e-01 4.330804601561111418e-03
1.150000000000000189e-01 2.929100581680071369e-01 4.141243083386652798e-03
1.200000000000000233e-01 2.585973254736489424e-01 4.726974326367134813e-03
1.250000000000000278e-01 2.419049930845027507e-01 4.089607483018510049e-03
1.300000000000000322e-01 2.232785513507689334e-01 3.669101409947187441e-03
1.350000000000000366e-01 2.047929099892091820e-01 4.150660630957967757e-03
1.400000000000000411e-01 1.891734920538930553e-01 4.025280838873197473e-03
1.450000000000000455e-01 1.745001130877407991e-01 3.862525913330850953e-03
1.500000000000000500e-01 1.630110682254386767e-01 3.750176984267525153e-03
1.550000000000000544e-01 1.544806245075904527e-01 4.314198790550618015e-03
1.600000000000000588e-01 1.377432792336805711e-01 4.073558005239145616e-03
1.650000000000000633e-01 1.331913673044824442e-01 4.058932778410756330e-03
1.700000000000000677e-01 1.220956031843460493e-01 4.005282301424288073e-03
1.750000000000000722e-01 1.119333035993603787e-01 4.579654035693645799e-03
1.800000000000000766e-01 1.067554057228938119e-01 4.491723459572692818e-03
1.850000000000000810e-01 9.952587879954040428e-02 4.317090519478612026e-03
1.900000000000000855e-01 8.757437366841294701e-02 4.064978124378650949e-03
1.950000000000000899e-01 8.887354646981077133e-02 4.033891007964632812e-03
2.000000000000000944e-01 8.671097275682405903e-02 3.865406206669407332e-03
2.050000000000000988e-01 7.441829920496101369e-02 4.011687138664230164e-03
2.100000000000001033e-01 7.123213274750314628e-02 3.625501975804914893e-03
2.150000000000001077e-01 6.413186018912418740e-02 3.938070531434905742e-03
2.200000000000001121e-01 6.577632631775028049e-02 4.042621899655289217e-03
2.250000000000001166e-01 5.670217017592909386e-02 4.192249419014899489e-03
2.300000000000001210e-01 6.321407585125027317e-02 3.489251472234128175e-03
2.350000000000001255e-01 5.268797127112983397e-02 3.998231784286237177e-03
2.400000000000001299e-01 6.481381376667866290e-02 3.842182802018425606e-03
2.450000000000001343e-01 5.320434885221327070e-02 4.053511438494627854e-03
2.500000000000001110e-01 5.079831699611449258e-02 3.788206624768604164e-03
2.550000000000001155e-01 4.751286101643509285e-02 4.127477107198478448e-03
2.600000000000001199e-01 4.506503247345598762e-02 3.918957376714255966e-03
2.650000000000001243e-01 3.583579057134809315e-02 4.367233133882608871e-03
2.700000000000001288e-01 4.782041052648488416e-02 4.152599154682499322e-03
2.750000000000001332e-01 3.906209934519260657e-02 4.093763794391461729e-03
2.800000000000001377e-01 4.423998943401455386e-02 4.667800129181563611e-03
2.850000000000001421e-01 3.155058584844686043e-02 4.381450292118271687e-03
2.900000000000001465e-01 4.247801122878989977e-02 4.679615534943904961e-03
2.950000000000001510e-01 3.424139625508580698e-02 3.644469024224583718e-03
3.000000000000001554e-01 3.383280818661520140e-02 4.119820428181179481e-03
3.050000000000001599e-01 3.311414415483732165e-02 4.045536589878513840e-03
3.100000000000001643e-01 3.880608011182209993e-02 3.829035210991670046e-03
3.150000000000001688e-01 3.417994297564379974e-02 4.222849664338233604e-03
3.200000000000001732e-01 3.083829039962736329e-02 4.034681334971476803e-03
3.250000000000001776e-01 3.145138989763791859e-02 3.680349643855922864e-03
3.300000000000001821e-01 2.983685100132982965e-02 4.094326064504715500e-03
3.350000000000001865e-01 2.811012610724345981e-02 3.687934318955240608e-03
3.400000000000001910e-01 2.908157386850343182e-02 3.769187210753091859e-03
3.450000000000001954e-01 2.748205681647377524e-02 4.186078679256117693e-03
3.500000000000001998e-01 2.761371147111882016e-02 3.726486855894063296e-03
3.550000000000002043e-01 3.179697565556429545e-02 3.727023066434118938e-03
3.600000000000002087e-01 2.311758328181457225e-02 3.938396500371831033e-03
3.650000000000002132e-01 2.600801233560853798e-02 3.727503828728148238e-03
3.700000000000002176e-01 2.716378703560779970e-02 4.131686322630959141e-03
3.750000000000002220e-01 2.489202216466973594e-02 3.299551529793430006e-03
3.800000000000002265e-01 2.669520698065344991e-02 3.371591643140818117e-03
3.850000000000002309e-01 2.830495228163483132e-02 3.712164030616697981e-03
3.900000000000002354e-01 2.529491489904227633e-02 3.268034720277488651e-03
3.950000000000002398e-01 2.675975023657211488e-02 4.017511915146539797e-03
4.000000000000002442e-01 2.428835484902553202e-02 3.437423305885156828e-03
4.050000000000002487e-01 2.780495055299893672e-02 3.846566392201600237e-03
4.100000000000002531e-01 2.492441430827688556e-02 3.944759636359275977e-03
4.150000000000002576e-01 2.395828204998386862e-02 3.898565255790025982e-03
4.200000000000002620e-01 2.613551361718742874e-02 3.342513726587718025e-03
4.250000000000002665e-01 2.158664410153933108e-02 3.322002995629707699e-03
4.300000000000002709e-01 2.162465137511353913e-02 3.416295729986060497e-03
4.350000000000002753e-01 2.302183785505305946e-02 3.528493675525589193e-03
4.400000000000002798e-01 2.539244545338979753e-02 3.106827932149911452e-03
4.450000000000002842e-01 2.325063839335822502e-02 3.229293514388328207e-03
4.500000000000002887e-01 2.299335715048510254e-02 3.039094261924497279e-03
4.550000000000002931e-01 1.672136665693595842e-02 3.257457410564761069e-03
4.600000000000002975e-01 2.470285569035932105e-02 3.388085415910665164e-03
4.650000000000003020e-01 2.078194662266001982e-02 3.298694039560106078e-03
4.700000000000003064e-01 2.352217243724098739e-02 3.136635243150008839e-03
4.750000000000003109e-01 2.152625069686800452e-02 3.205667923503080583e-03
4.800000000000003153e-01 2.034085347946597983e-02 3.155833086824602878e-03
4.850000000000003197e-01 2.199010445536290007e-02 3.541915181312717958e-03
4.900000000000003242e-01 1.828295383491141193e-02 3.336412988031934885e-03
4.950000000000003286e-01 1.967492764384265111e-02 3.163764463512514294e-03
5.000000000000000000e-01 2.213434322954363487e-02 3.661005368717659865e-03
5.100000000000000089e-01 2.021189120941765949e-02 2.158598396851098278e-03
5.200000000000000178e-01 1.929560206083835022e-02 2.098111394793332734e-03
5.300000000000000266e-01 1.899150457939832726e-02 2.124936359978256417e-03
5.400000000000000355e-01 2.060672959606544077e-02 1.870771834074469670e-03
5.500000000000000444e-01 1.810216625581836589e-02 1.988285138176417149e-03
5.600000000000000533e-01 2.052912674240267923e-02 2.046549584392371238e-03
5.700000000000000622e-01 1.659096060124693253e-02 2.038591563253551193e-03
5.800000000000000711e-01 1.831136259578684117e-02 2.122471225759228492e-03
5.900000000000000799e-01 1.655350017162969881e-02 2.062871844122468514e-03
6.000000000000000888e-01 1.619516599494829831e-02 1.716149832759161688e-03
6.100000000000000977e-01 1.926920568594019112e-02 1.880762089445501802e-03
6.200000000000001066e-01 1.538761560978674919e-02 2.020476064146622258e-03
6.300000000000001155e-01 1.716966813015911170e-02 1.883335208738723659e-03
6.400000000000001243e-01 1.481773699987221082e-02 1.774207318758677090e-03
6.500000000000001332e-01 1.611411481182207714e-02 1.893822576845928312e-03
6.600000000000001421e-01 1.731649003493271333e-02 1.765297214887841118e-03
6.700000000000001510e-01 1.634060539118758343e-02 1.959421823120794433e-03
6.800000000000001599e-01 1.432730505703525871e-02 1.993928376770411591e-03
6.900000000000001688e-01 1.602581469258484298e-02 1.718066370897671381e-03
7.000000000000001776e-01 1.476216812560942476e-02 1.849034771165501516e-03
7.100000000000001865e-01 1.351016260599891168e-02 1.687874221462260871e-03
7.200000000000001954e-01 1.329750957012492546e-02 1.730184007738092998e-03
7.300000000000002043e-01 1.365409931819591347e-02 1.865825046539594870e-03
7.400000000000002132e-01 1.468428115833247602e-02 1.709711784281428689e-03
7.500000000000002220e-01 1.233411079693091765e-02 1.667676753963000637e-03
7.600000000000002309e-01 1.262775620041167897e-02 1.894750028004955943e-03
7.700000000000002398e-01 1.545346650661709800e-02 1.872014436555938721e-03
7.800000000000002487e-01 1.523642713579097599e-02 1.778028086626984522e-03
7.900000000000002576e-01 1.364146999910309348e-02 1.797687635984090331e-03
8.000000000000002665e-01 1.369069754150350690e-02 2.085332174082526243e-03
8.100000000000002753e-01 1.649888022228344214e-02 1.889226652126104345e-03
8.200000000000002842e-01 1.133820102669728068e-02 2.047530858232828651e-03
8.300000000000002931e-01 1.303613526335520648e-02 2.139824655415270907e-03
8.400000000000003020e-01 1.158755268125027937e-02 1.925671676278341163e-03
8.500000000000003109e-01 1.325193419200922269e-02 2.034697710030018095e-03
8.600000000000003197e-01 1.074097763150217745e-02 1.777866492426814510e-03
8.700000000000003286e-01 1.015939724074536692e-02 2.135239589299804848e-03
8.800000000000003375e-01 1.266825954417712986e-02 1.742001628069286432e-03
8.900000000000003464e-01 1.220633246179494806e-02 1.745398876494665911e-03
9.000000000000003553e-01 1.331854611440037341e-02 1.769284712240718101e-03
9.100000000000003642e-01 1.159470108148401638e-02 1.766334389548273025e-03
9.200000000000003730e-01 1.102996463694978606e-02 1.855286477350712605e-03
9.300000000000003819e-01 1.281322533476165690e-02 1.665851964545722033e-03
9.400000000000003908e-01 1.161420916067551490e-02 1.779994197805685697e-03
9.500000000000003997e-01 1.072694371138222143e-02 1.840047316734328905e-03
9.600000000000004086e-01 9.975022317480918346e-03 1.735949091335819636e-03
9.700000000000004174e-01 1.226745284565317409e-02 1.796872990397352810e-03
9.800000000000004263e-01 1.129572148083328280e-02 1.998891761301428618e-03
9.900000000000004352e-01 9.680976798950680778e-03 1.946775085584890501e-03
1.000000000000000000e+00 1.112613790081226281e-02 2.042022154835881204e-03
1.030000000000000027e+00 1.169641440854621121e-02 1.110269083743481650e-03
1.060000000000000053e+00 1.038613821705758507e-02 1.286212685401457497e-03
1.090000000000000080e+00 1.111980167206767789e-02 1.209295719979495282e-03
1.120000000000000107e+00 1.132200305530055989e-02 1.633677167741932152e-03
1.150000000000000133e+00 1.158667939952921430e-02 1.269263320856350028e-03
1.180000000000000160e+00 1.323144614395778927e-02 1.485227958845547003e-03
1.210000000000000187e+00 1.282073710372845510e-02 1.779104410634777369e-03
1.240000000000000213e+00 1.299675659380025890e-02 1.871767989207814061e-03
1.270000000000000240e+00 1.201935263826901454e-02 1.912664575678485468e-03
1.300000000000000266e+00 1.358132766484818239e-02 2.067104528152684077e-03
1.330000000000000293e+00 1.320084347108455014e-02 2.386381942543555710e-03
1.360000000000000320e+00 1.333698071043605896e-02 2.850457813257376623e-03
1.390000000000000346e+00 1.381096137030007366e-02 3.717961315856759680e-03
1.420000000000000373e+00 1.393560984043660557e-02 3.406813977066753749e-03
1.450000000000000400e+00 1.511275456467141634e-02 3.782806506734455714e-03
1.480000000000000426e+00 1.498257146430880329e-02 4.642871756576762848e-03
1.510000000000000453e+00 1.468122397173224868e-02 5.010693723714897130e-03
1.540000000000000480e+00 1.593239765514872439e-02 5.634202901147358604e-03
1.570000000000000506e+00 1.382473323324897967e-02 6.207157303697035874e-03
1.600000000000000533e+00 1.376280504444403821e-02 6.897906698997510570e-03
1.630000000000000560e+00 1.321826880086946973e-02 7.517315381551438122e-03
1.660000000000000586e+00 1.476183658374788203e-02 9.128048627087567354e-03
1.690000000000000613e+00 1.233683791450289335e-02 9.793220964706245493e-03
1.720000000000000639e+00 1.015159284135566144e-02 1.109895486446701302e-02
1.750000000000000666e+00 1.017737809315632028e-02 1.004210712851281821e-02
1.780000000000000693e+00 8.099529779375610333e-03 1.275596386245976890e-02
1.810000000000000719e+00 7.613208839928532756e-03 1.412249036926057667e-02
1.840000000000000746e+00 5.732197820505942343e-03 1.580915656222123961e-02
1.870000000000000773e+00 3.301593387454625043e-03 1.609126973662283050e-02
1.900000000000000799e+00 2.821734714832981657e-03 1.790514645161312215e-02
1.930000000000000826e+00 7.306172946098724421e-04 1.788624781981543177e-02
1.960000000000000853e+00 8.221294297293281874e-04 1.777997301933578744e-02
1.990000000000000879e+00 -6.261808464425283171e-04 2.414422041736342256e-02
2.020000000000000906e+00 -6.186104218734743204e-04 1.773679996329524666e-02
2.050000000000000711e+00 -2.343238507926351244e-03 1.938209861460027036e-02
2.080000000000000959e+00 -3.366905207552661154e-03 1.908425126734046226e-02
2.110000000000001208e+00 -2.586546176219343160e-04 1.853489757827313580e-02
2.140000000000001013e+00 -3.769214511523347015e-03 1.656966983389305051e-02
2.170000000000000817e+00 -3.458113712758909691e-03 1.434173431224862807e-02
2.200000000000001066e+00 -2.638222254276096669e-03 1.670362238059585475e-02
2.230000000000001315e+00 -2.497568845762858543e-03 1.309300646739026963e-02
2.260000000000001119e+00 -1.461446798571100015e-03 1.485632532635845597e-02
2.290000000000000924e+00 -1.946846310057486970e-03 1.217974981709884011e-02
2.320000000000001172e+00 -3.779166784569302790e-03 1.293202199662516795e-02
2.350000000000001421e+00 -1.506286288223257453e-03 1.270763413314517261e-02
2.380000000000001226e+00 -1.400093030161350888e-03 1.263222697573647066e-02
2.410000000000001030e+00 -3.166957893559694311e-03 1.236076475322810814e-02
2.440000000000001279e+00 -1.934319036091978463e-03 1.138342072841066512e-02
2.470000000000001528e+00 -1.659056652402466150e-03 1.207980178906079873e-02
2.500000000000001332e+00 -1.288571487745327490e-03 1.247539568555261491e-02
2.530000000000001137e+00 -1.939833882480630420e-03 1.081673089425873660e-02
2.560000000000001386e+00 -1.190209016731887375e-03 1.060405931062607249e-02
2.590000000000001634e+00 -1.122145160161473667e-03 1.066985947974363053e-02
2.620000000000001439e+00 -5.869933669412216119e-04 1.096013826323393933e-02
2.650000000000001243e+00 -9.048357736957978511e-04 9.985574314496634130e-03
2.680000000000001492e+00 -7.643052999327072054e-04 1.149326642883071424e-02
2.710000000000001741e+00 6.135410980022545317e-04 1.268203465520591385e-02
2.740000000000001545e+00 -1.559058963852880640e-03 1.367967955643578995e-02
2.770000000000001350e+00 1.058128053844246611e-04 1.234218943728314193e-02
2.800000000000001599e+00 -1.645513981013593200e-03 1.266738697867879175e-02
2.830000000000001847e+00 5.444744912710804347e-04 1.224770784469686111e-02
2.860000000000001652e+00 2.396871652791697017e-04 1.166653205632903895e-02
2.890000000000001457e+00 3.299542543642163006e-04 1.204904839973459929e-02
2.920000000000001705e+00 3.447226104649085199e-05 1.176341063924646324e-02
2.950000000000001954e+00 1.265145819422960980e-03 1.318846588258868607e-02
2.980000000000001759e+00 -1.356582592248727114e-03 1.184400584627043167e-02
3.010000000000001563e+00 1.164882377614689414e-03 1.148909235062889680e-02
3.040000000000001812e+00 -1.969286358896573318e-04 1.030519356826588816e-02
3.070000000000002061e+00 -1.046941289524915995e-04 1.121629587011363852e-02
3.100000000000001865e+00 2.277360918131563644e-04 1.005984285108954893e-02
3.130000000000001670e+00 1.502157584269346287e-04 1.327807318271138903e-02
3.160000000000001918e+00 7.593874947726152787e-04 1.181245470273858435e-02
3.190000000000002167e+00 1.687947955806036286e-03 1.101378324565304226e-02
