### DATA:
#
# 273
#      Q             I(Q)           Error     
6.00000000E-03  1.76351343E+00  2.00267775E+00
7.00000000E-03  1.26697513E+00  9.39285260E-01
8.00000000E-03  1.83695696E+00  6.02098241E-01
9.00000000E-03  1.34874203E+00  3.91692950E-01
1.00000000E-02  1.11786546E+00  2.69091324E-01
1.10000000E-02  7.60744915E-01  2.25866181E-01
1.20000000E-02  1.14220916E+00  2.02937828E-01
1.30000000E-02  1.16416633E+00  1.66470122E-01
1.40000000E-02  1.11752814E+00  1.54205255E-01
1.50000000E-02  1.09689121E+00  1.44044215E-01
1.60000000E-02  1.16669053E+00  1.31123579E-01
1.70000000E-02  1.22751060E+00  1.18334832E-01
1.80000000E-02  1.11343224E+00  1.13147924E-01
1.90000000E-02  1.01500117E+00  1.08731191E-01
2.00000000E-02  1.10252026E+00  9.94351710E-02
2.10000000E-02  1.10800457E+00  9.47241793E-02
2.20000000E-02  1.02149810E+00  8.85208501E-02
2.30000000E-02  1.00226086E+00  8.63084875E-02
2.40000000E-02  1.03710121E+00  8.33918490E-02
2.50000000E-02  9.53728529E-01  7.93942358E-02
2.60000000E-02  1.07291164E+00  7.87342842E-02
2.70000000E-02  1.06097172E+00  7.73517402E-02
2.80000000E-02  1.00732017E+00  7.36245434E-02
2.90000000E-02  9.52728749E-01  7.29707824E-02
3.00000000E-02  1.02931790E+00  7.01055215E-02
3.10000000E-02  8.57063812E-01  7.05027048E-02
3.20000000E-02  8.92878071E-01  6.78907712E-02
3.30000000E-02  9.61072470E-01  6.70660408E-02
3.40000000E-02  8.87071066E-01  6.49321919E-02
3.50000000E-02  9.20761703E-01  6.27208871E-02
3.60000000E-02  9.25156832E-01  6.26514063E-02
3.70000000E-02  8.57144825E-01  6.34411554E-02
3.80000000E-02  8.84264158E-01  6.08652761E-02
3.90000000E-02  8.72229783E-01  5.91594737E-02
4.00000000E-02  7.90213772E-01  5.80609241E-02
4.10000000E-02  8.31654207E-01  5.83863446E-02
4.20000000E-02  8.96089114E-01  5.74798593E-02
4.30000000E-02  7.57750439E-01  5.66102159E-02
4.40000000E-02  7.53570411E-01  5.30257705E-02
4.50000000E-02  7.41200325E-01  5.51685359E-02
4.60000000E-02  7.71987482E-01  5.39999883E-02
4.70000000E-02  7.67555679E-01  5.25502834E-02
4.80000000E-02  7.14976199E-01  5.02108994E-02
4.90000000E-02  6.99763364E-01  5.21110784E-02
5.00000000E-02  6.88183261E-01  5.05002315E-02
5.20000000E-02  6.71741552E-01  3.52715185E-02
5.40000000E-02  6.46309293E-01  3.38856243E-02
5.60000000E-02  5.83331604E-01  3.41493514E-02
5.80000000E-02  5.82740135E-01  3.45099273E-02
6.00000000E-02  5.67749154E-01  3.44660661E-02
6.20000000E-02  5.25737730E-01  3.29103403E-02
6.40000000E-02  4.86407493E-01  3.20569284E-02
6.60000000E-02  5.47620861E-01  3.12906445E-02
6.80000000E-02  4.64611557E-01  3.05717599E-02
7.00000000E-02  5.43180351E-01  3.05080251E-02
7.20000000E-02  4.22872793E-01  2.92758228E-02
7.40000000E-02  4.58503756E-01  2.94550422E-02
7.60000000E-02  4.25192238E-01  2.90810928E-02
7.80000000E-02  4.11676005E-01  2.84401314E-02
8.00000000E-02  3.82604563E-01  2.84278891E-02
8.20000000E-02  4.00631957E-01  2.90904099E-02
8.40000000E-02  3.28347578E-01  2.86049127E-02
8.60000000E-02  2.97551877E-01  2.75594363E-02
8.80000000E-02  3.44022040E-01  2.76645885E-02
9.00000000E-02  3.36637203E-01  2.79812623E-02
9.20000000E-02  3.39490926E-01  2.74550310E-02
9.40000000E-02  3.20278440E-01  2.73853412E-02
9.60000000E-02  2.33130942E-01  2.67428142E-02
9.80000000E-02  3.04484798E-01  2.70965645E-02
1.00000000E-01  2.72712105E-01  2.68602478E-02
1.05000000E-01  2.51647745E-01  1.66194127E-02
1.10000000E-01  2.45848858E-01  1.63713363E-02
1.15000000E-01  2.27330982E-01  1.60963506E-02
1.20000000E-01  1.99518457E-01  1.56956784E-02
1.25000000E-01  1.72298011E-01  1.55864912E-02
1.30000000E-01  1.63763947E-01  1.61921200E-02
1.35000000E-01  1.73858188E-01  1.56000300E-02
1.40000000E-01  1.35759679E-01  1.52565129E-02
1.45000000E-01  1.33814358E-01  1.49902069E-02
1.50000000E-01  1.06052907E-01  1.50607166E-02
1.55000000E-01  1.10720090E-01  1.54704926E-02
1.60000000E-01  1.13112733E-01  1.56610390E-02
1.65000000E-01  1.28731638E-01  1.57133640E-02
1.70000000E-01  8.71434332E-02  1.57429424E-02
1.75000000E-01  7.05708248E-02  1.58622302E-02
1.80000000E-01  1.01278317E-01  1.57634818E-02
1.85000000E-01  7.34328942E-02  1.56360914E-02
1.90000000E-01  5.85499022E-02  1.54938601E-02
1.95000000E-01  6.47879289E-02  1.55924769E-02
2.00000000E-01  5.81242569E-02  1.39530195E-02
2.05000000E-01  5.34534265E-02  1.46142448E-02
2.10000000E-01  4.83551835E-02  1.50425830E-02
2.15000000E-01  2.36029597E-02  1.53183170E-02
2.20000000E-01  6.04398894E-02  1.38284196E-02
2.25000000E-01  4.50245516E-02  1.46865753E-02
2.30000000E-01  2.97911379E-02  1.38501513E-02
2.35000000E-01  3.78526760E-02  1.37540820E-02
2.40000000E-01  6.88500885E-02  1.50380320E-02
2.45000000E-01  2.22794004E-02  1.46771986E-02
2.50000000E-01  2.35366256E-02  1.40785514E-02
2.55000000E-01  4.26094130E-02  1.55509785E-02
2.60000000E-01  5.15070498E-02  1.58190897E-02
2.65000000E-01  5.38678797E-03  1.58386300E-02
2.70000000E-01  3.53917364E-02  1.60277909E-02
2.75000000E-01  4.62603138E-02  1.63006576E-02
2.80000000E-01  1.34564923E-02  1.63627226E-02
2.85000000E-01  4.03903792E-02  1.54189121E-02
2.90000000E-01  4.52500158E-02  1.52740422E-02
2.95000000E-01  1.79862203E-02  1.60720308E-02
3.00000000E-01  3.24689873E-02  1.60195047E-02
3.05000000E-01  1.25735683E-02  1.67906738E-02
3.10000000E-01  3.68540295E-02  1.58983866E-02
3.15000000E-01  1.89044689E-02  1.48305974E-02
3.20000000E-01  3.52251245E-02  1.41128188E-02
3.25000000E-01  2.02118172E-02  1.51227419E-02
3.30000000E-01  2.32567920E-02  1.44587917E-02
3.35000000E-01  1.26832236E-02  1.54887676E-02
3.40000000E-01  3.21063958E-02  1.42583136E-02
3.45000000E-01  1.89835785E-02  1.54193287E-02
3.50000000E-01  1.49365924E-02  1.41700081E-02
3.55000000E-01  1.96883055E-02  1.47320229E-02
3.60000000E-01  2.44030707E-02  1.37046595E-02
3.65000000E-01  -4.50330097E-03  1.27916186E-02
3.70000000E-01  1.28911483E-02  1.38692707E-02
3.75000000E-01  1.50696057E-02  1.39956667E-02
3.80000000E-01  1.84369795E-02  1.28083992E-02
3.85000000E-01  1.68092032E-02  1.24329609E-02
3.90000000E-01  2.25231531E-02  1.20306964E-02
3.95000000E-01  2.56330907E-02  1.18565950E-02
4.00000000E-01  2.08023508E-02  1.14831684E-02
4.05000000E-01  1.72037987E-02  1.32236406E-02
4.10000000E-01  2.33105952E-02  1.32565505E-02
4.15000000E-01  2.41212196E-02  1.37919027E-02
4.20000000E-01  1.88643848E-02  1.27128032E-02
4.25000000E-01  1.50517341E-02  1.24159620E-02
4.30000000E-01  9.30209039E-03  1.27128747E-02
4.35000000E-01  1.28234096E-02  1.27263862E-02
4.40000000E-01  2.33910788E-02  1.24047189E-02
4.45000000E-01  1.21724078E-02  1.14069439E-02
4.50000000E-01  2.62720737E-02  1.19972702E-02
4.55000000E-01  -3.25843784E-03  1.21581734E-02
4.60000000E-01  1.95249465E-02  1.13746444E-02
4.65000000E-01  6.20126851E-03  1.15538676E-02
4.70000000E-01  1.02359028E-02  1.23525676E-02
4.75000000E-01  1.71906136E-02  1.16230804E-02
4.80000000E-01  1.04278545E-02  1.23883125E-02
4.85000000E-01  1.09181465E-02  1.09386999E-02
4.90000000E-01  1.39825593E-02  1.23195952E-02
4.95000000E-01  2.90854281E-02  1.09550086E-02
5.00000000E-01  1.85699532E-02  1.28931143E-02
5.10000000E-01  1.29050836E-02  8.19724945E-03
5.20000000E-01  1.56275391E-02  7.38914485E-03
5.30000000E-01  1.16232873E-02  7.83114088E-03
5.40000000E-01  9.67003347E-03  7.51736932E-03
5.50000000E-01  1.45310988E-02  7.60468287E-03
5.60000000E-01  1.70852812E-02  7.14542098E-03
5.70000000E-01  1.15159744E-02  7.24452056E-03
5.80000000E-01  1.58306628E-02  7.21546212E-03
5.90000000E-01  1.09602547E-02  7.01895835E-03
6.00000000E-01  7.20788337E-03  7.27507875E-03
6.10000000E-01  1.18723704E-02  7.26007904E-03
6.20000000E-01  1.78664403E-02  6.98646115E-03
6.30000000E-01  2.38617843E-02  7.20375565E-03
6.40000000E-01  1.17548769E-02  6.72486205E-03
6.50000000E-01  1.63478701E-02  6.79686634E-03
6.60000000E-01  1.36818546E-02  6.63357912E-03
6.70000000E-01  7.06883134E-03  6.87953503E-03
6.80000000E-01  1.12519885E-02  6.82217041E-03
6.90000000E-01  8.70348818E-04  6.73666274E-03
7.00000000E-01  1.09759051E-02  6.82120175E-03
7.10000000E-01  6.60689358E-03  6.63985969E-03
7.20000000E-01  1.43392290E-03  6.62670665E-03
7.30000000E-01  1.64976407E-02  6.61697612E-03
7.40000000E-01  1.07451175E-02  6.95649641E-03
7.50000000E-01  1.35550017E-02  6.71730360E-03
7.60000000E-01  7.83483837E-03  6.58572443E-03
7.70000000E-01  1.16759597E-02  6.80290252E-03
7.80000000E-01  9.94214094E-03  6.94478355E-03
7.90000000E-01  1.14719676E-02  7.20605981E-03
8.00000000E-01  1.17462356E-02  6.73091565E-03
8.10000000E-01  2.23220745E-02  6.96850071E-03
8.20000000E-01  5.71247010E-03  6.91480696E-03
8.30000000E-01  8.45611417E-03  6.94650035E-03
8.40000000E-01  8.67066375E-03  7.26170654E-03
8.50000000E-01  1.28520568E-02  7.08918170E-03
8.60000000E-01  7.47225154E-04  7.25395085E-03
8.70000000E-01  2.23182266E-03  6.98291439E-03
8.80000000E-01  1.15059428E-02  7.05331461E-03
8.90000000E-01  1.46042051E-02  6.75179979E-03
9.00000000E-01  1.01977050E-02  6.71946472E-03
9.10000000E-01  1.20769619E-02  6.99485005E-03
9.20000000E-01  1.56041985E-03  6.66968851E-03
9.30000000E-01  1.31922187E-02  6.83196537E-03
9.40000000E-01  5.25665266E-03  6.86851706E-03
9.50000000E-01  9.01539233E-03  7.02603957E-03
9.60000000E-01  4.25014073E-04  6.91370556E-03
9.70000000E-01  7.60428435E-03  7.08828357E-03
9.80000000E-01  9.63521517E-03  7.20232021E-03
9.90000000E-01  1.09566353E-02  7.24897610E-03
1.00000000E+00  7.99001876E-03  7.38511318E-03
1.03000000E+00  7.48339133E-03  4.52406970E-03
1.06000000E+00  7.50864972E-03  4.82071251E-03
1.09000000E+00  4.45973546E-03  5.06377640E-03
1.12000000E+00  8.08895522E-03  5.03463377E-03
1.15000000E+00  8.70842280E-03  5.08011857E-03
1.18000000E+00  9.84067370E-03  5.83097436E-03
1.21000000E+00  1.19207965E-02  6.54193930E-03
1.24000000E+00  9.97573899E-03  7.02211258E-03
1.27000000E+00  9.23183749E-03  7.63169579E-03
1.30000000E+00  8.71725215E-03  8.36003096E-03
1.33000000E+00  1.00506334E-02  9.38909237E-03
1.36000000E+00  8.64310662E-03  1.05894450E-02
1.39000000E+00  8.39630666E-03  1.37100078E-02
1.42000000E+00  9.60018892E-03  1.44585502E-02
1.45000000E+00  1.14629285E-02  1.48245662E-02
1.48000000E+00  1.13542739E-02  1.62825266E-02
1.51000000E+00  9.89282344E-03  1.81356487E-02
1.54000000E+00  1.23701112E-02  2.04410802E-02
1.57000000E+00  9.48859548E-03  2.29415039E-02
1.60000000E+00  1.27208931E-02  2.56578413E-02
1.63000000E+00  6.59961709E-03  2.87462234E-02
1.66000000E+00  1.32586252E-02  3.21238642E-02
1.69000000E+00  9.20079708E-03  3.55159878E-02
1.72000000E+00  4.24940383E-03  3.89292340E-02
1.75000000E+00  8.82331275E-03  4.28902391E-02
1.78000000E+00  1.14422474E-02  4.95972603E-02
1.81000000E+00  5.48122857E-03  5.57812672E-02
1.84000000E+00  3.92109349E-03  5.91530103E-02
1.87000000E+00  5.42924984E-03  6.07259861E-02
1.90000000E+00  1.35079887E-04  6.31799662E-02
1.93000000E+00  -4.32615739E-03  6.53390625E-02
1.96000000E+00  -2.16971377E-03  6.71586297E-02
1.99000000E+00  6.50441720E-04  9.45908941E-02
2.02000000E+00  3.96732295E-03  7.05097984E-02
2.05000000E+00  -1.65680731E-03  7.01901762E-02
2.08000000E+00  -7.81403737E-04  6.83834035E-02
2.11000000E+00  4.43539059E-03  6.54862655E-02
2.14000000E+00  -5.68340277E-03  6.25693136E-02
2.17000000E+00  -6.68965120E-03  5.87401478E-02
2.20000000E+00  1.27099528E-03  5.51803459E-02
2.23000000E+00  -8.18621758E-04  5.23928342E-02
2.26000000E+00  1.43706523E-03  5.02427404E-02
2.29000000E+00  -5.97791466E-03  4.79736620E-02
2.32000000E+00  -1.12730727E-02  4.60391739E-02
2.35000000E+00  -9.90672440E-03  4.43789262E-02
2.38000000E+00  -4.48482572E-03  4.46012997E-02
2.41000000E+00  -2.20798539E-03  4.51999992E-02
2.44000000E+00  -5.75826697E-04  4.27898333E-02
2.47000000E+00  -5.21454364E-03  4.22168697E-02
2.50000000E+00  -7.63245130E-03  4.10810102E-02
2.53000000E+00  -4.69116409E-03  4.08043973E-02
2.56000000E+00  -4.06412828E-03  4.08927884E-02
2.59000000E+00  2.50683946E-03  4.10816311E-02
2.62000000E+00  -3.51118593E-03  4.13053818E-02
2.65000000E+00  -1.79568940E-03  4.17828335E-02
2.68000000E+00  -6.90659189E-03  4.33152612E-02
2.71000000E+00  -2.37382159E-03  4.45842915E-02
2.74000000E+00  -4.02557065E-03  4.52430411E-02
2.77000000E+00  -8.83996875E-03  4.57152443E-02
2.80000000E+00  -9.84960618E-03  4.57445980E-02
2.83000000E+00  -1.73077477E-03  4.56645336E-02
2.86000000E+00  -2.12811869E-03  4.53109101E-02
2.89000000E+00  6.52831777E-04  4.48152151E-02
2.92000000E+00  8.48449287E-04  4.41268117E-02
2.95000000E+00  7.72803601E-03  4.34442984E-02
2.98000000E+00  2.38211732E-03  4.29730372E-02
3.01000000E+00  -5.70895063E-03  4.16268814E-02
3.04000000E+00  -1.63937261E-05  4.08231630E-02
3.07000000E+00  -4.70756435E-03  3.89115081E-02
3.10000000E+00  3.70763659E-03  3.87498555E-02
3.13000000E+00  -1.34020300E-03  4.10426838E-02
3.16000000E+00  -2.25790210E-03  4.00250864E-02
3.19000000E+00  -3.04341613E-03  4.08672237E-02


### HEADER:
#
#{
#    "analysis": {},
#    "filename": "./dat_files/WT_092025/profile_175.dat",
#    "history": {
#        "subtraction": {
#            "initial_file": [
#                "S_WT_sample_0176"
#            ],
#            "subtracted_file": [
#                "A_S_WT_sample_0221",
#                {
#                    "averaged_files": [
#                        [
#                            "S_WT_sample_0221"
#                        ],
#                        [
#                            "S_WT_sample_0222"
#                        ],
#                        [
#                            "S_WT_sample_0223"
#                        ],
#                        [
#                            "S_WT_sample_0224"
#                        ],
#                        [
#                            "S_WT_sample_0225"
#                        ],
#                        [
#                            "S_WT_sample_0226"
#                        ],
#                        [
#                            "S_WT_sample_0227"
#                        ],
#                        [
#                            "S_WT_sample_0228"
#                        ],
#                        [
#                            "S_WT_sample_0229"
#                        ],
#                        [
#                            "S_WT_sample_0230"
#                        ],
#                        [
#                            "S_WT_sample_0231"
#                        ],
#                        [
#                            "S_WT_sample_0232"
#                        ],
#                        [
#                            "S_WT_sample_0233"
#                        ],
#                        [
#                            "S_WT_sample_0234"
#                        ],
#                        [
#                            "S_WT_sample_0235"
#                        ],
#                        [
#                            "S_WT_sample_0236"
#                        ],
#                        [
#                            "S_WT_sample_0237"
#                        ]
#                    ]
#                }
#            ]
#        }
#    },
#    "unit": ""
#}

