### DATA:
#
# 273
#      Q             I(Q)           Error     
6.00000000E-03  9.89274215E-01  2.10511566E+00
7.00000000E-03  1.51669034E+00  9.52688033E-01
8.00000000E-03  7.15728122E-01  5.66053877E-01
9.00000000E-03  4.29968967E-01  3.80521098E-01
1.00000000E-02  4.46699804E-01  2.72940080E-01
1.10000000E-02  3.28662965E-01  2.27021164E-01
1.20000000E-02  5.14585177E-01  1.92834156E-01
1.30000000E-02  4.09944843E-01  1.71789264E-01
1.40000000E-02  3.60022942E-01  1.54138782E-01
1.50000000E-02  3.83523705E-01  1.36409448E-01
1.60000000E-02  3.44754498E-01  1.21939925E-01
1.70000000E-02  2.90524773E-01  1.13397239E-01
1.80000000E-02  2.47263797E-01  1.05064920E-01
1.90000000E-02  3.48472152E-01  1.01786639E-01
2.00000000E-02  1.91700107E-01  8.99283690E-02
2.10000000E-02  4.81019760E-01  8.86009530E-02
2.20000000E-02  2.76869229E-01  8.45053338E-02
2.30000000E-02  2.45014223E-01  7.97646483E-02
2.40000000E-02  2.32328668E-01  7.81570237E-02
2.50000000E-02  4.24142742E-01  7.68817660E-02
2.60000000E-02  4.40106297E-01  7.70288289E-02
2.70000000E-02  2.47452606E-01  7.11513582E-02
2.80000000E-02  2.66587997E-01  6.88042184E-02
2.90000000E-02  3.65802401E-01  6.86417755E-02
3.00000000E-02  2.93099469E-01  6.64836917E-02
3.10000000E-02  4.11683821E-01  6.67691979E-02
3.20000000E-02  2.84188098E-01  6.30419743E-02
3.30000000E-02  3.45248917E-01  6.24587826E-02
3.40000000E-02  3.15427943E-01  6.09110287E-02
3.50000000E-02  2.85770932E-01  5.95570912E-02
3.60000000E-02  2.19095233E-01  5.86961576E-02
3.70000000E-02  3.43760280E-01  5.84710462E-02
3.80000000E-02  3.02938620E-01  5.71047481E-02
3.90000000E-02  2.57325561E-01  5.57923035E-02
4.00000000E-02  2.22134519E-01  5.61435135E-02
4.10000000E-02  2.91849456E-01  5.43750060E-02
4.20000000E-02  2.70011944E-01  5.46901369E-02
4.30000000E-02  2.98968645E-01  5.32037864E-02
4.40000000E-02  2.02457086E-01  5.23313914E-02
4.50000000E-02  3.25964710E-01  5.32938551E-02
4.60000000E-02  3.17520833E-01  5.14478545E-02
4.70000000E-02  3.02438853E-01  5.03510671E-02
4.80000000E-02  1.66436383E-01  4.81384216E-02
4.90000000E-02  1.78896274E-01  4.87198389E-02
5.00000000E-02  2.60092562E-01  4.77031439E-02
5.20000000E-02  1.81921600E-01  3.32368801E-02
5.40000000E-02  1.90027529E-01  3.27797270E-02
5.60000000E-02  2.41563808E-01  3.32556575E-02
5.80000000E-02  2.11528495E-01  3.32002261E-02
6.00000000E-02  1.77686613E-01  3.32626188E-02
6.20000000E-02  1.95812936E-01  3.24842605E-02
6.40000000E-02  1.70129400E-01  3.06483098E-02
6.60000000E-02  1.83871506E-01  3.03186949E-02
6.80000000E-02  1.49359575E-01  2.94457336E-02
7.00000000E-02  1.96103222E-01  2.92339828E-02
7.20000000E-02  1.06581924E-01  2.85812021E-02
7.40000000E-02  1.35145939E-01  2.87062123E-02
7.60000000E-02  1.60071053E-01  2.80999735E-02
7.80000000E-02  9.13383717E-02  2.74099051E-02
8.00000000E-02  1.08846825E-01  2.78693588E-02
8.20000000E-02  1.39559965E-01  2.83219611E-02
8.40000000E-02  1.10495027E-01  2.78771857E-02
8.60000000E-02  1.21003454E-01  2.69702009E-02
8.80000000E-02  1.39114768E-01  2.67954854E-02
9.00000000E-02  1.14066510E-01  2.70485052E-02
9.20000000E-02  1.28729667E-01  2.63961777E-02
9.40000000E-02  6.04470131E-02  2.68899006E-02
9.60000000E-02  1.00069717E-01  2.67834235E-02
9.80000000E-02  8.92575025E-02  2.66867024E-02
1.00000000E-01  9.78678708E-02  2.63873316E-02
1.05000000E-01  8.77216595E-02  1.66341145E-02
1.10000000E-01  3.69357177E-02  1.61744739E-02
1.15000000E-01  8.21711468E-02  1.58158471E-02
1.20000000E-01  6.89165226E-02  1.55829649E-02
1.25000000E-01  6.18646569E-02  1.55093350E-02
1.30000000E-01  5.76187649E-02  1.59577084E-02
1.35000000E-01  5.60435111E-02  1.53607643E-02
1.40000000E-01  3.07687105E-02  1.49939495E-02
1.45000000E-01  4.51353970E-02  1.48596375E-02
1.50000000E-01  3.16201845E-02  1.49170936E-02
1.55000000E-01  5.14612051E-02  1.54293406E-02
1.60000000E-01  2.75167312E-02  1.54362642E-02
1.65000000E-01  3.71345247E-02  1.56262117E-02
1.70000000E-01  4.34828471E-02  1.57066417E-02
1.75000000E-01  4.28392253E-02  1.56539643E-02
1.80000000E-01  4.99654158E-02  1.56190453E-02
1.85000000E-01  2.65299372E-02  1.54488601E-02
1.90000000E-01  2.36393780E-02  1.54782164E-02
1.95000000E-01  7.27105713E-03  1.55215831E-02
2.00000000E-01  1.33014047E-02  1.37722598E-02
2.05000000E-01  -2.33674975E-03  1.45274942E-02
2.10000000E-01  1.81970346E-02  1.40647412E-02
2.15000000E-01  2.35174907E-02  1.52005158E-02
2.20000000E-01  2.64784105E-02  1.42567697E-02
2.25000000E-01  8.74316351E-03  1.44170675E-02
2.30000000E-01  2.11183578E-02  1.43085165E-02
2.35000000E-01  2.45158019E-03  1.35374572E-02
2.40000000E-01  1.23071555E-02  1.43488470E-02
2.45000000E-01  -2.52912825E-04  1.50169216E-02
2.50000000E-01  1.34809704E-02  1.47292270E-02
2.55000000E-01  2.21960040E-02  1.53486389E-02
2.60000000E-01  2.67678297E-02  1.52085812E-02
2.65000000E-01  1.25084225E-02  1.60724932E-02
2.70000000E-01  -4.09463811E-03  1.49840421E-02
2.75000000E-01  2.31589516E-02  1.49920274E-02
2.80000000E-01  1.56977896E-02  1.51435368E-02
2.85000000E-01  -1.65597313E-04  1.52113620E-02
2.90000000E-01  1.72598967E-02  1.72633011E-02
2.95000000E-01  6.90549256E-03  1.48855944E-02
3.00000000E-01  1.52278626E-03  1.52372517E-02
3.05000000E-01  8.30237072E-03  1.53946931E-02
3.10000000E-01  2.95582352E-02  1.56427362E-02
3.15000000E-01  1.17203910E-02  1.53007854E-02
3.20000000E-01  1.35349399E-02  1.45504103E-02
3.25000000E-01  2.08915665E-02  1.45941711E-02
3.30000000E-01  2.27795599E-03  1.50896457E-02
3.35000000E-01  2.48654432E-02  1.50897087E-02
3.40000000E-01  3.41814670E-03  1.53826059E-02
3.45000000E-01  1.56435254E-02  1.42964309E-02
3.50000000E-01  1.76698394E-02  1.32849313E-02
3.55000000E-01  1.50037909E-02  1.30075434E-02
3.60000000E-01  3.44900246E-03  1.47229986E-02
3.65000000E-01  1.27931265E-02  1.53875161E-02
3.70000000E-01  1.51915843E-02  1.39533201E-02
3.75000000E-01  1.67942319E-02  1.28331245E-02
3.80000000E-01  1.47429587E-02  1.38449416E-02
3.85000000E-01  -9.56908423E-03  1.36337082E-02
3.90000000E-01  5.32951125E-03  1.25889786E-02
3.95000000E-01  1.79149111E-02  1.28408545E-02
4.00000000E-01  8.29174726E-03  1.23560399E-02
4.05000000E-01  5.27223387E-03  1.34465275E-02
4.10000000E-01  -2.45231948E-03  1.46924934E-02
4.15000000E-01  -1.23551303E-03  1.49883458E-02
4.20000000E-01  1.32988634E-02  1.30466430E-02
4.25000000E-01  1.33549354E-02  1.31834561E-02
4.30000000E-01  8.63964381E-03  1.23782700E-02
4.35000000E-01  7.51465983E-03  1.25961305E-02
4.40000000E-01  1.32218465E-02  1.29413797E-02
4.45000000E-01  -8.49626014E-04  1.13575443E-02
4.50000000E-01  1.45975482E-02  1.15126076E-02
4.55000000E-01  8.95584128E-06  1.16848365E-02
4.60000000E-01  -8.36197225E-04  1.15974136E-02
4.65000000E-01  7.37336407E-03  1.23539463E-02
4.70000000E-01  2.19642251E-03  1.14640896E-02
4.75000000E-01  5.88289130E-03  1.19070269E-02
4.80000000E-01  7.03560538E-03  1.26888560E-02
4.85000000E-01  6.47788301E-03  1.09087906E-02
4.90000000E-01  5.75236357E-04  1.17143782E-02
4.95000000E-01  -2.22604151E-03  1.09972764E-02
5.00000000E-01  3.64766065E-03  1.27718936E-02
5.10000000E-01  8.61074122E-03  8.36769825E-03
5.20000000E-01  5.94141947E-03  7.77781679E-03
5.30000000E-01  8.82083640E-04  7.41934717E-03
5.40000000E-01  1.12928698E-02  7.44476813E-03
5.50000000E-01  1.41403886E-02  7.72033819E-03
5.60000000E-01  1.48898790E-02  7.31079752E-03
5.70000000E-01  7.04683001E-03  6.93195876E-03
5.80000000E-01  -3.23650364E-03  7.21098068E-03
5.90000000E-01  5.44081464E-03  7.02016560E-03
6.00000000E-01  2.43575927E-05  7.27489002E-03
6.10000000E-01  2.69078972E-03  7.29676823E-03
6.20000000E-01  6.27308566E-03  6.89123272E-03
6.30000000E-01  1.09247984E-03  7.18147128E-03
6.40000000E-01  9.51714340E-03  6.70143951E-03
6.50000000E-01  8.72525727E-03  6.76344808E-03
6.60000000E-01  1.23447893E-02  6.68431910E-03
6.70000000E-01  -2.45379208E-03  7.06653408E-03
6.80000000E-01  6.27358242E-03  6.78185141E-03
6.90000000E-01  3.20066557E-03  6.82783388E-03
7.00000000E-01  5.45991608E-03  6.95465004E-03
7.10000000E-01  5.92266441E-03  6.83545832E-03
7.20000000E-01  5.85828265E-03  6.81806333E-03
7.30000000E-01  3.64091430E-03  6.83796782E-03
7.40000000E-01  5.93414802E-03  6.83451117E-03
7.50000000E-01  7.00801587E-03  6.75766196E-03
7.60000000E-01  3.41961263E-03  6.84387567E-03
7.70000000E-01  4.20339116E-03  6.76660174E-03
7.80000000E-01  1.10049421E-02  6.69253112E-03
7.90000000E-01  2.14506522E-03  6.80559477E-03
8.00000000E-01  4.31896150E-03  6.86428233E-03
8.10000000E-01  -1.30873643E-03  6.72910775E-03
8.20000000E-01  -3.54048419E-03  6.95036242E-03
8.30000000E-01  1.84404159E-03  7.11948154E-03
8.40000000E-01  1.13987128E-02  7.10899865E-03
8.50000000E-01  1.62500183E-03  7.10368364E-03
8.60000000E-01  -2.08533358E-03  6.95774707E-03
8.70000000E-01  2.43062209E-03  7.12759394E-03
8.80000000E-01  1.08848157E-02  6.91366851E-03
8.90000000E-01  1.06520705E-03  6.69973469E-03
9.00000000E-01  1.42585271E-03  6.73177437E-03
9.10000000E-01  4.54888391E-03  6.98739104E-03
9.20000000E-01  1.14627267E-02  6.67013295E-03
9.30000000E-01  5.80017918E-03  6.72480163E-03
9.40000000E-01  -1.44878357E-03  6.60703289E-03
9.50000000E-01  3.45746169E-04  7.04011463E-03
9.60000000E-01  3.48545914E-03  6.86803078E-03
9.70000000E-01  7.99557003E-03  6.96350690E-03
9.80000000E-01  2.36430395E-03  7.15941867E-03
9.90000000E-01  7.02764820E-04  7.16369991E-03
1.00000000E+00  7.65783214E-03  7.27901542E-03
1.03000000E+00  5.16816241E-03  4.52341839E-03
1.06000000E+00  4.17782199E-03  4.79556734E-03
1.09000000E+00  2.07969114E-03  5.06079869E-03
1.12000000E+00  2.96040935E-04  5.05070022E-03
1.15000000E+00  3.12941834E-03  5.06400102E-03
1.18000000E+00  2.07041733E-04  5.82292038E-03
1.21000000E+00  4.91226551E-03  6.51595041E-03
1.24000000E+00  4.06607991E-03  7.00793589E-03
1.27000000E+00  2.64285647E-03  7.65538701E-03
1.30000000E+00  1.75346047E-03  8.35074897E-03
1.33000000E+00  5.36918797E-03  9.41145224E-03
1.36000000E+00  4.02343020E-03  1.05557964E-02
1.39000000E+00  3.85211745E-03  1.36804028E-02
1.42000000E+00  2.36858217E-03  1.43974008E-02
1.45000000E+00  4.00332349E-03  1.48107580E-02
1.48000000E+00  5.36429242E-03  1.62148439E-02
1.51000000E+00  2.41640445E-03  1.80712513E-02
1.54000000E+00  5.18799808E-03  2.03259541E-02
1.57000000E+00  1.91689742E-03  2.28761316E-02
1.60000000E+00  1.87176215E-04  2.55807409E-02
1.63000000E+00  7.23716410E-03  2.87106327E-02
1.66000000E+00  3.02344174E-03  3.20560436E-02
1.69000000E+00  1.95433293E-03  3.53620168E-02
1.72000000E+00  3.08685410E-03  3.88826623E-02
1.75000000E+00  6.82387451E-03  4.28134336E-02
1.78000000E+00  -1.74811998E-03  4.95146557E-02
1.81000000E+00  6.40282659E-03  5.56467657E-02
1.84000000E+00  3.22531138E-03  5.90105960E-02
1.87000000E+00  -1.03272814E-03  6.06869247E-02
1.90000000E+00  1.39542117E-03  6.30898062E-02
1.93000000E+00  -7.24852064E-03  6.52175465E-02
1.96000000E+00  -4.80332276E-04  6.70911056E-02
1.99000000E+00  1.31219250E-03  9.45134575E-02
2.02000000E+00  3.63478436E-03  7.04075128E-02
2.05000000E+00  8.84305556E-04  7.01192544E-02
2.08000000E+00  -2.45836328E-03  6.82553715E-02
2.11000000E+00  2.02239820E-03  6.53864561E-02
2.14000000E+00  1.97084253E-03  6.25496492E-02
2.17000000E+00  -7.17029910E-03  5.86941246E-02
2.20000000E+00  -4.35046531E-03  5.51192610E-02
2.23000000E+00  -1.88925214E-03  5.23233611E-02
2.26000000E+00  -9.39519071E-03  5.02271562E-02
2.29000000E+00  -5.59334616E-03  4.80112336E-02
2.32000000E+00  -7.96301461E-03  4.60184821E-02
2.35000000E+00  -8.81317985E-03  4.43855543E-02
2.38000000E+00  -4.05226821E-03  4.46494107E-02
2.41000000E+00  -7.71979348E-03  4.51973683E-02
2.44000000E+00  -1.28955938E-02  4.27819418E-02
2.47000000E+00  -7.90233962E-03  4.21548502E-02
2.50000000E+00  -5.35503520E-03  4.10883420E-02
2.53000000E+00  -5.96963285E-03  4.07805881E-02
2.56000000E+00  -7.23620959E-03  4.08160958E-02
2.59000000E+00  -9.47610713E-03  4.10221380E-02
2.62000000E+00  -6.42835128E-03  4.13058262E-02
2.65000000E+00  -5.07287178E-03  4.18223593E-02
2.68000000E+00  -7.44631682E-03  4.33434969E-02
2.71000000E+00  -7.25586621E-03  4.45201480E-02
2.74000000E+00  -5.17039224E-03  4.52468111E-02
2.77000000E+00  -6.03374924E-03  4.56482863E-02
2.80000000E+00  -3.19782034E-03  4.58028574E-02
2.83000000E+00  -8.51744003E-03  4.57192700E-02
2.86000000E+00  -9.36253946E-03  4.52935314E-02
2.89000000E+00  -1.22250809E-02  4.48180189E-02
2.92000000E+00  -2.48972741E-03  4.40849847E-02
2.95000000E+00  -5.33240302E-03  4.33740562E-02
2.98000000E+00  -8.67101823E-03  4.29461369E-02
3.01000000E+00  -6.88493564E-03  4.16450523E-02
3.04000000E+00  -5.77400783E-04  4.09080679E-02
3.07000000E+00  -4.07877143E-03  3.89617643E-02
3.10000000E+00  -7.81206116E-03  3.87769363E-02
3.13000000E+00  3.05544913E-03  4.10742956E-02
3.16000000E+00  -3.79726048E-03  3.98632603E-02
3.19000000E+00  1.92013964E-03  4.08756004E-02


### HEADER:
#
#{
#    "analysis": {},
#    "filename": "./dat_files/WT_092025/profile_184.dat",
#    "history": {
#        "subtraction": {
#            "initial_file": [
#                "S_WT_sample_0185"
#            ],
#            "subtracted_file": [
#                "A_S_WT_sample_0221",
#                {
#                    "averaged_files": [
#                        [
#                            "S_WT_sample_0221"
#                        ],
#                        [
#                            "S_WT_sample_0222"
#                        ],
#                        [
#                            "S_WT_sample_0223"
#                        ],
#                        [
#                            "S_WT_sample_0224"
#                        ],
#                        [
#                            "S_WT_sample_0225"
#                        ],
#                        [
#                            "S_WT_sample_0226"
#                        ],
#                        [
#                            "S_WT_sample_0227"
#                        ],
#                        [
#                            "S_WT_sample_0228"
#                        ],
#                        [
#                            "S_WT_sample_0229"
#                        ],
#                        [
#                            "S_WT_sample_0230"
#                        ],
#                        [
#                            "S_WT_sample_0231"
#                        ],
#                        [
#                            "S_WT_sample_0232"
#                        ],
#                        [
#                            "S_WT_sample_0233"
#                        ],
#                        [
#                            "S_WT_sample_0234"
#                        ],
#                        [
#                            "S_WT_sample_0235"
#                        ],
#                        [
#                            "S_WT_sample_0236"
#                        ],
#                        [
#                            "S_WT_sample_0237"
#                        ]
#                    ]
#                }
#            ]
#        }
#    },
#    "unit": ""
#}

