### DATA:
#
# 273
#      Q             I(Q)           Error     
6.00000000E-03  6.71072862E-01  2.04496189E+00
7.00000000E-03  3.45658488E-01  9.43184792E-01
8.00000000E-03  1.05452463E+00  5.58276547E-01
9.00000000E-03  4.68173621E-01  3.68825439E-01
1.00000000E-02  5.60904737E-01  2.79059392E-01
1.10000000E-02  3.55178493E-01  2.22851713E-01
1.20000000E-02  7.10494992E-01  1.91467382E-01
1.30000000E-02  5.35485264E-01  1.76070918E-01
1.40000000E-02  4.40651523E-01  1.56855299E-01
1.50000000E-02  7.73664987E-01  1.36682795E-01
1.60000000E-02  6.14866573E-01  1.22739360E-01
1.70000000E-02  4.10057999E-01  1.14486886E-01
1.80000000E-02  7.03398738E-01  1.08320312E-01
1.90000000E-02  6.37474153E-01  1.02719517E-01
2.00000000E-02  5.26942278E-01  9.52007927E-02
2.10000000E-02  6.88294981E-01  8.83805135E-02
2.20000000E-02  6.69052525E-01  8.80582953E-02
2.30000000E-02  6.15450349E-01  8.14930250E-02
2.40000000E-02  4.81283220E-01  8.21306532E-02
2.50000000E-02  5.50380277E-01  7.55724418E-02
2.60000000E-02  5.71674204E-01  7.44894345E-02
2.70000000E-02  6.25259578E-01  7.26117959E-02
2.80000000E-02  6.24609794E-01  6.87807884E-02
2.90000000E-02  5.05108566E-01  7.03593884E-02
3.00000000E-02  5.21896029E-01  6.68708915E-02
3.10000000E-02  5.06437084E-01  6.70862739E-02
3.20000000E-02  6.17459959E-01  6.53400225E-02
3.30000000E-02  5.38015559E-01  6.31681227E-02
3.40000000E-02  5.24637409E-01  6.28282817E-02
3.50000000E-02  4.47421856E-01  5.99342799E-02
3.60000000E-02  5.28089070E-01  6.13188938E-02
3.70000000E-02  4.68547027E-01  5.86235820E-02
3.80000000E-02  4.83279697E-01  5.84406077E-02
3.90000000E-02  4.83751405E-01  5.71966407E-02
4.00000000E-02  4.80681763E-01  5.68873694E-02
4.10000000E-02  3.65749112E-01  5.63736473E-02
4.20000000E-02  4.42449277E-01  5.41530630E-02
4.30000000E-02  4.84561850E-01  5.44956090E-02
4.40000000E-02  3.72087852E-01  5.31644161E-02
4.50000000E-02  4.86108208E-01  5.23921888E-02
4.60000000E-02  4.16954902E-01  5.08338175E-02
4.70000000E-02  4.35511710E-01  5.10534193E-02
4.80000000E-02  3.66094277E-01  5.01760714E-02
4.90000000E-02  4.16260578E-01  5.06071432E-02
5.00000000E-02  4.23211392E-01  4.95014254E-02
5.20000000E-02  3.42822022E-01  3.39674202E-02
5.40000000E-02  4.06402160E-01  3.32005192E-02
5.60000000E-02  3.11933952E-01  3.35075522E-02
5.80000000E-02  3.49456739E-01  3.35135487E-02
6.00000000E-02  3.28686086E-01  3.35522420E-02
6.20000000E-02  2.64061182E-01  3.24666187E-02
6.40000000E-02  2.85011706E-01  3.12052394E-02
6.60000000E-02  2.49648958E-01  3.05036175E-02
6.80000000E-02  2.61389411E-01  3.01147978E-02
7.00000000E-02  2.63953389E-01  2.95441889E-02
7.20000000E-02  2.34995564E-01  2.88589433E-02
7.40000000E-02  2.36771445E-01  2.90160506E-02
7.60000000E-02  2.71021436E-01  2.89198697E-02
7.80000000E-02  2.36351562E-01  2.79588381E-02
8.00000000E-02  2.35689501E-01  2.85269389E-02
8.20000000E-02  2.00288691E-01  2.82191522E-02
8.40000000E-02  2.30361429E-01  2.82522525E-02
8.60000000E-02  2.13451726E-01  2.72486543E-02
8.80000000E-02  2.06580258E-01  2.70393730E-02
9.00000000E-02  1.26599600E-01  2.73088472E-02
9.20000000E-02  1.65841339E-01  2.70742610E-02
9.40000000E-02  1.47124941E-01  2.70965568E-02
9.60000000E-02  1.75947582E-01  2.66918356E-02
9.80000000E-02  1.85545392E-01  2.69463062E-02
1.00000000E-01  1.50564220E-01  2.65357073E-02
1.05000000E-01  1.40339514E-01  1.65343736E-02
1.10000000E-01  1.13246896E-01  1.61789356E-02
1.15000000E-01  1.43889965E-01  1.59719345E-02
1.20000000E-01  1.20262976E-01  1.55275451E-02
1.25000000E-01  9.47206569E-02  1.54382831E-02
1.30000000E-01  8.41478518E-02  1.60221959E-02
1.35000000E-01  8.77985257E-02  1.56429202E-02
1.40000000E-01  9.52286500E-02  1.52103699E-02
1.45000000E-01  8.90584110E-02  1.49181337E-02
1.50000000E-01  8.02594097E-02  1.49066970E-02
1.55000000E-01  5.62067200E-02  1.54050760E-02
1.60000000E-01  5.53288552E-02  1.55771768E-02
1.65000000E-01  8.39255522E-02  1.55899968E-02
1.70000000E-01  6.63397330E-02  1.57456007E-02
1.75000000E-01  4.19768529E-02  1.57209369E-02
1.80000000E-01  5.38033127E-02  1.55767803E-02
1.85000000E-01  4.28575234E-02  1.55159509E-02
1.90000000E-01  3.65232427E-02  1.54164464E-02
1.95000000E-01  6.19215434E-02  1.56658709E-02
2.00000000E-01  2.73954395E-02  1.43903987E-02
2.05000000E-01  1.78775242E-02  1.48922972E-02
2.10000000E-01  1.45352382E-02  1.46821287E-02
2.15000000E-01  3.30555240E-02  1.52822243E-02
2.20000000E-01  3.53312241E-02  1.40447114E-02
2.25000000E-01  2.10429414E-02  1.37058794E-02
2.30000000E-01  2.78858512E-02  1.44707757E-02
2.35000000E-01  3.05950430E-02  1.28735140E-02
2.40000000E-01  1.87263319E-02  1.48926138E-02
2.45000000E-01  2.54556805E-02  1.45075555E-02
2.50000000E-01  2.45902026E-02  1.48678774E-02
2.55000000E-01  4.76294866E-03  1.47288257E-02
2.60000000E-01  1.21028868E-02  1.58018348E-02
2.65000000E-01  1.69591498E-02  1.54570306E-02
2.70000000E-01  2.74241268E-02  1.61172260E-02
2.75000000E-01  2.87884384E-02  1.49963075E-02
2.80000000E-01  3.61289530E-02  1.70003112E-02
2.85000000E-01  4.02427203E-03  1.54862776E-02
2.90000000E-01  2.83806515E-02  1.64444006E-02
2.95000000E-01  1.18575391E-02  1.68024767E-02
3.00000000E-01  4.21264036E-02  1.62730309E-02
3.05000000E-01  9.71350776E-03  1.57717447E-02
3.10000000E-01  2.40115338E-02  1.49884523E-02
3.15000000E-01  2.06388309E-02  1.58334240E-02
3.20000000E-01  3.14414461E-02  1.61486963E-02
3.25000000E-01  2.96438797E-02  1.49197405E-02
3.30000000E-01  2.96531647E-02  1.46014551E-02
3.35000000E-01  2.37744009E-02  1.45000741E-02
3.40000000E-01  2.81564616E-02  1.39024497E-02
3.45000000E-01  3.91880529E-03  1.51473911E-02
3.50000000E-01  1.52202850E-02  1.40121714E-02
3.55000000E-01  2.13684833E-02  1.43692137E-02
3.60000000E-01  1.29407284E-02  1.35039359E-02
3.65000000E-01  1.50793207E-02  1.35004005E-02
3.70000000E-01  1.28776278E-03  1.31065636E-02
3.75000000E-01  9.61522306E-04  1.33873001E-02
3.80000000E-01  -1.09731226E-03  1.33452539E-02
3.85000000E-01  4.93229722E-03  1.37982133E-02
3.90000000E-01  1.32062850E-02  1.24658063E-02
3.95000000E-01  6.43816187E-03  1.33517149E-02
4.00000000E-01  2.11242886E-02  1.23940695E-02
4.05000000E-01  1.70256395E-02  1.48518358E-02
4.10000000E-01  2.28814941E-02  1.36382803E-02
4.15000000E-01  2.45415501E-02  1.50736988E-02
4.20000000E-01  1.74095548E-02  1.22704787E-02
4.25000000E-01  -2.29786818E-03  1.27850495E-02
4.30000000E-01  2.15835264E-02  1.28405458E-02
4.35000000E-01  2.48059404E-02  1.27087595E-02
4.40000000E-01  1.28301534E-02  1.24601386E-02
4.45000000E-01  -8.13024446E-04  1.15149483E-02
4.50000000E-01  2.83329503E-03  1.21987573E-02
4.55000000E-01  9.28761380E-03  1.21561107E-02
4.60000000E-01  1.37938871E-02  1.20360476E-02
4.65000000E-01  -7.04436538E-03  1.19410259E-02
4.70000000E-01  2.51307399E-03  1.25236056E-02
4.75000000E-01  1.32761646E-02  1.14473153E-02
4.80000000E-01  2.55733004E-02  1.25946391E-02
4.85000000E-01  5.15140901E-03  1.19710353E-02
4.90000000E-01  9.81917694E-04  1.14571047E-02
4.95000000E-01  5.14689309E-03  1.07973611E-02
5.00000000E-01  8.05269959E-03  1.33126819E-02
5.10000000E-01  8.46346076E-03  7.84104279E-03
5.20000000E-01  4.52132573E-03  7.70936647E-03
5.30000000E-01  1.15323808E-02  7.67221048E-03
5.40000000E-01  2.08296111E-03  7.74568978E-03
5.50000000E-01  1.34147257E-02  7.66899398E-03
5.60000000E-01  4.70595878E-03  7.35158339E-03
5.70000000E-01  5.31339022E-03  6.90863891E-03
5.80000000E-01  9.25488646E-03  7.34682812E-03
5.90000000E-01  6.02618407E-03  6.98720137E-03
6.00000000E-01  1.18697134E-02  7.11935604E-03
6.10000000E-01  8.88525671E-03  7.26792660E-03
6.20000000E-01  -2.00602685E-03  6.93381823E-03
6.30000000E-01  2.27048204E-03  7.05735446E-03
6.40000000E-01  9.47323219E-03  6.80096596E-03
6.50000000E-01  6.60133702E-04  6.68830987E-03
6.60000000E-01  1.12210718E-02  6.62705002E-03
6.70000000E-01  1.18792049E-02  7.00215986E-03
6.80000000E-01  1.18514842E-02  6.86113641E-03
6.90000000E-01  1.27738266E-02  6.58580368E-03
7.00000000E-01  7.73500170E-03  6.89688080E-03
7.10000000E-01  1.87243542E-03  6.65733554E-03
7.20000000E-01  6.13875317E-03  6.85699480E-03
7.30000000E-01  2.27777030E-03  6.69406273E-03
7.40000000E-01  3.74996183E-04  6.76892013E-03
7.50000000E-01  1.61983099E-02  6.81564294E-03
7.60000000E-01  1.41506426E-02  6.88360674E-03
7.70000000E-01  3.90600891E-03  6.84654499E-03
7.80000000E-01  -1.05481732E-03  6.92200115E-03
7.90000000E-01  5.52902305E-03  6.86399339E-03
8.00000000E-01  5.41935000E-03  6.93377342E-03
8.10000000E-01  -1.55296454E-03  7.08296092E-03
8.20000000E-01  4.46226411E-03  7.03412330E-03
8.30000000E-01  4.43261367E-03  7.00285130E-03
8.40000000E-01  5.70315710E-03  7.10635600E-03
8.50000000E-01  1.71077527E-03  7.05877842E-03
8.60000000E-01  3.29409030E-03  7.32251131E-03
8.70000000E-01  9.14946208E-03  7.05055489E-03
8.80000000E-01  3.31725625E-03  7.05557440E-03
8.90000000E-01  7.26782526E-03  6.73851951E-03
9.00000000E-01  4.10429668E-03  6.72805831E-03
9.10000000E-01  1.36718313E-02  6.85387039E-03
9.20000000E-01  9.73299700E-03  6.78136342E-03
9.30000000E-01  -4.60682030E-04  6.83111544E-03
9.40000000E-01  5.80963649E-03  6.71616982E-03
9.50000000E-01  1.46729039E-03  6.85565974E-03
9.60000000E-01  8.25219228E-03  6.99385726E-03
9.70000000E-01  6.02084500E-03  7.02008116E-03
9.80000000E-01  7.58283825E-03  7.12358899E-03
9.90000000E-01  4.29553455E-04  7.08443196E-03
1.00000000E+00  2.55924240E-03  7.35569004E-03
1.03000000E+00  7.09297310E-03  4.50824896E-03
1.06000000E+00  5.46951619E-03  4.75921041E-03
1.09000000E+00  4.00671426E-03  5.05026052E-03
1.12000000E+00  7.18653410E-04  5.02921994E-03
1.15000000E+00  3.15271744E-03  5.06311247E-03
1.18000000E+00  5.15311670E-03  5.80393399E-03
1.21000000E+00  4.15761454E-03  6.50106096E-03
1.24000000E+00  3.96912967E-03  7.00061112E-03
1.27000000E+00  1.72921713E-03  7.59565790E-03
1.30000000E+00  1.30140255E-03  8.38590596E-03
1.33000000E+00  4.11100984E-03  9.41733117E-03
1.36000000E+00  6.99066591E-03  1.05406339E-02
1.39000000E+00  7.55382405E-03  1.36079328E-02
1.42000000E+00  3.61515853E-03  1.44436976E-02
1.45000000E+00  7.81561450E-03  1.47617074E-02
1.48000000E+00  1.09911900E-02  1.62828458E-02
1.51000000E+00  6.48123092E-03  1.80981983E-02
1.54000000E+00  7.99266274E-03  2.03175142E-02
1.57000000E+00  4.95413804E-03  2.28820275E-02
1.60000000E+00  5.55868827E-03  2.55630441E-02
1.63000000E+00  5.83677204E-03  2.86417608E-02
1.66000000E+00  1.06422210E-02  3.20299114E-02
1.69000000E+00  1.29747869E-02  3.53678622E-02
1.72000000E+00  8.32864009E-03  3.88820058E-02
1.75000000E+00  5.42683867E-03  4.28471424E-02
1.78000000E+00  9.07777014E-03  4.94895119E-02
1.81000000E+00  9.68334248E-03  5.56254011E-02
1.84000000E+00  4.39046651E-03  5.90631540E-02
1.87000000E+00  7.49000945E-04  6.06830770E-02
1.90000000E+00  4.07058165E-03  6.30798727E-02
1.93000000E+00  1.18676010E-03  6.52271123E-02
1.96000000E+00  2.02504727E-03  6.70340230E-02
1.99000000E+00  2.39132470E-03  9.40476816E-02
2.02000000E+00  2.60313812E-04  7.03878754E-02
2.05000000E+00  7.60774477E-04  7.00843797E-02
2.08000000E+00  -5.87333105E-03  6.82595556E-02
2.11000000E+00  -3.10251967E-03  6.54053350E-02
2.14000000E+00  -2.46795224E-03  6.25478989E-02
2.17000000E+00  -9.63700343E-03  5.86184716E-02
2.20000000E+00  -6.86623237E-03  5.51196432E-02
2.23000000E+00  -7.36612276E-03  5.23413859E-02
2.26000000E+00  -1.32941515E-02  5.01660801E-02
2.29000000E+00  -1.23202958E-02  4.79513927E-02
2.32000000E+00  -1.24334611E-02  4.60128534E-02
2.35000000E+00  -5.48350317E-03  4.43420887E-02
2.38000000E+00  -1.50840748E-02  4.46434222E-02
2.41000000E+00  -1.34120518E-02  4.51647941E-02
2.44000000E+00  -1.62804622E-02  4.27914323E-02
2.47000000E+00  -7.83653094E-03  4.21940380E-02
2.50000000E+00  -6.84516968E-03  4.11011844E-02
2.53000000E+00  -9.73241858E-03  4.07993015E-02
2.56000000E+00  -4.13974292E-03  4.08788246E-02
2.59000000E+00  -1.17638404E-02  4.10722626E-02
2.62000000E+00  -7.38969838E-03  4.13010775E-02
2.65000000E+00  1.11479080E-03  4.18634418E-02
2.68000000E+00  -1.13068632E-02  4.33614863E-02
2.71000000E+00  -9.10741945E-03  4.45674175E-02
2.74000000E+00  -7.77850219E-03  4.53083107E-02
2.77000000E+00  -6.17176954E-03  4.56765716E-02
2.80000000E+00  -1.19132318E-04  4.57510989E-02
2.83000000E+00  -1.83922837E-03  4.56390153E-02
2.86000000E+00  -6.82957555E-03  4.53177249E-02
2.89000000E+00  -4.89330531E-03  4.48718572E-02
2.92000000E+00  -1.42448317E-03  4.40828254E-02
2.95000000E+00  2.44792593E-03  4.33446158E-02
2.98000000E+00  -1.80355992E-03  4.29641551E-02
3.01000000E+00  3.60815128E-03  4.16939988E-02
3.04000000E+00  -6.16730784E-03  4.08357119E-02
3.07000000E+00  -1.76880437E-03  3.89935228E-02
3.10000000E+00  1.93748129E-03  3.87733466E-02
3.13000000E+00  1.15876671E-03  4.11029663E-02
3.16000000E+00  4.15075938E-06  3.99794210E-02
3.19000000E+00  -3.20952781E-03  4.08970518E-02


### HEADER:
#
#{
#    "analysis": {},
#    "filename": "./dat_files/WT_092025/profile_180.dat",
#    "history": {
#        "subtraction": {
#            "initial_file": [
#                "S_WT_sample_0181"
#            ],
#            "subtracted_file": [
#                "A_S_WT_sample_0221",
#                {
#                    "averaged_files": [
#                        [
#                            "S_WT_sample_0221"
#                        ],
#                        [
#                            "S_WT_sample_0222"
#                        ],
#                        [
#                            "S_WT_sample_0223"
#                        ],
#                        [
#                            "S_WT_sample_0224"
#                        ],
#                        [
#                            "S_WT_sample_0225"
#                        ],
#                        [
#                            "S_WT_sample_0226"
#                        ],
#                        [
#                            "S_WT_sample_0227"
#                        ],
#                        [
#                            "S_WT_sample_0228"
#                        ],
#                        [
#                            "S_WT_sample_0229"
#                        ],
#                        [
#                            "S_WT_sample_0230"
#                        ],
#                        [
#                            "S_WT_sample_0231"
#                        ],
#                        [
#                            "S_WT_sample_0232"
#                        ],
#                        [
#                            "S_WT_sample_0233"
#                        ],
#                        [
#                            "S_WT_sample_0234"
#                        ],
#                        [
#                            "S_WT_sample_0235"
#                        ],
#                        [
#                            "S_WT_sample_0236"
#                        ],
#                        [
#                            "S_WT_sample_0237"
#                        ]
#                    ]
#                }
#            ]
#        }
#    },
#    "unit": ""
#}

