### DATA:
#
# 273
#      Q             I(Q)           Error     
6.00000000E-03  5.97226695E-01  2.02612124E+00
7.00000000E-03  1.63622276E+00  9.20484973E-01
8.00000000E-03  1.38649057E+00  5.83641856E-01
9.00000000E-03  7.28449225E-01  3.89643116E-01
1.00000000E-02  9.63642986E-01  2.86044526E-01
1.10000000E-02  9.52657046E-01  2.20233096E-01
1.20000000E-02  8.84453633E-01  2.04451003E-01
1.30000000E-02  9.17670347E-01  1.73127317E-01
1.40000000E-02  9.53841097E-01  1.52261707E-01
1.50000000E-02  8.90626818E-01  1.38475647E-01
1.60000000E-02  8.31304492E-01  1.21506335E-01
1.70000000E-02  9.45132989E-01  1.17379693E-01
1.80000000E-02  6.88985591E-01  1.09580820E-01
1.90000000E-02  8.84089222E-01  1.01664071E-01
2.00000000E-02  8.12361789E-01  9.66674871E-02
2.10000000E-02  8.46194534E-01  9.22346287E-02
2.20000000E-02  9.28380825E-01  9.14028993E-02
2.30000000E-02  7.36126542E-01  8.09424258E-02
2.40000000E-02  7.99395511E-01  8.29767115E-02
2.50000000E-02  7.15039054E-01  7.73843621E-02
2.60000000E-02  9.77295976E-01  7.83586094E-02
2.70000000E-02  9.11231992E-01  7.61775684E-02
2.80000000E-02  8.14323629E-01  7.23500038E-02
2.90000000E-02  7.11215957E-01  7.05812693E-02
3.00000000E-02  8.09589237E-01  6.88658451E-02
3.10000000E-02  7.97426520E-01  6.87440246E-02
3.20000000E-02  7.92684425E-01  6.56837253E-02
3.30000000E-02  8.17379753E-01  6.55940532E-02
3.40000000E-02  7.63900625E-01  6.30327584E-02
3.50000000E-02  6.92972548E-01  6.34184619E-02
3.60000000E-02  7.60999852E-01  6.18736784E-02
3.70000000E-02  6.79924618E-01  5.97354721E-02
3.80000000E-02  6.98337555E-01  6.02830978E-02
3.90000000E-02  7.18628358E-01  5.85784150E-02
4.00000000E-02  6.84634636E-01  5.73234100E-02
4.10000000E-02  5.85090786E-01  5.62895569E-02
4.20000000E-02  6.81619147E-01  5.70537527E-02
4.30000000E-02  6.49572643E-01  5.46823203E-02
4.40000000E-02  5.85852340E-01  5.45252269E-02
4.50000000E-02  6.67717382E-01  5.44435729E-02
4.60000000E-02  5.82818726E-01  5.27178516E-02
4.70000000E-02  6.30631438E-01  5.22314038E-02
4.80000000E-02  5.94337622E-01  5.09258025E-02
4.90000000E-02  5.74052689E-01  5.00237398E-02
5.00000000E-02  5.12546419E-01  4.97057934E-02
5.20000000E-02  5.90692834E-01  3.48127529E-02
5.40000000E-02  5.18829733E-01  3.36981378E-02
5.60000000E-02  4.93286825E-01  3.40561187E-02
5.80000000E-02  4.44648570E-01  3.44091306E-02
6.00000000E-02  4.67855879E-01  3.40302751E-02
6.20000000E-02  4.16057893E-01  3.24900060E-02
6.40000000E-02  4.10065995E-01  3.16169624E-02
6.60000000E-02  4.49759910E-01  3.14145424E-02
6.80000000E-02  3.92381434E-01  3.02089960E-02
7.00000000E-02  3.41382560E-01  2.97067679E-02
7.20000000E-02  3.83651875E-01  2.92298549E-02
7.40000000E-02  3.16315474E-01  2.92374907E-02
7.60000000E-02  3.33858017E-01  2.90016331E-02
7.80000000E-02  3.43915105E-01  2.80633150E-02
8.00000000E-02  3.18614879E-01  2.84067110E-02
8.20000000E-02  2.82255160E-01  2.84676520E-02
8.40000000E-02  2.97888740E-01  2.83834237E-02
8.60000000E-02  2.67514487E-01  2.74340050E-02
8.80000000E-02  2.60533246E-01  2.72084067E-02
9.00000000E-02  3.00153352E-01  2.73216832E-02
9.20000000E-02  2.52459169E-01  2.72488084E-02
9.40000000E-02  2.20168855E-01  2.71172086E-02
9.60000000E-02  2.22966917E-01  2.68745220E-02
9.80000000E-02  2.18795448E-01  2.69037999E-02
1.00000000E-01  1.85128363E-01  2.69314106E-02
1.05000000E-01  2.07634925E-01  1.66819560E-02
1.10000000E-01  2.04023416E-01  1.63200217E-02
1.15000000E-01  1.63297188E-01  1.58398678E-02
1.20000000E-01  1.64480186E-01  1.57589144E-02
1.25000000E-01  1.52243283E-01  1.56760701E-02
1.30000000E-01  1.49858961E-01  1.60774264E-02
1.35000000E-01  1.20541101E-01  1.55412456E-02
1.40000000E-01  1.00145252E-01  1.50885416E-02
1.45000000E-01  9.94553832E-02  1.50005481E-02
1.50000000E-01  9.93518695E-02  1.50653428E-02
1.55000000E-01  8.02077261E-02  1.55017560E-02
1.60000000E-01  8.41997463E-02  1.56070291E-02
1.65000000E-01  9.25091653E-02  1.57552932E-02
1.70000000E-01  7.10543236E-02  1.57761164E-02
1.75000000E-01  6.18086428E-02  1.57826028E-02
1.80000000E-01  5.80517414E-02  1.59126515E-02
1.85000000E-01  6.88209558E-02  1.56864484E-02
1.90000000E-01  6.68797943E-02  1.55181798E-02
1.95000000E-01  7.37497721E-02  1.56483458E-02
2.00000000E-01  5.85656615E-02  1.45353120E-02
2.05000000E-01  3.11748313E-02  1.46836930E-02
2.10000000E-01  3.76388867E-02  1.52759574E-02
2.15000000E-01  2.79353998E-02  1.46627382E-02
2.20000000E-01  4.93460995E-02  1.47219183E-02
2.25000000E-01  4.33696799E-02  1.41052396E-02
2.30000000E-01  3.84905162E-02  1.34534867E-02
2.35000000E-01  2.94899187E-02  1.43328146E-02
2.40000000E-01  4.53885254E-02  1.41661999E-02
2.45000000E-01  3.02492388E-02  1.51155681E-02
2.50000000E-01  2.65160583E-02  1.51429512E-02
2.55000000E-01  2.47315457E-02  1.57142877E-02
2.60000000E-01  3.83163633E-02  1.56595410E-02
2.65000000E-01  2.88913542E-02  1.59515831E-02
2.70000000E-01  2.95486639E-02  1.60242802E-02
2.75000000E-01  3.35872581E-02  1.44390168E-02
2.80000000E-01  2.03451803E-02  1.58747168E-02
2.85000000E-01  1.20596935E-02  1.39839162E-02
2.90000000E-01  2.20161893E-02  1.71326142E-02
2.95000000E-01  1.92155172E-02  1.58946138E-02
3.00000000E-01  1.73203154E-02  1.73701057E-02
3.05000000E-01  2.97782585E-02  1.57293195E-02
3.10000000E-01  3.59980154E-02  1.49592538E-02
3.15000000E-01  1.86849245E-02  1.50136431E-02
3.20000000E-01  4.16317623E-02  1.51040080E-02
3.25000000E-01  1.32858256E-02  1.47287883E-02
3.30000000E-01  2.62971082E-02  1.52391175E-02
3.35000000E-01  3.55599029E-02  1.45410165E-02
3.40000000E-01  2.48128546E-02  1.40589926E-02
3.45000000E-01  2.72241818E-02  1.60316264E-02
3.50000000E-01  7.28467719E-03  1.34170839E-02
3.55000000E-01  2.07706932E-02  1.35916190E-02
3.60000000E-01  2.33252252E-02  1.39138577E-02
3.65000000E-01  1.58376802E-03  1.33729412E-02
3.70000000E-01  1.99825181E-03  1.46356769E-02
3.75000000E-01  4.05758301E-02  1.41378153E-02
3.80000000E-01  1.49932149E-02  1.49155287E-02
3.85000000E-01  1.41728910E-02  1.43608040E-02
3.90000000E-01  4.47503770E-03  1.29173675E-02
3.95000000E-01  2.52261745E-02  1.31962082E-02
4.00000000E-01  1.47095413E-02  1.26544061E-02
4.05000000E-01  1.67088594E-02  1.48587939E-02
4.10000000E-01  1.65995516E-02  1.29913703E-02
4.15000000E-01  6.18490499E-03  1.47700109E-02
4.20000000E-01  1.32844020E-02  1.29307678E-02
4.25000000E-01  1.16580024E-02  1.24229908E-02
4.30000000E-01  1.31843870E-02  1.28879980E-02
4.35000000E-01  1.30702978E-02  1.25528577E-02
4.40000000E-01  1.78610023E-02  1.21964377E-02
4.45000000E-01  1.38460412E-02  1.29230253E-02
4.50000000E-01  1.27861090E-02  1.27391960E-02
4.55000000E-01  -4.08610476E-03  1.21179701E-02
4.60000000E-01  -1.83120286E-03  1.15354292E-02
4.65000000E-01  -1.96542021E-05  1.18666169E-02
4.70000000E-01  1.98602582E-02  1.20913131E-02
4.75000000E-01  4.36212502E-03  1.13432477E-02
4.80000000E-01  1.54342424E-02  1.24679379E-02
4.85000000E-01  2.90178286E-03  1.12852419E-02
4.90000000E-01  5.04350329E-03  1.17818819E-02
4.95000000E-01  7.95915588E-03  1.05607418E-02
5.00000000E-01  1.90650218E-02  1.31146814E-02
5.10000000E-01  1.16796523E-02  8.19480730E-03
5.20000000E-01  6.79032761E-03  7.93381559E-03
5.30000000E-01  9.13821708E-03  7.83824319E-03
5.40000000E-01  1.09081841E-02  7.49950272E-03
5.50000000E-01  9.10927547E-03  7.51218171E-03
5.60000000E-01  6.95791844E-03  7.24263894E-03
5.70000000E-01  6.70148963E-03  7.18701097E-03
5.80000000E-01  2.11512926E-02  7.42806468E-03
5.90000000E-01  1.46078245E-02  7.20640937E-03
6.00000000E-01  3.21925042E-03  7.35426389E-03
6.10000000E-01  1.56784898E-02  6.89393144E-03
6.20000000E-01  1.73163983E-03  6.75890982E-03
6.30000000E-01  5.39630769E-03  7.15900946E-03
6.40000000E-01  1.71213365E-02  6.98957850E-03
6.50000000E-01  5.38068640E-03  6.80962607E-03
6.60000000E-01  1.05696313E-02  6.76145530E-03
6.70000000E-01  1.18753412E-02  6.89426650E-03
6.80000000E-01  1.02516603E-02  6.63141164E-03
6.90000000E-01  1.16657584E-02  6.79485222E-03
7.00000000E-01  5.79479275E-03  6.96533422E-03
7.10000000E-01  1.28205191E-02  6.61134759E-03
7.20000000E-01  8.85249549E-03  6.74241009E-03
7.30000000E-01  5.00958307E-03  6.80280570E-03
7.40000000E-01  1.83038414E-02  6.93777836E-03
7.50000000E-01  8.04678569E-03  6.83379073E-03
7.60000000E-01  5.55719209E-03  6.86089817E-03
7.70000000E-01  5.03439370E-03  6.81040166E-03
7.80000000E-01  1.44066763E-02  6.98087052E-03
7.90000000E-01  1.37684877E-02  7.01760738E-03
8.00000000E-01  1.09202816E-02  6.94512750E-03
8.10000000E-01  7.94123486E-03  6.77434701E-03
8.20000000E-01  -1.24825435E-03  7.13362425E-03
8.30000000E-01  1.37604125E-02  6.93394800E-03
8.40000000E-01  1.41670816E-02  6.99362088E-03
8.50000000E-01  1.60550552E-02  7.07236724E-03
8.60000000E-01  4.17500152E-03  7.16989032E-03
8.70000000E-01  1.32299933E-03  7.14127696E-03
8.80000000E-01  6.28597799E-03  6.99909881E-03
8.90000000E-01  3.99924055E-03  6.52121990E-03
9.00000000E-01  6.56111263E-03  6.75132493E-03
9.10000000E-01  5.77520482E-03  6.90997991E-03
9.20000000E-01  1.24926069E-02  6.73964016E-03
9.30000000E-01  8.33153356E-03  6.70433536E-03
9.40000000E-01  3.40831360E-03  6.74968008E-03
9.50000000E-01  8.48060224E-03  6.94688986E-03
9.60000000E-01  1.70407536E-03  6.84745367E-03
9.70000000E-01  1.56117133E-02  7.04578945E-03
9.80000000E-01  6.79011785E-03  7.11273853E-03
9.90000000E-01  3.03253855E-03  7.24319227E-03
1.00000000E+00  1.47511398E-02  7.42529294E-03
1.03000000E+00  6.31063991E-03  4.53960347E-03
1.06000000E+00  6.53279087E-03  4.79413115E-03
1.09000000E+00  8.19603761E-03  5.05704855E-03
1.12000000E+00  4.14692555E-03  5.00184239E-03
1.15000000E+00  5.56846613E-03  5.08011005E-03
1.18000000E+00  1.03836582E-02  5.80596238E-03
1.21000000E+00  8.07206736E-03  6.53813713E-03
1.24000000E+00  7.68588286E-03  7.03834590E-03
1.27000000E+00  8.41312435E-03  7.62083369E-03
1.30000000E+00  8.19564871E-03  8.39464429E-03
1.33000000E+00  9.04173708E-03  9.40775903E-03
1.36000000E+00  8.06292226E-03  1.05853234E-02
1.39000000E+00  5.35838892E-03  1.36585921E-02
1.42000000E+00  6.21500520E-03  1.44096777E-02
1.45000000E+00  1.23677212E-02  1.47912886E-02
1.48000000E+00  1.22284581E-02  1.62988769E-02
1.51000000E+00  1.06173615E-02  1.81416175E-02
1.54000000E+00  9.22734147E-03  2.03692431E-02
1.57000000E+00  1.15386003E-02  2.29083030E-02
1.60000000E+00  7.89457402E-03  2.56391959E-02
1.63000000E+00  8.99640565E-03  2.87368305E-02
1.66000000E+00  8.87099623E-03  3.21141231E-02
1.69000000E+00  1.07038439E-02  3.54194549E-02
1.72000000E+00  6.03428284E-03  3.88902310E-02
1.75000000E+00  7.68567668E-03  4.28449615E-02
1.78000000E+00  9.80707146E-03  4.95868197E-02
1.81000000E+00  3.21430017E-03  5.57041007E-02
1.84000000E+00  1.46542714E-03  5.91121986E-02
1.87000000E+00  8.54128366E-03  6.07473598E-02
1.90000000E+00  3.90917160E-03  6.31691815E-02
1.93000000E+00  -2.46397369E-03  6.52787907E-02
1.96000000E+00  -1.66820008E-03  6.71267846E-02
1.99000000E+00  -1.02621367E-03  9.44256815E-02
2.02000000E+00  -1.63850810E-03  7.04370408E-02
2.05000000E+00  -2.20336571E-03  7.00619986E-02
2.08000000E+00  4.26116345E-03  6.83380108E-02
2.11000000E+00  -4.22773480E-03  6.54165544E-02
2.14000000E+00  -3.48362265E-03  6.25433687E-02
2.17000000E+00  -9.17217863E-03  5.87212447E-02
2.20000000E+00  -1.71248238E-03  5.51124449E-02
2.23000000E+00  -2.76056635E-03  5.23739111E-02
2.26000000E+00  -7.20330399E-04  5.02077702E-02
2.29000000E+00  -5.51308223E-03  4.79511113E-02
2.32000000E+00  -8.94022663E-03  4.60165572E-02
2.35000000E+00  -6.22962757E-03  4.43792657E-02
2.38000000E+00  -4.71696912E-03  4.46181829E-02
2.41000000E+00  -3.01591745E-03  4.52054849E-02
2.44000000E+00  -7.45811838E-03  4.27700782E-02
2.47000000E+00  -2.52889541E-03  4.22334799E-02
2.50000000E+00  -1.23126422E-02  4.11054026E-02
2.53000000E+00  -5.33800106E-03  4.07911410E-02
2.56000000E+00  -5.40951808E-03  4.08672298E-02
2.59000000E+00  -5.48265749E-03  4.10658781E-02
2.62000000E+00  -2.15118251E-03  4.12962859E-02
2.65000000E+00  -3.74839434E-03  4.18425805E-02
2.68000000E+00  -8.68737424E-03  4.33931449E-02
2.71000000E+00  -6.44225444E-03  4.45720956E-02
2.74000000E+00  -7.23165416E-03  4.52167380E-02
2.77000000E+00  -5.83548995E-03  4.56577843E-02
2.80000000E+00  -1.19393164E-03  4.57644233E-02
2.83000000E+00  -7.66720453E-03  4.56992793E-02
2.86000000E+00  3.73274121E-03  4.53756404E-02
2.89000000E+00  -5.38648235E-03  4.48153237E-02
2.92000000E+00  -2.10441432E-04  4.41231024E-02
2.95000000E+00  2.90925461E-03  4.34174000E-02
2.98000000E+00  -3.02706157E-04  4.29336974E-02
3.01000000E+00  -4.74243231E-04  4.15997263E-02
3.04000000E+00  2.31895911E-04  4.08342946E-02
3.07000000E+00  3.70699246E-04  3.89835831E-02
3.10000000E+00  3.38118787E-03  3.88199483E-02
3.13000000E+00  3.16875009E-04  4.09775156E-02
3.16000000E+00  -5.69146911E-03  3.99351037E-02
3.19000000E+00  -9.53402605E-03  4.06595143E-02


### HEADER:
#
#{
#    "analysis": {},
#    "filename": "./dat_files/WT_092025/profile_177.dat",
#    "history": {
#        "subtraction": {
#            "initial_file": [
#                "S_WT_sample_0178"
#            ],
#            "subtracted_file": [
#                "A_S_WT_sample_0221",
#                {
#                    "averaged_files": [
#                        [
#                            "S_WT_sample_0221"
#                        ],
#                        [
#                            "S_WT_sample_0222"
#                        ],
#                        [
#                            "S_WT_sample_0223"
#                        ],
#                        [
#                            "S_WT_sample_0224"
#                        ],
#                        [
#                            "S_WT_sample_0225"
#                        ],
#                        [
#                            "S_WT_sample_0226"
#                        ],
#                        [
#                            "S_WT_sample_0227"
#                        ],
#                        [
#                            "S_WT_sample_0228"
#                        ],
#                        [
#                            "S_WT_sample_0229"
#                        ],
#                        [
#                            "S_WT_sample_0230"
#                        ],
#                        [
#                            "S_WT_sample_0231"
#                        ],
#                        [
#                            "S_WT_sample_0232"
#                        ],
#                        [
#                            "S_WT_sample_0233"
#                        ],
#                        [
#                            "S_WT_sample_0234"
#                        ],
#                        [
#                            "S_WT_sample_0235"
#                        ],
#                        [
#                            "S_WT_sample_0236"
#                        ],
#                        [
#                            "S_WT_sample_0237"
#                        ]
#                    ]
#                }
#            ]
#        }
#    },
#    "unit": ""
#}

