### DATA:
#
# 273
#      Q             I(Q)           Error     
6.00000000E-03  1.39648376E+00  1.97831420E+00
7.00000000E-03  1.61873784E+00  9.51297208E-01
8.00000000E-03  1.40169636E+00  5.69630617E-01
9.00000000E-03  9.34818218E-01  3.89096315E-01
1.00000000E-02  1.14043993E+00  2.82827638E-01
1.10000000E-02  7.16082826E-01  2.20956249E-01
1.20000000E-02  8.40656161E-01  2.02723336E-01
1.30000000E-02  8.15053395E-01  1.70729856E-01
1.40000000E-02  8.27222531E-01  1.53478233E-01
1.50000000E-02  9.68689049E-01  1.41820356E-01
1.60000000E-02  8.86648552E-01  1.26350343E-01
1.70000000E-02  6.55705218E-01  1.17898666E-01
1.80000000E-02  8.14460713E-01  1.10176334E-01
1.90000000E-02  6.73550160E-01  1.05267877E-01
2.00000000E-02  6.40062032E-01  9.47171882E-02
2.10000000E-02  7.49926918E-01  9.19191308E-02
2.20000000E-02  7.34017867E-01  8.79007558E-02
2.30000000E-02  6.64598801E-01  7.94110571E-02
2.40000000E-02  5.23595430E-01  7.82449964E-02
2.50000000E-02  6.52906753E-01  8.03357467E-02
2.60000000E-02  6.08379261E-01  7.47401236E-02
2.70000000E-02  5.80555672E-01  7.41197504E-02
2.80000000E-02  5.75492664E-01  7.32135654E-02
2.90000000E-02  6.82058347E-01  7.02456845E-02
3.00000000E-02  7.10338512E-01  6.92335693E-02
3.10000000E-02  6.02655294E-01  6.62138257E-02
3.20000000E-02  6.80370898E-01  6.65694525E-02
3.30000000E-02  5.65872050E-01  6.43022322E-02
3.40000000E-02  5.60992979E-01  6.26652035E-02
3.50000000E-02  5.96697167E-01  6.12815031E-02
3.60000000E-02  5.55160541E-01  6.00778519E-02
3.70000000E-02  5.06905979E-01  5.97522895E-02
3.80000000E-02  5.74592775E-01  5.80641991E-02
3.90000000E-02  5.30729697E-01  5.74370025E-02
4.00000000E-02  4.91725862E-01  5.62708553E-02
4.10000000E-02  5.60810333E-01  5.53558932E-02
4.20000000E-02  5.30774861E-01  5.62221703E-02
4.30000000E-02  4.77170784E-01  5.42573261E-02
4.40000000E-02  4.27633071E-01  5.49769946E-02
4.50000000E-02  5.22820523E-01  5.38751569E-02
4.60000000E-02  5.23720281E-01  5.35571064E-02
4.70000000E-02  4.29036009E-01  5.12768133E-02
4.80000000E-02  4.37182657E-01  5.00315093E-02
4.90000000E-02  4.59771516E-01  5.05688265E-02
5.00000000E-02  4.32114711E-01  4.99693921E-02
5.20000000E-02  4.27058747E-01  3.39491333E-02
5.40000000E-02  3.66177285E-01  3.29932455E-02
5.60000000E-02  3.53881755E-01  3.37313325E-02
5.80000000E-02  3.71743938E-01  3.40369312E-02
6.00000000E-02  3.42804379E-01  3.32087942E-02
6.20000000E-02  3.17361439E-01  3.26569441E-02
6.40000000E-02  3.77743048E-01  3.16324397E-02
6.60000000E-02  3.90200196E-01  3.11246415E-02
6.80000000E-02  3.24967540E-01  2.98894391E-02
7.00000000E-02  2.58386368E-01  2.90572052E-02
7.20000000E-02  2.61190918E-01  2.90149657E-02
7.40000000E-02  2.42508081E-01  2.89306998E-02
7.60000000E-02  2.50228424E-01  2.86179091E-02
7.80000000E-02  2.69440699E-01  2.80654509E-02
8.00000000E-02  2.57754110E-01  2.82067711E-02
8.20000000E-02  2.17306238E-01  2.85584850E-02
8.40000000E-02  2.55257062E-01  2.83922909E-02
8.60000000E-02  2.61845081E-01  2.71578208E-02
8.80000000E-02  2.48074117E-01  2.72175284E-02
9.00000000E-02  2.31690752E-01  2.75902470E-02
9.20000000E-02  1.59356628E-01  2.70824508E-02
9.40000000E-02  1.80634127E-01  2.66525315E-02
9.60000000E-02  1.83372012E-01  2.69668366E-02
9.80000000E-02  1.80413416E-01  2.68220913E-02
1.00000000E-01  1.58154257E-01  2.68377549E-02
1.05000000E-01  1.48097014E-01  1.65798933E-02
1.10000000E-01  1.71553230E-01  1.63002447E-02
1.15000000E-01  1.32796513E-01  1.59199805E-02
1.20000000E-01  1.42746099E-01  1.56280946E-02
1.25000000E-01  1.14046063E-01  1.55986547E-02
1.30000000E-01  9.86971438E-02  1.60135657E-02
1.35000000E-01  9.70773288E-02  1.53856538E-02
1.40000000E-01  6.76998811E-02  1.51004324E-02
1.45000000E-01  5.96770395E-02  1.48308126E-02
1.50000000E-01  8.41007521E-02  1.50938789E-02
1.55000000E-01  6.81912897E-02  1.53520347E-02
1.60000000E-01  6.26524521E-02  1.54857774E-02
1.65000000E-01  8.53482855E-02  1.55590539E-02
1.70000000E-01  3.98693960E-02  1.57375591E-02
1.75000000E-01  4.39597218E-02  1.57541164E-02
1.80000000E-01  6.06304318E-02  1.56550556E-02
1.85000000E-01  3.21411149E-02  1.54959391E-02
1.90000000E-01  2.73335465E-02  1.54343097E-02
1.95000000E-01  3.82799473E-02  1.55788963E-02
2.00000000E-01  3.92243692E-02  1.43017599E-02
2.05000000E-01  5.88648858E-02  1.48889824E-02
2.10000000E-01  3.40754852E-02  1.50910984E-02
2.15000000E-01  3.19666798E-02  1.50190943E-02
2.20000000E-01  1.38199607E-02  1.37227046E-02
2.25000000E-01  3.98272099E-02  1.34330250E-02
2.30000000E-01  1.14220451E-02  1.43831147E-02
2.35000000E-01  4.29408948E-02  1.33841069E-02
2.40000000E-01  2.31331388E-02  1.48016003E-02
2.45000000E-01  1.75928219E-02  1.42700431E-02
2.50000000E-01  3.12115922E-02  1.45442802E-02
2.55000000E-01  3.04507431E-02  1.54532042E-02
2.60000000E-01  2.15593446E-02  1.55609116E-02
2.65000000E-01  1.69594070E-02  1.48934985E-02
2.70000000E-01  1.01970746E-02  1.57872743E-02
2.75000000E-01  3.10339636E-02  1.52888330E-02
2.80000000E-01  -1.11414306E-02  1.59323310E-02
2.85000000E-01  1.16873682E-02  1.59019268E-02
2.90000000E-01  -2.93891752E-03  1.61295793E-02
2.95000000E-01  2.43110621E-02  1.68065625E-02
3.00000000E-01  2.61593587E-02  1.47042508E-02
3.05000000E-01  1.00415329E-02  1.43150193E-02
3.10000000E-01  1.71502259E-02  1.42398842E-02
3.15000000E-01  2.92497562E-02  1.45243741E-02
3.20000000E-01  1.07759336E-03  1.48520345E-02
3.25000000E-01  -8.10836227E-03  1.52760195E-02
3.30000000E-01  -5.85041813E-03  1.67916121E-02
3.35000000E-01  1.29384894E-02  1.44929542E-02
3.40000000E-01  3.64090266E-03  1.47372198E-02
3.45000000E-01  -2.28940686E-03  1.41982677E-02
3.50000000E-01  1.59177946E-02  1.32938412E-02
3.55000000E-01  1.48798937E-03  1.35078678E-02
3.60000000E-01  3.39564597E-02  1.41328405E-02
3.65000000E-01  4.07108414E-03  1.34642367E-02
3.70000000E-01  1.57687097E-02  1.39741136E-02
3.75000000E-01  2.55746284E-02  1.32180427E-02
3.80000000E-01  1.95241844E-03  1.36697869E-02
3.85000000E-01  1.66423572E-02  1.39065446E-02
3.90000000E-01  1.52825054E-02  1.31691981E-02
3.95000000E-01  1.55262980E-02  1.33087502E-02
4.00000000E-01  5.71183972E-03  1.31000397E-02
4.05000000E-01  4.48938257E-03  1.37592623E-02
4.10000000E-01  1.93571349E-02  1.37148037E-02
4.15000000E-01  8.81206865E-03  1.43394301E-02
4.20000000E-01  -8.94749426E-03  1.30414266E-02
4.25000000E-01  9.61336600E-03  1.24428229E-02
4.30000000E-01  2.03421861E-02  1.31855812E-02
4.35000000E-01  1.09175496E-02  1.20132187E-02
4.40000000E-01  6.29755676E-03  1.20826505E-02
4.45000000E-01  8.87982062E-03  1.12858698E-02
4.50000000E-01  1.43838154E-02  1.24388838E-02
4.55000000E-01  6.71579680E-03  1.19160899E-02
4.60000000E-01  2.11261133E-02  1.09271943E-02
4.65000000E-01  1.27397471E-02  1.09106654E-02
4.70000000E-01  1.47028840E-02  1.19099492E-02
4.75000000E-01  1.16934885E-02  1.15143915E-02
4.80000000E-01  9.31523618E-03  1.14070032E-02
4.85000000E-01  1.15133485E-02  1.12547928E-02
4.90000000E-01  7.36411849E-03  1.15012951E-02
4.95000000E-01  1.55062182E-02  1.07060163E-02
5.00000000E-01  1.74819312E-02  1.27639483E-02
5.10000000E-01  -3.33196517E-03  8.41153748E-03
5.20000000E-01  1.27840047E-02  7.42146040E-03
5.30000000E-01  1.18921796E-02  7.77977328E-03
5.40000000E-01  1.71779955E-02  7.72975005E-03
5.50000000E-01  5.13473563E-03  7.38793604E-03
5.60000000E-01  1.45207081E-02  7.26522521E-03
5.70000000E-01  1.25423469E-02  7.07614929E-03
5.80000000E-01  9.66496399E-03  7.10824743E-03
5.90000000E-01  6.66508549E-03  7.12080303E-03
6.00000000E-01  3.36925406E-03  7.23873273E-03
6.10000000E-01  1.22896952E-02  7.07930709E-03
6.20000000E-01  1.11043216E-03  7.03414982E-03
6.30000000E-01  8.77692931E-03  6.97739253E-03
6.40000000E-01  9.84947130E-03  6.91439900E-03
6.50000000E-01  2.80471950E-04  6.87997206E-03
6.60000000E-01  1.55001028E-02  6.66220119E-03
6.70000000E-01  8.69004245E-03  6.94382512E-03
6.80000000E-01  8.62997481E-03  6.70047954E-03
6.90000000E-01  7.45672872E-04  6.88274554E-03
7.00000000E-01  1.02249523E-02  6.62611644E-03
7.10000000E-01  7.43534977E-03  6.76105555E-03
7.20000000E-01  6.30401488E-03  6.94087553E-03
7.30000000E-01  2.99574084E-03  6.75509730E-03
7.40000000E-01  5.49861435E-03  6.87531174E-03
7.50000000E-01  -1.25305678E-03  6.70768124E-03
7.60000000E-01  9.72317252E-03  6.77022434E-03
7.70000000E-01  1.48896310E-02  6.92047381E-03
7.80000000E-01  2.46917382E-03  6.96756291E-03
7.90000000E-01  9.21828007E-03  7.15954233E-03
8.00000000E-01  2.40917330E-03  6.79915555E-03
8.10000000E-01  3.84070336E-03  7.01667870E-03
8.20000000E-01  6.96035535E-03  6.86834585E-03
8.30000000E-01  6.70051356E-03  7.06756740E-03
8.40000000E-01  4.90109012E-03  7.01348013E-03
8.50000000E-01  1.27017170E-02  7.03818033E-03
8.60000000E-01  5.49409575E-06  7.21669721E-03
8.70000000E-01  2.06547694E-03  7.12627721E-03
8.80000000E-01  7.62713457E-03  7.01350933E-03
8.90000000E-01  5.45348968E-03  6.52243686E-03
9.00000000E-01  5.16333776E-03  6.84730233E-03
9.10000000E-01  6.77142377E-03  6.68413171E-03
9.20000000E-01  4.41824271E-03  6.68730113E-03
9.30000000E-01  1.24174800E-02  6.92810853E-03
9.40000000E-01  3.32677877E-03  6.70301942E-03
9.50000000E-01  3.05403197E-03  6.89540147E-03
9.60000000E-01  6.10269592E-03  6.92796861E-03
9.70000000E-01  4.44414041E-03  6.81374646E-03
9.80000000E-01  8.76935555E-03  7.13619451E-03
9.90000000E-01  3.54278045E-03  7.12507096E-03
1.00000000E+00  7.25246300E-03  7.39969940E-03
1.03000000E+00  6.54970250E-03  4.50574524E-03
1.06000000E+00  5.96887925E-03  4.77703037E-03
1.09000000E+00  6.84196162E-03  5.05615899E-03
1.12000000E+00  3.38680671E-03  5.01533219E-03
1.15000000E+00  2.43945365E-03  5.06723877E-03
1.18000000E+00  5.96859658E-03  5.84953393E-03
1.21000000E+00  6.70477077E-03  6.50493118E-03
1.24000000E+00  5.57736645E-03  7.04843986E-03
1.27000000E+00  6.62644706E-03  7.60506747E-03
1.30000000E+00  5.14318901E-03  8.30806907E-03
1.33000000E+00  7.32670574E-03  9.40427025E-03
1.36000000E+00  5.40496577E-03  1.05566010E-02
1.39000000E+00  5.84108437E-03  1.36041502E-02
1.42000000E+00  1.06168536E-02  1.44421140E-02
1.45000000E+00  6.26538793E-03  1.47951843E-02
1.48000000E+00  9.76966122E-03  1.62420800E-02
1.51000000E+00  9.50957613E-03  1.81202918E-02
1.54000000E+00  6.01708263E-03  2.03873503E-02
1.57000000E+00  9.82627415E-03  2.28827387E-02
1.60000000E+00  5.86414762E-03  2.55867267E-02
1.63000000E+00  5.67050176E-03  2.86607680E-02
1.66000000E+00  1.36404716E-02  3.20477130E-02
1.69000000E+00  8.49316714E-03  3.53864841E-02
1.72000000E+00  7.21013980E-03  3.88242090E-02
1.75000000E+00  4.82040174E-03  4.28034221E-02
1.78000000E+00  5.47983503E-03  4.94892361E-02
1.81000000E+00  6.22311386E-03  5.56754413E-02
1.84000000E+00  1.11902962E-02  5.90338608E-02
1.87000000E+00  3.18211335E-03  6.06846817E-02
1.90000000E+00  4.63545422E-03  6.31043461E-02
1.93000000E+00  4.39698872E-03  6.52118738E-02
1.96000000E+00  -8.55480574E-04  6.71032304E-02
1.99000000E+00  1.24113053E-03  9.41475630E-02
2.02000000E+00  -2.48276575E-05  7.03996837E-02
2.05000000E+00  4.77245627E-03  7.00640359E-02
2.08000000E+00  -2.46380570E-03  6.82653299E-02
2.11000000E+00  -9.06849282E-03  6.53615343E-02
2.14000000E+00  -5.81553634E-03  6.25222032E-02
2.17000000E+00  -1.03550397E-02  5.86576354E-02
2.20000000E+00  -8.89193724E-03  5.51175164E-02
2.23000000E+00  -5.04226973E-03  5.23486815E-02
2.26000000E+00  -7.13040827E-03  5.02153654E-02
2.29000000E+00  -1.41943864E-02  4.79795186E-02
2.32000000E+00  -1.07378351E-02  4.60264976E-02
2.35000000E+00  -1.12349185E-02  4.43335139E-02
2.38000000E+00  -4.18447518E-03  4.45754207E-02
2.41000000E+00  -4.01445871E-03  4.51977203E-02
2.44000000E+00  -1.58231617E-02  4.27476299E-02
2.47000000E+00  -7.52932093E-03  4.21852202E-02
2.50000000E+00  -7.43743749E-03  4.10853718E-02
2.53000000E+00  -1.00793725E-02  4.07609703E-02
2.56000000E+00  -6.66050249E-03  4.08543175E-02
2.59000000E+00  -7.53307263E-03  4.10918830E-02
2.62000000E+00  -7.71121199E-03  4.12445091E-02
2.65000000E+00  -3.73570617E-03  4.18542705E-02
2.68000000E+00  -8.16437391E-03  4.33556129E-02
2.71000000E+00  -5.95583692E-03  4.45563001E-02
2.74000000E+00  -6.48374051E-03  4.52403475E-02
2.77000000E+00  -6.51720198E-03  4.56626701E-02
2.80000000E+00  -7.27064324E-03  4.57621360E-02
2.83000000E+00  -5.72088303E-03  4.56721415E-02
2.86000000E+00  -6.58102507E-03  4.53066016E-02
2.89000000E+00  -4.25057567E-03  4.47979615E-02
2.92000000E+00  -9.40278861E-03  4.40971567E-02
2.95000000E+00  -3.40220640E-03  4.34422781E-02
2.98000000E+00  -1.06993992E-02  4.29654559E-02
3.01000000E+00  -9.77769068E-04  4.16406254E-02
3.04000000E+00  2.12545432E-03  4.08398787E-02
3.07000000E+00  3.81783824E-03  3.89760603E-02
3.10000000E+00  8.73970634E-04  3.87666634E-02
3.13000000E+00  -8.80842656E-04  4.11386717E-02
3.16000000E+00  -1.41294336E-02  3.99285936E-02
3.19000000E+00  -8.28680485E-03  4.08398805E-02


### HEADER:
#
#{
#    "analysis": {},
#    "filename": "./dat_files/WT_092025/profile_179.dat",
#    "history": {
#        "subtraction": {
#            "initial_file": [
#                "S_WT_sample_0180"
#            ],
#            "subtracted_file": [
#                "A_S_WT_sample_0221",
#                {
#                    "averaged_files": [
#                        [
#                            "S_WT_sample_0221"
#                        ],
#                        [
#                            "S_WT_sample_0222"
#                        ],
#                        [
#                            "S_WT_sample_0223"
#                        ],
#                        [
#                            "S_WT_sample_0224"
#                        ],
#                        [
#                            "S_WT_sample_0225"
#                        ],
#                        [
#                            "S_WT_sample_0226"
#                        ],
#                        [
#                            "S_WT_sample_0227"
#                        ],
#                        [
#                            "S_WT_sample_0228"
#                        ],
#                        [
#                            "S_WT_sample_0229"
#                        ],
#                        [
#                            "S_WT_sample_0230"
#                        ],
#                        [
#                            "S_WT_sample_0231"
#                        ],
#                        [
#                            "S_WT_sample_0232"
#                        ],
#                        [
#                            "S_WT_sample_0233"
#                        ],
#                        [
#                            "S_WT_sample_0234"
#                        ],
#                        [
#                            "S_WT_sample_0235"
#                        ],
#                        [
#                            "S_WT_sample_0236"
#                        ],
#                        [
#                            "S_WT_sample_0237"
#                        ]
#                    ]
#                }
#            ]
#        }
#    },
#    "unit": ""
#}

