### DATA:
#
# 273
#      Q             I(Q)           Error     
6.00000000E-03  6.61584381E-01  2.00776453E+00
7.00000000E-03  1.78246733E+00  9.41801904E-01
8.00000000E-03  1.12055640E+00  5.71167949E-01
9.00000000E-03  5.23138408E-01  3.67553008E-01
1.00000000E-02  1.11266967E+00  2.93989084E-01
1.10000000E-02  8.14382251E-01  2.24959668E-01
1.20000000E-02  6.68462985E-01  1.96594681E-01
1.30000000E-02  8.77142182E-01  1.67878965E-01
1.40000000E-02  9.87626857E-01  1.53901700E-01
1.50000000E-02  9.09425170E-01  1.39965316E-01
1.60000000E-02  8.32205881E-01  1.30939546E-01
1.70000000E-02  8.25981844E-01  1.16112635E-01
1.80000000E-02  5.78497665E-01  1.06414816E-01
1.90000000E-02  8.14084965E-01  1.02555212E-01
2.00000000E-02  6.88743487E-01  9.45106366E-02
2.10000000E-02  8.14229729E-01  9.20702362E-02
2.20000000E-02  8.64691703E-01  8.76440779E-02
2.30000000E-02  7.19963366E-01  8.35310633E-02
2.40000000E-02  7.10756658E-01  8.07002617E-02
2.50000000E-02  7.88415271E-01  7.92695989E-02
2.60000000E-02  7.50282471E-01  7.90736166E-02
2.70000000E-02  7.16243141E-01  7.24330531E-02
2.80000000E-02  7.02730207E-01  6.90385815E-02
2.90000000E-02  6.27305990E-01  7.07558768E-02
3.00000000E-02  6.74382032E-01  6.90641710E-02
3.10000000E-02  6.47224444E-01  6.80531590E-02
3.20000000E-02  6.39740928E-01  6.61904651E-02
3.30000000E-02  7.26758124E-01  6.33239263E-02
3.40000000E-02  6.40777872E-01  6.25564458E-02
3.50000000E-02  6.54233910E-01  6.03277578E-02
3.60000000E-02  6.92085991E-01  6.18583410E-02
3.70000000E-02  6.51340583E-01  6.02831303E-02
3.80000000E-02  6.08359475E-01  5.95341871E-02
3.90000000E-02  6.64266262E-01  5.80437979E-02
4.00000000E-02  5.60186496E-01  5.70301988E-02
4.10000000E-02  5.20523283E-01  5.52733090E-02
4.20000000E-02  5.92585966E-01  5.67212987E-02
4.30000000E-02  5.38157828E-01  5.40946015E-02
4.40000000E-02  5.27790724E-01  5.39673551E-02
4.50000000E-02  6.45423788E-01  5.41536380E-02
4.60000000E-02  5.58377796E-01  5.26891800E-02
4.70000000E-02  5.71143000E-01  5.18974809E-02
4.80000000E-02  6.37755995E-01  5.05409804E-02
4.90000000E-02  5.40258301E-01  5.20263065E-02
5.00000000E-02  4.89035108E-01  4.94143936E-02
5.20000000E-02  4.87934554E-01  3.50122771E-02
5.40000000E-02  4.40678723E-01  3.32939673E-02
5.60000000E-02  4.74190770E-01  3.39237256E-02
5.80000000E-02  5.04399581E-01  3.43724659E-02
6.00000000E-02  4.37344783E-01  3.43731040E-02
6.20000000E-02  4.15675063E-01  3.27788181E-02
6.40000000E-02  3.54298504E-01  3.20159208E-02
6.60000000E-02  3.79608588E-01  3.10456175E-02
6.80000000E-02  3.78830203E-01  2.99910585E-02
7.00000000E-02  3.29257588E-01  2.96080125E-02
7.20000000E-02  3.17960030E-01  2.87648043E-02
7.40000000E-02  3.31902946E-01  2.93695364E-02
7.60000000E-02  2.91274240E-01  2.86253912E-02
7.80000000E-02  2.88065294E-01  2.81534989E-02
8.00000000E-02  2.82596094E-01  2.83014004E-02
8.20000000E-02  2.83321272E-01  2.84583560E-02
8.40000000E-02  2.89517190E-01  2.80818945E-02
8.60000000E-02  2.74580677E-01  2.75801082E-02
8.80000000E-02  2.51532675E-01  2.72475234E-02
9.00000000E-02  1.98315854E-01  2.73825255E-02
9.20000000E-02  2.88410904E-01  2.75118598E-02
9.40000000E-02  2.29468241E-01  2.69388058E-02
9.60000000E-02  2.25049557E-01  2.64935553E-02
9.80000000E-02  1.78162311E-01  2.68308907E-02
1.00000000E-01  1.57710397E-01  2.65149258E-02
1.05000000E-01  2.01764798E-01  1.66260096E-02
1.10000000E-01  1.65693042E-01  1.63094562E-02
1.15000000E-01  1.58522908E-01  1.59985009E-02
1.20000000E-01  1.42114391E-01  1.56842052E-02
1.25000000E-01  1.43088746E-01  1.56880680E-02
1.30000000E-01  1.06409004E-01  1.59884572E-02
1.35000000E-01  1.23249888E-01  1.54903058E-02
1.40000000E-01  9.61337819E-02  1.51793948E-02
1.45000000E-01  6.51150409E-02  1.48749682E-02
1.50000000E-01  8.70845442E-02  1.49395683E-02
1.55000000E-01  9.50418639E-02  1.54670005E-02
1.60000000E-01  8.07270212E-02  1.55772547E-02
1.65000000E-01  8.20496307E-02  1.56499923E-02
1.70000000E-01  5.44436313E-02  1.56745552E-02
1.75000000E-01  5.06700982E-02  1.58026235E-02
1.80000000E-01  7.36360874E-02  1.56543485E-02
1.85000000E-01  5.27020536E-02  1.55336546E-02
1.90000000E-01  4.41775722E-02  1.54359668E-02
1.95000000E-01  6.66846173E-02  1.56027122E-02
2.00000000E-01  4.41020343E-02  1.42199851E-02
2.05000000E-01  6.28148498E-02  1.45849195E-02
2.10000000E-01  3.68233051E-02  1.42071659E-02
2.15000000E-01  2.61291758E-02  1.38028576E-02
2.20000000E-01  2.33895427E-02  1.46597969E-02
2.25000000E-01  2.02872810E-02  1.35487310E-02
2.30000000E-01  2.99591767E-02  1.42953570E-02
2.35000000E-01  1.76398958E-02  1.38235989E-02
2.40000000E-01  3.18576643E-02  1.40403180E-02
2.45000000E-01  2.38790382E-02  1.52879018E-02
2.50000000E-01  7.11917742E-03  1.42756294E-02
2.55000000E-01  3.54702939E-02  1.49125014E-02
2.60000000E-01  2.08753152E-03  1.47698044E-02
2.65000000E-01  2.14617173E-02  1.55263926E-02
2.70000000E-01  2.56544277E-02  1.66842017E-02
2.75000000E-01  3.57577390E-02  1.63057161E-02
2.80000000E-01  2.38499319E-02  1.68011622E-02
2.85000000E-01  1.93419521E-02  1.52547798E-02
2.90000000E-01  1.35292311E-02  1.62987628E-02
2.95000000E-01  2.79595380E-02  1.57174036E-02
3.00000000E-01  3.11542351E-02  1.70186885E-02
3.05000000E-01  3.20803097E-02  1.50147197E-02
3.10000000E-01  2.22398868E-02  1.66071574E-02
3.15000000E-01  1.75678761E-02  1.51986938E-02
3.20000000E-01  3.60403227E-02  1.41993876E-02
3.25000000E-01  1.03001930E-02  1.57877044E-02
3.30000000E-01  1.48009438E-02  1.43812763E-02
3.35000000E-01  1.24077002E-02  1.55687562E-02
3.40000000E-01  3.07791232E-02  1.42208231E-02
3.45000000E-01  1.79193926E-02  1.56111118E-02
3.50000000E-01  8.94684238E-03  1.25213729E-02
3.55000000E-01  2.27827317E-02  1.43289946E-02
3.60000000E-01  1.31472374E-02  1.46657596E-02
3.65000000E-01  -9.50393927E-05  1.53408062E-02
3.70000000E-01  1.46916235E-02  1.44327643E-02
3.75000000E-01  1.14261970E-02  1.31394231E-02
3.80000000E-01  2.44247020E-02  1.33862649E-02
3.85000000E-01  6.41969142E-03  1.32047929E-02
3.90000000E-01  3.52770994E-03  1.26861786E-02
3.95000000E-01  3.78202689E-03  1.39168564E-02
4.00000000E-01  -1.37558155E-02  1.23448422E-02
4.05000000E-01  1.49985416E-02  1.40440084E-02
4.10000000E-01  2.07346323E-02  1.36324598E-02
4.15000000E-01  3.48600224E-03  1.40052345E-02
4.20000000E-01  1.23268661E-02  1.27528297E-02
4.25000000E-01  8.89903483E-03  1.28844142E-02
4.30000000E-01  -6.20667286E-03  1.26468837E-02
4.35000000E-01  1.14074063E-02  1.19012107E-02
4.40000000E-01  9.92168291E-03  1.21233044E-02
4.45000000E-01  1.17145846E-02  1.20214037E-02
4.50000000E-01  2.10841712E-02  1.27267447E-02
4.55000000E-01  2.03503818E-02  1.17842488E-02
4.60000000E-01  2.84182235E-02  1.25052433E-02
4.65000000E-01  2.71026845E-02  1.13178615E-02
4.70000000E-01  3.28068131E-03  1.20822795E-02
4.75000000E-01  -6.19777208E-03  1.13022863E-02
4.80000000E-01  1.87973661E-02  1.27533559E-02
4.85000000E-01  -9.42104731E-03  1.16178901E-02
4.90000000E-01  6.84421872E-03  1.17966295E-02
4.95000000E-01  2.22636521E-02  1.08075039E-02
5.00000000E-01  1.34368843E-02  1.26585256E-02
5.10000000E-01  5.11671630E-03  8.08298559E-03
5.20000000E-01  1.22621949E-02  7.72049252E-03
5.30000000E-01  1.31415854E-02  7.77213349E-03
5.40000000E-01  1.20288561E-02  7.87076573E-03
5.50000000E-01  1.24048707E-02  7.53758868E-03
5.60000000E-01  1.43893620E-02  7.20035774E-03
5.70000000E-01  7.37924896E-03  7.08404101E-03
5.80000000E-01  9.31601349E-03  7.11538604E-03
5.90000000E-01  4.88632731E-03  7.11799501E-03
6.00000000E-01  1.51676844E-02  7.12186422E-03
6.10000000E-01  1.23177261E-02  7.12181369E-03
6.20000000E-01  9.22084723E-03  7.25049867E-03
6.30000000E-01  9.46724825E-03  6.98745267E-03
6.40000000E-01  1.60443367E-02  6.59308841E-03
6.50000000E-01  1.18036664E-02  6.78728485E-03
6.60000000E-01  6.67788460E-03  6.64288451E-03
6.70000000E-01  1.78041516E-02  7.01396540E-03
6.80000000E-01  5.78261475E-03  6.93102213E-03
6.90000000E-01  1.65370098E-03  6.54233806E-03
7.00000000E-01  8.96875606E-03  6.73286520E-03
7.10000000E-01  5.51062160E-03  6.51527873E-03
7.20000000E-01  3.30088159E-03  6.91074303E-03
7.30000000E-01  7.38543546E-03  6.83734892E-03
7.40000000E-01  5.53824908E-03  6.85561344E-03
7.50000000E-01  9.36322909E-03  6.65903178E-03
7.60000000E-01  1.50183891E-02  6.76065441E-03
7.70000000E-01  7.08509002E-03  6.97738151E-03
7.80000000E-01  2.28930892E-03  7.04935242E-03
7.90000000E-01  9.56094573E-03  6.90354666E-03
8.00000000E-01  -5.03500024E-04  7.00335955E-03
8.10000000E-01  7.72733984E-03  6.89536907E-03
8.20000000E-01  5.05342450E-03  6.96169498E-03
8.30000000E-01  7.23240835E-03  7.05110957E-03
8.40000000E-01  3.55572593E-03  7.26286674E-03
8.50000000E-01  1.19397891E-02  7.23986843E-03
8.60000000E-01  7.29933676E-03  6.94446681E-03
8.70000000E-01  1.09865982E-02  7.25500938E-03
8.80000000E-01  1.12791836E-02  7.00163959E-03
8.90000000E-01  5.33378792E-03  6.89119594E-03
9.00000000E-01  4.11690299E-03  6.84973006E-03
9.10000000E-01  8.26125316E-03  6.77424917E-03
9.20000000E-01  4.06025806E-03  6.78823523E-03
9.30000000E-01  3.39783858E-03  6.58008649E-03
9.40000000E-01  3.85776608E-03  6.75708793E-03
9.50000000E-01  7.24881033E-03  6.95078206E-03
9.60000000E-01  1.15826379E-04  6.81856089E-03
9.70000000E-01  8.24141764E-03  6.84711311E-03
9.80000000E-01  5.34377856E-03  7.23905929E-03
9.90000000E-01  1.10191139E-02  7.19956141E-03
1.00000000E+00  5.96229233E-03  7.37041555E-03
1.03000000E+00  6.93277743E-03  4.51932956E-03
1.06000000E+00  1.09903068E-02  4.78304841E-03
1.09000000E+00  7.63466769E-03  5.01936763E-03
1.12000000E+00  4.53116731E-03  5.02133304E-03
1.15000000E+00  4.69688533E-03  5.08996378E-03
1.18000000E+00  8.78108352E-03  5.78521725E-03
1.21000000E+00  3.84609713E-03  6.49689932E-03
1.24000000E+00  7.44277514E-03  7.03782227E-03
1.27000000E+00  3.76799208E-03  7.61458629E-03
1.30000000E+00  8.94315010E-03  8.35947488E-03
1.33000000E+00  4.43750151E-03  9.40366811E-03
1.36000000E+00  6.25368043E-03  1.05565316E-02
1.39000000E+00  7.51862426E-03  1.36846768E-02
1.42000000E+00  6.27013622E-03  1.44081157E-02
1.45000000E+00  7.94417846E-03  1.48268966E-02
1.48000000E+00  1.09934762E-02  1.62523272E-02
1.51000000E+00  1.01979986E-02  1.81315870E-02
1.54000000E+00  6.12010159E-03  2.03038799E-02
1.57000000E+00  1.39124364E-02  2.29118775E-02
1.60000000E+00  7.84209635E-03  2.55739466E-02
1.63000000E+00  8.73331889E-03  2.86721578E-02
1.66000000E+00  5.83126003E-03  3.20647608E-02
1.69000000E+00  5.16075645E-03  3.53779696E-02
1.72000000E+00  3.08239514E-03  3.88915548E-02
1.75000000E+00  9.26387935E-03  4.28304827E-02
1.78000000E+00  8.56258588E-03  4.95223393E-02
1.81000000E+00  8.80285900E-03  5.56615803E-02
1.84000000E+00  1.28548084E-03  5.90209264E-02
1.87000000E+00  2.28057149E-03  6.06691774E-02
1.90000000E+00  2.97474601E-03  6.30953696E-02
1.93000000E+00  3.04076099E-03  6.52343640E-02
1.96000000E+00  2.64760955E-03  6.70988462E-02
1.99000000E+00  -4.03929507E-03  9.40505434E-02
2.02000000E+00  1.00708245E-03  7.04222102E-02
2.05000000E+00  4.40042660E-03  7.01284620E-02
2.08000000E+00  -2.48635804E-03  6.82658236E-02
2.11000000E+00  -6.78852977E-03  6.53601160E-02
2.14000000E+00  -3.03701422E-03  6.25209016E-02
2.17000000E+00  -8.81405058E-03  5.86454000E-02
2.20000000E+00  -8.91168489E-03  5.51188508E-02
2.23000000E+00  -2.54476192E-03  5.23364699E-02
2.26000000E+00  -4.39236703E-03  5.02190081E-02
2.29000000E+00  -8.48991705E-03  4.80111744E-02
2.32000000E+00  -4.58390341E-03  4.60234747E-02
2.35000000E+00  -6.74934000E-03  4.43228261E-02
2.38000000E+00  -1.67600042E-03  4.45917586E-02
2.41000000E+00  -4.93495218E-03  4.51407018E-02
2.44000000E+00  -2.44289884E-03  4.27770146E-02
2.47000000E+00  -9.96907898E-03  4.21229609E-02
2.50000000E+00  -1.34883029E-02  4.10533387E-02
2.53000000E+00  -1.01688794E-02  4.08166130E-02
2.56000000E+00  -7.67587904E-03  4.08643469E-02
2.59000000E+00  -9.95070995E-03  4.10682069E-02
2.62000000E+00  -7.00406694E-03  4.12970361E-02
2.65000000E+00  -2.93334333E-03  4.18091232E-02
2.68000000E+00  -4.05293199E-03  4.33878585E-02
2.71000000E+00  -7.60595600E-03  4.45038014E-02
2.74000000E+00  -8.90166561E-03  4.52787701E-02
2.77000000E+00  -7.84214718E-03  4.56986486E-02
2.80000000E+00  -8.73713243E-03  4.57316415E-02
2.83000000E+00  -7.80057444E-03  4.56438342E-02
2.86000000E+00  -1.56548070E-03  4.53053289E-02
2.89000000E+00  -9.95767004E-03  4.47730160E-02
2.92000000E+00  -1.25784852E-03  4.41353263E-02
2.95000000E+00  -9.24515262E-03  4.33797896E-02
2.98000000E+00  -1.73535121E-03  4.29492916E-02
3.01000000E+00  -2.30313973E-03  4.16204640E-02
3.04000000E+00  1.40724747E-03  4.08383137E-02
3.07000000E+00  2.39949933E-03  3.89489921E-02
3.10000000E+00  -5.51266309E-03  3.86821719E-02
3.13000000E+00  1.07514282E-03  4.10832392E-02
3.16000000E+00  6.14315910E-04  3.99506860E-02
3.19000000E+00  -1.89294495E-03  4.07973589E-02


### HEADER:
#
#{
#    "analysis": {},
#    "filename": "./dat_files/WT_092025/profile_178.dat",
#    "history": {
#        "subtraction": {
#            "initial_file": [
#                "S_WT_sample_0179"
#            ],
#            "subtracted_file": [
#                "A_S_WT_sample_0221",
#                {
#                    "averaged_files": [
#                        [
#                            "S_WT_sample_0221"
#                        ],
#                        [
#                            "S_WT_sample_0222"
#                        ],
#                        [
#                            "S_WT_sample_0223"
#                        ],
#                        [
#                            "S_WT_sample_0224"
#                        ],
#                        [
#                            "S_WT_sample_0225"
#                        ],
#                        [
#                            "S_WT_sample_0226"
#                        ],
#                        [
#                            "S_WT_sample_0227"
#                        ],
#                        [
#                            "S_WT_sample_0228"
#                        ],
#                        [
#                            "S_WT_sample_0229"
#                        ],
#                        [
#                            "S_WT_sample_0230"
#                        ],
#                        [
#                            "S_WT_sample_0231"
#                        ],
#                        [
#                            "S_WT_sample_0232"
#                        ],
#                        [
#                            "S_WT_sample_0233"
#                        ],
#                        [
#                            "S_WT_sample_0234"
#                        ],
#                        [
#                            "S_WT_sample_0235"
#                        ],
#                        [
#                            "S_WT_sample_0236"
#                        ],
#                        [
#                            "S_WT_sample_0237"
#                        ]
#                    ]
#                }
#            ]
#        }
#    },
#    "unit": ""
#}

