# q_A^-1 I sigma_shared_background
6.000000000000000125e-03 2.993737056456334145e+00 6.878578609713883463e-01
7.000000000000000146e-03 2.108418765045196874e+00 3.125314857266111024e-01
8.000000000000000167e-03 1.476967821078703169e+00 1.930075451918898954e-01
9.000000000000001055e-03 1.000246926956857685e+00 1.236336691178320651e-01
1.000000000000000021e-02 1.040940078720973938e+00 9.213734425939010264e-02
1.099999999999999936e-02 9.181074352523976856e-01 7.428659523554952127e-02
1.200000000000000025e-02 8.157212087435464776e-01 6.518698648947081342e-02
1.300000000000000114e-02 8.627483991887030523e-01 5.565585872504574816e-02
1.400000000000000203e-02 8.807341425779510180e-01 5.072424415500653011e-02
1.499999999999999944e-02 8.373153449564463280e-01 4.592821273160663936e-02
1.600000000000000033e-02 6.752120543937660813e-01 4.171756565498926234e-02
1.700000000000000122e-02 7.209711574404961132e-01 3.810054085238937654e-02
1.800000000000000211e-02 7.517541661440432232e-01 3.520234277251613891e-02
1.899999999999999953e-02 7.068455619833037273e-01 3.344033690696494865e-02
2.000000000000000042e-02 6.727780822008121442e-01 3.151974339929058955e-02
2.100000000000000130e-02 7.174390336388485334e-01 3.020952598350995152e-02
2.200000000000000219e-02 6.931419892736198074e-01 2.890548584731612164e-02
2.300000000000000308e-02 6.417736686052841755e-01 2.764322050304393250e-02
2.400000000000000050e-02 6.394304052391279747e-01 2.653835481378903280e-02
2.500000000000000139e-02 6.298232716743340509e-01 2.565997949875598733e-02
2.600000000000000228e-02 6.312602370895941117e-01 2.522555614204689475e-02
2.699999999999999969e-02 6.204811324400595351e-01 2.450461573678927238e-02
2.800000000000000058e-02 6.038313498163513371e-01 2.358598134591095852e-02
2.900000000000000147e-02 6.369155842752201035e-01 2.333372380573731433e-02
3.000000000000000236e-02 6.310391625923953418e-01 2.281815708480475907e-02
3.100000000000000325e-02 5.992424812964348702e-01 2.226328141093224938e-02
3.200000000000000067e-02 5.749035992843604115e-01 2.165371912530153140e-02
3.300000000000000155e-02 6.048761091538263912e-01 2.115578356878468694e-02
3.400000000000000244e-02 5.591130435504939600e-01 2.081100459128795710e-02
3.499999999999999639e-02 5.631094453147396095e-01 2.035861386141360127e-02
3.599999999999999728e-02 5.396052041336052429e-01 2.022649844006735309e-02
3.699999999999999817e-02 5.314340533240777820e-01 1.984312975680901925e-02
3.799999999999999906e-02 5.607454729096504886e-01 1.946334111402110364e-02
3.899999999999999994e-02 5.163338907830385960e-01 1.891937585896202867e-02
4.000000000000000083e-02 5.095606511193453425e-01 1.879645543053580503e-02
4.100000000000000172e-02 4.922743509976839626e-01 1.862894941995165213e-02
4.199999999999999567e-02 4.892450762189254343e-01 1.821915058104993032e-02
4.299999999999999656e-02 4.676757125121055458e-01 1.811358708815615989e-02
4.399999999999999745e-02 4.684387266413505002e-01 1.774840295978716634e-02
4.499999999999999833e-02 4.373379117333680011e-01 1.751396505463832451e-02
4.599999999999999922e-02 4.555067901347288895e-01 1.727046300982562968e-02
4.700000000000000011e-02 4.288347316797058717e-01 1.704126466780173099e-02
4.800000000000000100e-02 4.475883577112673151e-01 1.661649110989933675e-02
4.899999999999999495e-02 4.056159077261409229e-01 1.656277147407351005e-02
5.000000000000000278e-02 4.038918104067469872e-01 1.635826884117657504e-02
5.200000000000000455e-02 3.919643684981910514e-01 1.132195092152852439e-02
5.400000000000000633e-02 3.757757273225771355e-01 1.098482753374943090e-02
5.600000000000000810e-02 3.646158417771453442e-01 1.106589744565895754e-02
5.800000000000000988e-02 3.388307716139328241e-01 1.119758565417903161e-02
6.000000000000001166e-02 3.155261499756603083e-01 1.115724978904629634e-02
6.200000000000001343e-02 3.047507220805227846e-01 1.074202528318757288e-02
6.400000000000001521e-02 2.950521149855483416e-01 1.035819164983747126e-02
6.600000000000001699e-02 2.836323953267181897e-01 1.017397159880700265e-02
6.800000000000001876e-02 2.668724962689456026e-01 9.866118644780147787e-03
7.000000000000002054e-02 2.526288289809106580e-01 9.724604165515206983e-03
7.200000000000002232e-02 2.554546996880798782e-01 9.547453756396965044e-03
7.400000000000002409e-02 2.476002398877519828e-01 9.624959430078286124e-03
7.600000000000002587e-02 2.233985694521868071e-01 9.487615798578619489e-03
7.800000000000002764e-02 2.156010702805113699e-01 9.255092847277223561e-03
8.000000000000002942e-02 2.097858632885558350e-01 9.357284046547682810e-03
8.200000000000003120e-02 1.966181731668024124e-01 9.370791380120474870e-03
8.400000000000003297e-02 1.982227848016135385e-01 9.365943455099680001e-03
8.600000000000003475e-02 1.817627384313462435e-01 9.019589635694977292e-03
8.800000000000003653e-02 1.742148353117787263e-01 8.952838059706874282e-03
9.000000000000003830e-02 1.536025260609045484e-01 9.055926526445014918e-03
9.200000000000004008e-02 1.529377287989849843e-01 8.975380488147515282e-03
9.400000000000004186e-02 1.448077682418274226e-01 8.879838721461523476e-03
9.600000000000004363e-02 1.565976730396768102e-01 8.847180567761141548e-03
9.800000000000004541e-02 1.339838751521977289e-01 8.882805280132763034e-03
1.000000000000000056e-01 1.403671392137437191e-01 8.836674933744790780e-03
1.050000000000000100e-01 1.301141165865846439e-01 5.494125930156049283e-03
1.100000000000000144e-01 9.881101725852314832e-02 5.372197021020513018e-03
1.150000000000000189e-01 9.972965646823707397e-02 5.274708079209209852e-03
1.200000000000000233e-01 9.408183418971269307e-02 5.171580048805341986e-03
1.250000000000000278e-01 8.454942608588078556e-02 5.152925783479994463e-03
1.300000000000000322e-01 8.020870709976188340e-02 5.301284751398373934e-03
1.350000000000000366e-01 6.899942802485356519e-02 5.124249323025719012e-03
1.400000000000000411e-01 6.788026354519959005e-02 5.009315550485660823e-03
1.450000000000000455e-01 5.979210694791736030e-02 4.945016449203086181e-03
1.500000000000000500e-01 5.437838330420284583e-02 4.969964206039673496e-03
1.550000000000000544e-01 5.501791371422621452e-02 5.125417782974770256e-03
1.600000000000000588e-01 4.133662825093190052e-02 5.169992066552744209e-03
1.650000000000000633e-01 4.848593016094673164e-02 5.177592597693552595e-03
1.700000000000000677e-01 4.749386322764188179e-02 5.234039886467841199e-03
1.750000000000000722e-01 3.521582867981756099e-02 5.227987225878915310e-03
1.800000000000000766e-01 3.907536188205899125e-02 5.203694748709766088e-03
1.850000000000000810e-01 2.738233938708294415e-02 5.173056628154946122e-03
1.900000000000000855e-01 3.544316370282862144e-02 5.139809818450174345e-03
1.950000000000000899e-01 3.000769758423904934e-02 5.179301051826777982e-03
2.000000000000000944e-01 2.587643942671853658e-02 4.747267377840248131e-03
2.050000000000000988e-01 2.200057722439780275e-02 4.849395889887721071e-03
2.100000000000001033e-01 2.467673186455042814e-02 4.899720544934725586e-03
2.150000000000001077e-01 2.192816381239131099e-02 4.837122015287576883e-03
2.200000000000001121e-01 2.585821023252414530e-02 4.771464938226036359e-03
2.250000000000001166e-01 2.182867237558901857e-02 4.757696870034647252e-03
2.300000000000001210e-01 2.420229333856092208e-02 4.701713456409771681e-03
2.350000000000001255e-01 1.358010253859884969e-02 4.594656415372270347e-03
2.400000000000001299e-01 1.914287785767947517e-02 4.827061773088670883e-03
2.450000000000001343e-01 9.736933713961575323e-03 4.977300534212135072e-03
2.500000000000001110e-01 1.715321038970423623e-02 4.697710328246634641e-03
2.550000000000001155e-01 1.843007903963941874e-02 5.097377773595423121e-03
2.600000000000001199e-01 1.891286265509798184e-02 4.954640405596440721e-03
2.650000000000001243e-01 1.721944696477157449e-02 5.241737715872563270e-03
2.700000000000001288e-01 1.665833871947542885e-02 5.138490702433770770e-03
2.750000000000001332e-01 8.129743682757468656e-03 5.030997045007525210e-03
2.800000000000001377e-01 1.389673850240863429e-02 5.506612627128499443e-03
2.850000000000001421e-01 1.875769354130351133e-02 5.255410527920443761e-03
2.900000000000001465e-01 5.491414005792740437e-03 5.470898007858704219e-03
2.950000000000001510e-01 1.207647435128665278e-02 5.258165936964510727e-03
3.000000000000001554e-01 1.104485734470682552e-02 5.417749123141060198e-03
3.050000000000001599e-01 1.236960894445466967e-02 5.186830735476189412e-03
3.100000000000001643e-01 1.160504383220705392e-02 5.251635471557213573e-03
3.150000000000001688e-01 9.657362872878725094e-03 5.076799004686719657e-03
3.200000000000001732e-01 1.800812031987412618e-02 4.887310356643313584e-03
3.250000000000001776e-01 1.627892934630586000e-02 4.890233954898128357e-03
3.300000000000001821e-01 1.146727252853561516e-02 5.058548282089238637e-03
3.350000000000001865e-01 1.245172048712876386e-02 4.780857078532744879e-03
3.400000000000001910e-01 9.195021840030665958e-03 4.760765649879942531e-03
3.450000000000001954e-01 1.227909385573805467e-02 5.019344048642498252e-03
3.500000000000001998e-01 1.131361908910719777e-02 4.569325082235519558e-03
3.550000000000002043e-01 7.952887833066068016e-03 4.649966941860462187e-03
3.600000000000002087e-01 1.200147956491271622e-02 4.688367261677747755e-03
3.650000000000002132e-01 1.359274639128329673e-02 4.758080414505740097e-03
3.700000000000002176e-01 5.783795528009649453e-03 4.468250591756059951e-03
3.750000000000002220e-01 1.145201711399937948e-02 4.499039485802333940e-03
3.800000000000002265e-01 5.384332523294884341e-03 4.481082380426670148e-03
3.850000000000002309e-01 6.901369552387913268e-03 4.491054631367680759e-03
3.900000000000002354e-01 7.413206274752961143e-03 4.241648495834739359e-03
3.950000000000002398e-01 1.603732650478052052e-02 4.389668680011324375e-03
4.000000000000002442e-01 6.820004280770486024e-03 4.191962272859272969e-03
4.050000000000002487e-01 1.009851107522466949e-02 4.757390831882428624e-03
4.100000000000002531e-01 9.465646373414684026e-03 4.605444815949189495e-03
4.150000000000002576e-01 8.808706272046726640e-03 4.785852182470592617e-03
4.200000000000002620e-01 8.638071084917710654e-03 4.158949851070611013e-03
4.250000000000002665e-01 6.715611234580107745e-03 4.101523316397151682e-03
4.300000000000002709e-01 7.511075802055795780e-03 4.101315004671601989e-03
4.350000000000002753e-01 8.924922109300383044e-03 4.115866402704899951e-03
4.400000000000002798e-01 1.100034205446477967e-02 4.049880148820832020e-03
4.450000000000002842e-01 9.041993501956098120e-03 3.957620854129177343e-03
4.500000000000002887e-01 9.308267038767773990e-03 4.097558891593338498e-03
4.550000000000002931e-01 5.376286652106215466e-03 3.975297618181280503e-03
4.600000000000002975e-01 7.165161083038761383e-03 3.948066810163367892e-03
4.650000000000003020e-01 7.212546537073892539e-03 3.928342850447916548e-03
4.700000000000003064e-01 1.512994294690512068e-02 3.973338883580077030e-03
4.750000000000003109e-01 1.466632708604387499e-02 3.729853378105606708e-03
4.800000000000003153e-01 9.474632994197521377e-03 4.039325618213880122e-03
4.850000000000003197e-01 4.980465977140356368e-03 3.849745993688492504e-03
4.900000000000003242e-01 5.459596652262903131e-03 3.848102113024077457e-03
4.950000000000003286e-01 7.149472920437173126e-03 3.660064277433985706e-03
5.000000000000000000e-01 3.097659736761610924e-03 4.304969234450901905e-03
5.100000000000000089e-01 8.893373341428848292e-03 2.749933651127453582e-03
5.200000000000000178e-01 7.722149482424748787e-03 2.540923609569205061e-03
5.300000000000000266e-01 6.011333680584820052e-03 2.549979463677573728e-03
5.400000000000000355e-01 6.580058235884964947e-03 2.533394441413015091e-03
5.500000000000000444e-01 6.272553387307332196e-03 2.450409256116772936e-03
5.600000000000000533e-01 5.761136669777201617e-03 2.405201276247019657e-03
5.700000000000000622e-01 6.356304811866234084e-03 2.355364346550928561e-03
5.800000000000000711e-01 9.749805696916647932e-03 2.395250672230697132e-03
5.900000000000000799e-01 6.380001401849403307e-03 2.367337601225738206e-03
6.000000000000000888e-01 7.334559491439031007e-03 2.415946122657160015e-03
6.100000000000000977e-01 7.596511185956928043e-03 2.384771803449381184e-03
6.200000000000001066e-01 5.224676832648088645e-03 2.332405019796405469e-03
6.300000000000001155e-01 5.095225156051100095e-03 2.330300689962447411e-03
6.400000000000001243e-01 5.905472049911982685e-03 2.273082002382669636e-03
6.500000000000001332e-01 6.503975421019101907e-03 2.258269549116446138e-03
6.600000000000001421e-01 7.001426903612282052e-03 2.244833603749879850e-03
6.700000000000001510e-01 2.301879118883801839e-03 2.295454869955239081e-03
6.800000000000001599e-01 3.125028352176657375e-03 2.250748582745249523e-03
6.900000000000001688e-01 7.609033558585028348e-03 2.244767579246109354e-03
7.000000000000001776e-01 3.574155014410181248e-03 2.257015319955384038e-03
7.100000000000001865e-01 1.975292707422245803e-03 2.229469868409773761e-03
7.200000000000001954e-01 4.824353132696272348e-03 2.272148216952034772e-03
7.300000000000002043e-01 6.943579579732679467e-03 2.241832766205009621e-03
7.400000000000002132e-01 6.546999906053447074e-03 2.257880445569041602e-03
7.500000000000002220e-01 3.093072909917524670e-03 2.246788429187146757e-03
7.600000000000002309e-01 5.456810382865993556e-03 2.259718420607825448e-03
7.700000000000002398e-01 8.421836697146016515e-03 2.275727317848720826e-03
7.800000000000002487e-01 3.946557341946945428e-03 2.326524964999790966e-03
7.900000000000002576e-01 5.876244810691500127e-03 2.346749542252224863e-03
8.000000000000002665e-01 1.567732051317660474e-03 2.290110344360707633e-03
8.100000000000002753e-01 2.725430171589330024e-03 2.283846427207132049e-03
8.200000000000002842e-01 4.645015191343749607e-03 2.320086531227401761e-03
8.300000000000002931e-01 3.204331603541856182e-03 2.368769858270763223e-03
8.400000000000003020e-01 3.748107364321080770e-03 2.383878707414346584e-03
8.500000000000003109e-01 3.570592811095055306e-03 2.374901252863497944e-03
8.600000000000003197e-01 4.261557739274995406e-03 2.400710859218477961e-03
8.700000000000003286e-01 4.858066309430378316e-03 2.397337022128868001e-03
8.800000000000003375e-01 3.866621346469823091e-03 2.307676336564271503e-03
8.900000000000003464e-01 4.688628908809781143e-03 2.243744770078888884e-03
9.000000000000003553e-01 3.968968913564345502e-03 2.243280193309655883e-03
9.100000000000003642e-01 3.290733677052851396e-03 2.272062230618075458e-03
9.200000000000003730e-01 2.679346228152120445e-03 2.225676650193681230e-03
9.300000000000003819e-01 5.226067371786795833e-03 2.257458460707418776e-03
9.400000000000003908e-01 4.992950373453946926e-03 2.251300200340345791e-03
9.500000000000003997e-01 3.946468875072123988e-03 2.312570988674953008e-03
9.600000000000004086e-01 2.934187750400397195e-03 2.287592223600253515e-03
9.700000000000004174e-01 3.523420235797168013e-03 2.312996683904522312e-03
9.800000000000004263e-01 3.520063605538908003e-03 2.380544314854599920e-03
9.900000000000004352e-01 3.583670545250349383e-03 2.421667515316716125e-03
1.000000000000000000e+00 3.622523007273895351e-03 2.413928075457800679e-03
1.030000000000000027e+00 4.028940192539476502e-03 1.504150477929260292e-03
1.060000000000000053e+00 3.607371803964256121e-03 1.595022583079238080e-03
1.090000000000000080e+00 4.213534179563920706e-03 1.685263028996849622e-03
1.120000000000000107e+00 3.369511282433276366e-03 1.675517697470674597e-03
1.150000000000000133e+00 4.344021396677639514e-03 1.690087729950898177e-03
1.180000000000000160e+00 4.502766981276237410e-03 1.941618293251532856e-03
1.210000000000000187e+00 4.490694844335396674e-03 2.168402208341992793e-03
1.240000000000000213e+00 3.705449125215053586e-03 2.340469740343810532e-03
1.270000000000000240e+00 4.267402915908770702e-03 2.547575815429413502e-03
1.300000000000000266e+00 3.848846834390865380e-03 2.784183440882077344e-03
1.330000000000000293e+00 4.564596507430463725e-03 3.135381719124164749e-03
1.360000000000000320e+00 4.566341884291681349e-03 3.524496794556292081e-03
1.390000000000000346e+00 4.225283647277473624e-03 4.542620447008116971e-03
1.420000000000000373e+00 5.400709533432978410e-03 4.801130317223590085e-03
1.450000000000000400e+00 4.318449994435776158e-03 4.935743648446577932e-03
1.480000000000000426e+00 4.070375802328588324e-03 5.422214850293626161e-03
1.510000000000000453e+00 4.904639916428287123e-03 6.042420466930720387e-03
1.540000000000000480e+00 6.993810299651057050e-03 6.789816126773651206e-03
1.570000000000000506e+00 4.185914683426227717e-03 7.628369374171515248e-03
1.600000000000000533e+00 3.306757054876828788e-03 8.533760084714979433e-03
1.630000000000000560e+00 4.931561716812652742e-03 9.562910524535190443e-03
1.660000000000000586e+00 5.030164401991577341e-03 1.068459364363659632e-02
1.690000000000000613e+00 4.622159813384597339e-03 1.179656967685659662e-02
1.720000000000000639e+00 4.486124717138040112e-03 1.295467517397172995e-02
1.750000000000000666e+00 3.412505997543967273e-03 1.428050450283586091e-02
1.780000000000000693e+00 2.361153307739516545e-03 1.650053080756851490e-02
1.810000000000000719e+00 9.795251427670694042e-04 1.854530132367405298e-02
1.840000000000000746e+00 2.715507221748441908e-03 1.968159506813581261e-02
1.870000000000000773e+00 2.294169319441504047e-04 2.021636445091043802e-02
1.900000000000000799e+00 -9.374334133535813926e-04 2.102448420341329616e-02
1.930000000000000826e+00 -4.082785328473151907e-04 2.173616501335207812e-02
1.960000000000000853e+00 2.779808000676376747e-04 2.234752294936295444e-02
1.990000000000000879e+00 -2.216438895170286033e-04 3.143679751673707223e-02
2.020000000000000906e+00 1.426083601653999056e-04 2.345079917746747955e-02
2.050000000000000711e+00 2.506643869256758501e-04 2.334511285199373370e-02
2.080000000000000959e+00 -1.002194762448874524e-03 2.274163750666509040e-02
2.110000000000001208e+00 3.784542770638057822e-03 2.176537021553617487e-02
2.140000000000001013e+00 -2.115662651582271570e-03 2.082471293604936866e-02
2.170000000000000817e+00 -2.293828346376911454e-03 1.953878215873171287e-02
2.200000000000001066e+00 -9.902307414162691017e-05 1.834501022983436522e-02
2.230000000000001315e+00 -1.129002075399835724e-03 1.742171818773995129e-02
2.260000000000001119e+00 3.500768302247045231e-04 1.670940005911979859e-02
2.290000000000000924e+00 1.360373839691986740e-03 1.596233798712767826e-02
2.320000000000001172e+00 -1.112732914885578494e-03 1.531265889165919769e-02
2.350000000000001421e+00 -1.364574699224184321e-03 1.474664696516886711e-02
2.380000000000001226e+00 1.656366130653598228e-03 1.483485974585934015e-02
2.410000000000001030e+00 -1.580663885956896551e-03 1.502913755477380472e-02
2.440000000000001279e+00 7.219875691478547654e-05 1.423269965527788894e-02
2.470000000000001528e+00 1.052192921766410567e-03 1.402171142631033519e-02
2.500000000000001332e+00 -1.253511352661081666e-03 1.366095086692570119e-02
2.530000000000001137e+00 4.988094082561454843e-04 1.356214509791530375e-02
2.560000000000001386e+00 9.117360628921386404e-05 1.358892113176931281e-02
2.590000000000001634e+00 -5.116104299142643606e-04 1.364504698764226580e-02
2.620000000000001439e+00 -3.074496659491393700e-04 1.371551484802220784e-02
2.650000000000001243e+00 1.794444370688647603e-03 1.389786499566823472e-02
2.680000000000001492e+00 1.355572334317966523e-03 1.442107302103149552e-02
2.710000000000001741e+00 -5.293135007362202889e-04 1.480869343802016999e-02
2.740000000000001545e+00 1.743213206914836361e-03 1.505157180406875572e-02
2.770000000000001350e+00 3.195364028740079018e-04 1.517982593087769880e-02
2.800000000000001599e+00 1.596613350830303809e-03 1.521655992881993345e-02
2.830000000000001847e+00 1.505478694935844094e-03 1.518095218528196788e-02
2.860000000000001652e+00 -3.149317406810036289e-04 1.506855460271763585e-02
2.890000000000001457e+00 1.925784504750440492e-03 1.491308689511526044e-02
2.920000000000001705e+00 9.624669224296534230e-04 1.466662157866744851e-02
2.950000000000001954e+00 2.241271469143859586e-03 1.443447271336693871e-02
2.980000000000001759e+00 2.146351175410906188e-03 1.429119793433447638e-02
3.010000000000001563e+00 -4.809516928467925489e-04 1.384844035754028389e-02
3.040000000000001812e+00 -1.014161012115403918e-03 1.358887007604406630e-02
3.070000000000002061e+00 3.911838882838731862e-04 1.296061938408853316e-02
3.100000000000001865e+00 -2.373773114676382351e-04 1.289095515479962185e-02
3.130000000000001670e+00 8.881308502725560267e-04 1.368309912136587286e-02
3.160000000000001918e+00 2.304025314265655509e-03 1.328775616329619727e-02
3.190000000000002167e+00 4.564429954889988967e-04 1.358228737248864254e-02
