# q_A^-1 I sigma_shared_background
6.000000000000000125e-03 2.948719318721016780e+00 7.382204120357253041e-01
7.000000000000000146e-03 2.388941476265438180e+00 3.443372938017247309e-01
8.000000000000000167e-03 2.180746375122054825e+00 2.101749907810575579e-01
9.000000000000001055e-03 1.964447274493005491e+00 1.373620674054604196e-01
1.000000000000000021e-02 1.804045956867545986e+00 1.021861811117498603e-01
1.099999999999999936e-02 1.613845573480814810e+00 8.332358634519211604e-02
1.200000000000000025e-02 1.740027905834302224e+00 7.174833450982398553e-02
1.300000000000000114e-02 1.759267096546468290e+00 6.305306433676795275e-02
1.400000000000000203e-02 1.785482072320503599e+00 5.708365299383050262e-02
1.499999999999999944e-02 1.780376905865414416e+00 5.219901666425635911e-02
1.600000000000000033e-02 1.721339630915945218e+00 4.746299394508142477e-02
1.700000000000000122e-02 1.728947175206608122e+00 4.321231206832520932e-02
1.800000000000000211e-02 1.688704427838701783e+00 4.012784971112064863e-02
1.899999999999999953e-02 1.672091884571141440e+00 3.834761238171955494e-02
2.000000000000000042e-02 1.703255376927615528e+00 3.637440918763566039e-02
2.100000000000000130e-02 1.676560991205747531e+00 3.441905152059855644e-02
2.200000000000000219e-02 1.626030259354023899e+00 3.304411860173495780e-02
2.300000000000000308e-02 1.597002801496924640e+00 3.160538892006068551e-02
2.400000000000000050e-02 1.559719191106176961e+00 3.053767031606990576e-02
2.500000000000000139e-02 1.572208840098513249e+00 2.944418833982987219e-02
2.600000000000000228e-02 1.560761016446159166e+00 2.894368729640403592e-02
2.699999999999999969e-02 1.549262394533114762e+00 2.800316722436792596e-02
2.800000000000000058e-02 1.537300380544938339e+00 2.697494852059048251e-02
2.900000000000000147e-02 1.504299994093192927e+00 2.655943211106280566e-02
3.000000000000000236e-02 1.492087039029844409e+00 2.608580276256272298e-02
3.100000000000000325e-02 1.487017202683418526e+00 2.541124230159258132e-02
3.200000000000000067e-02 1.447560092131378484e+00 2.480544404973370268e-02
3.300000000000000155e-02 1.438372929074692497e+00 2.425628005643943111e-02
3.400000000000000244e-02 1.366449091168040919e+00 2.367942316525975185e-02
3.499999999999999639e-02 1.419811347830909121e+00 2.344688900794640249e-02
3.599999999999999728e-02 1.362384628956554211e+00 2.294313258362699545e-02
3.699999999999999817e-02 1.361069883634385524e+00 2.267416114290782617e-02
3.799999999999999906e-02 1.312764759265326431e+00 2.230111847837519881e-02
3.899999999999999994e-02 1.305575691587115728e+00 2.180496488950917078e-02
4.000000000000000083e-02 1.289561146752827181e+00 2.160389639128950517e-02
4.100000000000000172e-02 1.225309367358653034e+00 2.125438699863624673e-02
4.199999999999999567e-02 1.272871232699591681e+00 2.100376737250857564e-02
4.299999999999999656e-02 1.219233276176632463e+00 2.042012056852746463e-02
4.399999999999999745e-02 1.154664899961558078e+00 2.017511899751555163e-02
4.499999999999999833e-02 1.160992043227850878e+00 2.012243446223258361e-02
4.599999999999999922e-02 1.162515489150875769e+00 1.965522470748281084e-02
4.700000000000000011e-02 1.157948528231904195e+00 1.918823057736508339e-02
4.800000000000000100e-02 1.125595298615736706e+00 1.891573503714309712e-02
4.899999999999999495e-02 1.065608381795284387e+00 1.877081615864750752e-02
5.000000000000000278e-02 1.049376181937948349e+00 1.848022365212882712e-02
5.200000000000000455e-02 1.024954450129185179e+00 1.285585970974096291e-02
5.400000000000000633e-02 9.749256074255122639e-01 1.250772529951577582e-02
5.600000000000000810e-02 9.247084848501693211e-01 1.248997876192103375e-02
5.800000000000000988e-02 9.257735624447754885e-01 1.269869629916938435e-02
6.000000000000001166e-02 8.536225501103628099e-01 1.258974369032069343e-02
6.200000000000001343e-02 8.273735646457723858e-01 1.211808957286516011e-02
6.400000000000001521e-02 7.980317064509425684e-01 1.170958044592114618e-02
6.600000000000001699e-02 7.588353487073570269e-01 1.147467367156569835e-02
6.800000000000001876e-02 7.326481175786889732e-01 1.118605571087393120e-02
7.000000000000002054e-02 6.940415811296293258e-01 1.098251133854714900e-02
7.200000000000002232e-02 6.681835913521187997e-01 1.070105929468217684e-02
7.400000000000002409e-02 6.571571012504521248e-01 1.078461657676113052e-02
7.600000000000002587e-02 6.321050416922771031e-01 1.067181792741835229e-02
7.800000000000002764e-02 6.093724785045255832e-01 1.033409450830122429e-02
8.000000000000002942e-02 5.770344719994673355e-01 1.042251102433707811e-02
8.200000000000003120e-02 5.512118932588525588e-01 1.050550782647071205e-02
8.400000000000003297e-02 5.363423299696794544e-01 1.043974491581223241e-02
8.600000000000003475e-02 5.211224065522553905e-01 1.009927205905508836e-02
8.800000000000003653e-02 4.959239020749875437e-01 1.000025177139730187e-02
9.000000000000003830e-02 4.832954094080928464e-01 1.009448180616164502e-02
9.200000000000004008e-02 4.621849211242747835e-01 1.004078937991212915e-02
9.400000000000004186e-02 4.517163574678322857e-01 9.958644542522033377e-03
9.600000000000004363e-02 4.405936573912140330e-01 9.907611027638242585e-03
9.800000000000004541e-02 4.127504356147422837e-01 9.876031100293518675e-03
1.000000000000000056e-01 3.978353405748352167e-01 9.843225492021987974e-03
1.050000000000000100e-01 3.716174288435408202e-01 6.102428796856243336e-03
1.100000000000000144e-01 3.395370498181252139e-01 5.979922619945825940e-03
1.150000000000000189e-01 3.169358720934883911e-01 5.866261452032517539e-03
1.200000000000000233e-01 2.819742900685311415e-01 5.748722673217820413e-03
1.250000000000000278e-01 2.656087503199544009e-01 5.720371219038658875e-03
1.300000000000000322e-01 2.345977848430990109e-01 5.871330443500273957e-03
1.350000000000000366e-01 2.135819312889920829e-01 5.671365290218700894e-03
1.400000000000000411e-01 1.983832861012813364e-01 5.549019706340019981e-03
1.450000000000000455e-01 1.884021423174594978e-01 5.454996868762381629e-03
1.500000000000000500e-01 1.786349300256783457e-01 5.493040349965138715e-03
1.550000000000000544e-01 1.678356365193020838e-01 5.643415895998238861e-03
1.600000000000000588e-01 1.431790747737514413e-01 5.689146649198986196e-03
1.650000000000000633e-01 1.403403582322509113e-01 5.699477349926394820e-03
1.700000000000000677e-01 1.267042044516925869e-01 5.754546086906482151e-03
1.750000000000000722e-01 1.147663100109534845e-01 5.753165775783005732e-03
1.800000000000000766e-01 1.089910867811448580e-01 5.709601329559515874e-03
1.850000000000000810e-01 1.014140284482670934e-01 5.684576657627324336e-03
1.900000000000000855e-01 9.496232678288708817e-02 5.653448652895823497e-03
1.950000000000000899e-01 9.480410032707119183e-02 5.700550389098296526e-03
2.000000000000000944e-01 8.631755897405118949e-02 5.318856330915817596e-03
2.050000000000000988e-01 8.610446543711036682e-02 5.427977832474921958e-03
2.100000000000001033e-01 7.677853039647465627e-02 5.313851306916391251e-03
2.150000000000001077e-01 6.857175092813325157e-02 5.324757615150950418e-03
2.200000000000001121e-01 7.137932223911251650e-02 5.188756814153231041e-03
2.250000000000001166e-01 6.462060720571180528e-02 5.084229408935843526e-03
2.300000000000001210e-01 6.843858468739322243e-02 5.116428944007781789e-03
2.350000000000001255e-01 5.548597908334106099e-02 5.043219904326241322e-03
2.400000000000001299e-01 7.228180719777134444e-02 5.215196514893272184e-03
2.450000000000001343e-01 6.156328347834278542e-02 5.449801945404539154e-03
2.500000000000001110e-01 5.680514095591641249e-02 5.264271566657014768e-03
2.550000000000001155e-01 5.243531156262321719e-02 5.528655374131400714e-03
2.600000000000001199e-01 4.892158952284347134e-02 5.429525060340038671e-03
2.650000000000001243e-01 3.871108109096192684e-02 5.709532235871796722e-03
2.700000000000001288e-01 4.934527394492459196e-02 5.696634653450050913e-03
2.750000000000001332e-01 3.772654017569228996e-02 5.426543096516328601e-03
2.800000000000001377e-01 4.732676353582641188e-02 6.029415483665183199e-03
2.850000000000001421e-01 3.454887863753502986e-02 5.641777552454511555e-03
2.900000000000001465e-01 4.168250724493011844e-02 5.887452838963430461e-03
2.950000000000001510e-01 3.684974333145785846e-02 5.775402646607128744e-03
3.000000000000001554e-01 3.529513276572258246e-02 5.866513671114662390e-03
3.050000000000001599e-01 3.321222196775421714e-02 5.742210296135974446e-03
3.100000000000001643e-01 4.106653070721787840e-02 5.609399494707574541e-03
3.150000000000001688e-01 3.948632707828286792e-02 5.671623257977986832e-03
3.200000000000001732e-01 3.374041420112553619e-02 5.367899583871730239e-03
3.250000000000001776e-01 3.834664931935116011e-02 5.366475852982554272e-03
3.300000000000001821e-01 3.336697719556661057e-02 5.393839670452379477e-03
3.350000000000001865e-01 3.362408134469135890e-02 5.203223204333574242e-03
3.400000000000001910e-01 3.740619530468398957e-02 5.299261640938729596e-03
3.450000000000001954e-01 3.434179148005463839e-02 5.315703187866499882e-03
3.500000000000001998e-01 2.862053182396562256e-02 5.031213725664342509e-03
3.550000000000002043e-01 3.607487920618924343e-02 5.279542896563835241e-03
3.600000000000002087e-01 3.086424798955749588e-02 5.103122311520289466e-03
3.650000000000002132e-01 2.925226215824886997e-02 5.190947510161987750e-03
3.700000000000002176e-01 2.769721964208604267e-02 5.002602253028873985e-03
3.750000000000002220e-01 3.049838182162488420e-02 4.805775141818798869e-03
3.800000000000002265e-01 2.672655742506263241e-02 4.730576239467567529e-03
3.850000000000002309e-01 3.144241501454674015e-02 4.837318104078790031e-03
3.900000000000002354e-01 2.884209891474757287e-02 4.653377419916667618e-03
3.950000000000002398e-01 3.162875897166686490e-02 4.693941591156774659e-03
4.000000000000002442e-01 2.512139142948442705e-02 4.659161568915357737e-03
4.050000000000002487e-01 2.912234145178792602e-02 5.256501317217793928e-03
4.100000000000002531e-01 2.703321274206232569e-02 5.009528806301294900e-03
4.150000000000002576e-01 2.233865585931835498e-02 5.297267698549995227e-03
4.200000000000002620e-01 2.664291498378532769e-02 4.517782717906783201e-03
4.250000000000002665e-01 2.606665009975497188e-02 4.530879321040600163e-03
4.300000000000002709e-01 2.475522937375167210e-02 4.627673390124919031e-03
4.350000000000002753e-01 2.712121451950683104e-02 4.552653532474831843e-03
4.400000000000002798e-01 2.485444066923941930e-02 4.437284674170190700e-03
4.450000000000002842e-01 2.608002317849004298e-02 4.361417813352260787e-03
4.500000000000002887e-01 2.468731373161903511e-02 4.504655613879542456e-03
4.550000000000002931e-01 1.722846637831028024e-02 4.326851229227890623e-03
4.600000000000002975e-01 3.001646554425303412e-02 4.352087790716266044e-03
4.650000000000003020e-01 1.913613261936404977e-02 4.220652745312915635e-03
4.700000000000003064e-01 2.735496906010220775e-02 4.366461606664871417e-03
4.750000000000003109e-01 2.346631957596121906e-02 4.137581195327521937e-03
4.800000000000003153e-01 2.193464082218523833e-02 4.417638493355698082e-03
4.850000000000003197e-01 2.164488073025945536e-02 4.239045418654402257e-03
4.900000000000003242e-01 2.130864329409098631e-02 4.228533871425266613e-03
4.950000000000003286e-01 2.197010432014812747e-02 4.013826405820211489e-03
5.000000000000000000e-01 2.264833778894628780e-02 4.683837105896347837e-03
5.100000000000000089e-01 2.126221156680013769e-02 2.982968206873912436e-03
5.200000000000000178e-01 2.148011784279730760e-02 2.766594738301268470e-03
5.300000000000000266e-01 2.049658437452338278e-02 2.822680146364203464e-03
5.400000000000000355e-01 2.243661909600480273e-02 2.749675150993297762e-03
5.500000000000000444e-01 1.688048498241400200e-02 2.702581734164675141e-03
5.600000000000000533e-01 2.399640558609328692e-02 2.624838675450688868e-03
5.700000000000000622e-01 1.732173651729513805e-02 2.583286564657425594e-03
5.800000000000000711e-01 1.904040436260757280e-02 2.634206360921184480e-03
5.900000000000000799e-01 1.831688005980300696e-02 2.599808323842599331e-03
6.000000000000000888e-01 1.627127781404351034e-02 2.676574679735452961e-03
6.100000000000000977e-01 1.972240131666064961e-02 2.607991358419250918e-03
6.200000000000001066e-01 1.711388021988587138e-02 2.572100512603643467e-03
6.300000000000001155e-01 1.624551141193258247e-02 2.548472513831575789e-03
6.400000000000001243e-01 2.015421201145294050e-02 2.507509997014559667e-03
6.500000000000001332e-01 1.839271362009150396e-02 2.476126001613339171e-03
6.600000000000001421e-01 2.222198800664948112e-02 2.455593419920222998e-03
6.700000000000001510e-01 1.859779095531241197e-02 2.518811332615486075e-03
6.800000000000001599e-01 1.771946985096347835e-02 2.473638062604967443e-03
6.900000000000001688e-01 1.742298809227306108e-02 2.456812692114826013e-03
7.000000000000001776e-01 1.682546942775689156e-02 2.506932660748898648e-03
7.100000000000001865e-01 1.429861949731698820e-02 2.444998179278040206e-03
7.200000000000001954e-01 1.450812203431894182e-02 2.469851356922477155e-03
7.300000000000002043e-01 1.628093004801738769e-02 2.473484333010900291e-03
7.400000000000002132e-01 1.549152034601836148e-02 2.474096556001355914e-03
7.500000000000002220e-01 1.395618251183741894e-02 2.450262730992984386e-03
7.600000000000002309e-01 1.588960992112864110e-02 2.477932273435174641e-03
7.700000000000002398e-01 1.683061064238220925e-02 2.485324527961504069e-03
7.800000000000002487e-01 1.632400709043391185e-02 2.542493160789251541e-03
7.900000000000002576e-01 1.647507183827366314e-02 2.555896737464301641e-03
8.000000000000002665e-01 1.460305433751697170e-02 2.527504452077365855e-03
8.100000000000002753e-01 1.839208263585900838e-02 2.499515957357279720e-03
8.200000000000002842e-01 1.314249400307224841e-02 2.540176944300584234e-03
8.300000000000002931e-01 1.398608342359368255e-02 2.571572351464424672e-03
8.400000000000003020e-01 1.239859847400212427e-02 2.611926286362050483e-03
8.500000000000003109e-01 1.448878535876456375e-02 2.606846808097547982e-03
8.600000000000003197e-01 1.215050360491116282e-02 2.643756698200227379e-03
8.700000000000003286e-01 1.268614385035592498e-02 2.618171760313648278e-03
8.800000000000003375e-01 1.633352466302463377e-02 2.529082968410532525e-03
8.900000000000003464e-01 1.257667453514799312e-02 2.452365022450155637e-03
9.000000000000003553e-01 1.300112505262920881e-02 2.437269508957231982e-03
9.100000000000003642e-01 1.506756132674924066e-02 2.490050122351025307e-03
9.200000000000003730e-01 1.360077445897875902e-02 2.463626510914638298e-03
9.300000000000003819e-01 1.325959465795705991e-02 2.467423349129749255e-03
9.400000000000003908e-01 1.203988154123272758e-02 2.478491812627001047e-03
9.500000000000003997e-01 1.181740984596431170e-02 2.513546072646576438e-03
9.600000000000004086e-01 9.109920107989197963e-03 2.504737079240434029e-03
9.700000000000004174e-01 1.382828949444600726e-02 2.538522347770424958e-03
9.800000000000004263e-01 1.150295436101800121e-02 2.608713068486954306e-03
9.900000000000004352e-01 1.021417859138653780e-02 2.629679953172966121e-03
1.000000000000000000e+00 1.288772249007457890e-02 2.657912608314056801e-03
1.030000000000000027e+00 1.359255604177138192e-02 1.648435251294776398e-03
1.060000000000000053e+00 1.146339666929950540e-02 1.746494341756775785e-03
1.090000000000000080e+00 1.221158207138225635e-02 1.845138369619448620e-03
1.120000000000000107e+00 1.208189250917149869e-02 1.837737625722328863e-03
1.150000000000000133e+00 1.269162125851575756e-02 1.849760838859403804e-03
1.180000000000000160e+00 1.382554579303152918e-02 2.122296811037377960e-03
1.210000000000000187e+00 1.333883548896735646e-02 2.378615573014153210e-03
1.240000000000000213e+00 1.432334317032176764e-02 2.561270702156037780e-03
1.270000000000000240e+00 1.243358145723022154e-02 2.787579398680376137e-03
1.300000000000000266e+00 1.461220963353211492e-02 3.048549135759092560e-03
1.330000000000000293e+00 1.375625054248850315e-02 3.430117998491301248e-03
1.360000000000000320e+00 1.479847338605197113e-02 3.854713999201042282e-03
1.390000000000000346e+00 1.458776121648757730e-02 4.976096646192361070e-03
1.420000000000000373e+00 1.414830840682757343e-02 5.254927578840397871e-03
1.450000000000000400e+00 1.574162235036642710e-02 5.403167226501712737e-03
1.480000000000000426e+00 1.595644013013793744e-02 5.931370943537458279e-03
1.510000000000000453e+00 1.606814399089692355e-02 6.611120506204870399e-03
1.540000000000000480e+00 1.621414831659540381e-02 7.430831914692966056e-03
1.570000000000000506e+00 1.490457595362252100e-02 8.346991000188356061e-03
1.600000000000000533e+00 1.432746824760673665e-02 9.338964154005292839e-03
1.630000000000000560e+00 1.527742440133593622e-02 1.046410915776307612e-02
1.660000000000000586e+00 1.683901334936056121e-02 1.169256387359366225e-02
1.690000000000000613e+00 1.340520599766503555e-02 1.290809643762889751e-02
1.720000000000000639e+00 1.053329277851309045e-02 1.417061497528845221e-02
1.750000000000000666e+00 1.034973992206758737e-02 1.561568908219539663e-02
1.780000000000000693e+00 9.924517508800505955e-03 1.804873365672747532e-02
1.810000000000000719e+00 6.257907541454348424e-03 2.029089804257454971e-02
1.840000000000000746e+00 5.289659900691458423e-03 2.153289223753375101e-02
1.870000000000000773e+00 2.632924065423690799e-03 2.211587932950820345e-02
1.900000000000000799e+00 3.717184906531589492e-03 2.299303282582064456e-02
1.930000000000000826e+00 2.019907447930723368e-03 2.377503674385987240e-02
1.960000000000000853e+00 1.044603603013174618e-03 2.443998147689142864e-02
1.990000000000000879e+00 -9.141312737353449311e-04 3.437238234774377815e-02
2.020000000000000906e+00 -6.788683826313485952e-04 2.565082365037864645e-02
2.050000000000000711e+00 -1.462071465259525034e-03 2.552826309408386812e-02
2.080000000000000959e+00 -3.379265470285801841e-03 2.487316402358298595e-02
2.110000000000001208e+00 1.634818828085685865e-03 2.380983916641665407e-02
2.140000000000001013e+00 -4.615102259075667436e-03 2.277615365577573270e-02
2.170000000000000817e+00 -2.743377991230038556e-03 2.137095190759440502e-02
2.200000000000001066e+00 -2.247665501113835576e-03 2.006843978792877126e-02
2.230000000000001315e+00 -2.359892257148105046e-03 1.905816311060254051e-02
2.260000000000001119e+00 -1.909306883667405245e-04 1.827745919048107473e-02
2.290000000000000924e+00 -2.047319591031776173e-03 1.746311226587333315e-02
2.320000000000001172e+00 -3.049077499418331207e-03 1.674879678760413798e-02
2.350000000000001421e+00 -1.848818165622384199e-03 1.613198009087622731e-02
2.380000000000001226e+00 -1.070119238370563974e-03 1.621925695256925398e-02
2.410000000000001030e+00 -3.539054326036317980e-03 1.643546873590929353e-02
2.440000000000001279e+00 -2.629431962465956108e-03 1.556752472213534556e-02
2.470000000000001528e+00 -7.453940965983103231e-04 1.533599285100330396e-02
2.500000000000001332e+00 -5.942524208098022348e-04 1.494864927867314147e-02
2.530000000000001137e+00 -1.970179541614638843e-03 1.483850634289432188e-02
2.560000000000001386e+00 -6.454905535826395554e-04 1.485943733890800894e-02
2.590000000000001634e+00 -8.819899498344360537e-04 1.492819253198338948e-02
2.620000000000001439e+00 3.523859933338207374e-05 1.500786956412063916e-02
2.650000000000001243e+00 -6.886041129162705134e-04 1.520615685466883242e-02
2.680000000000001492e+00 2.695384460443190407e-04 1.577158328721357458e-02
2.710000000000001741e+00 1.415339609533280453e-03 1.620014827722338069e-02
2.740000000000001545e+00 -1.883536855892306789e-03 1.646255863776686229e-02
2.770000000000001350e+00 2.820922518025534807e-04 1.660693449470361169e-02
2.800000000000001599e+00 -6.746653321226436968e-04 1.665005689196298599e-02
2.830000000000001847e+00 3.195113803607843432e-04 1.660561993480303561e-02
2.860000000000001652e+00 1.474358500321813975e-03 1.648885324482853368e-02
2.890000000000001457e+00 4.581945916342858175e-04 1.631138759363700078e-02
2.920000000000001705e+00 8.747354611148215305e-04 1.604527306352919805e-02
2.950000000000001954e+00 1.179231064048703176e-03 1.578426116858982348e-02
2.980000000000001759e+00 -1.417487097348519480e-03 1.563658089997166725e-02
3.010000000000001563e+00 8.762368395765216585e-04 1.515079852527084076e-02
3.040000000000001812e+00 9.385071069306558360e-04 1.486954157671050575e-02
3.070000000000002061e+00 9.872620167402938653e-04 1.417845260023062673e-02
3.100000000000001865e+00 2.329368758129793165e-04 1.409941808335815963e-02
3.130000000000001670e+00 -2.307671008927097902e-04 1.494925098167138380e-02
3.160000000000001918e+00 1.301300122674430319e-03 1.453488411125825747e-02
3.190000000000002167e+00 2.771203323333253695e-03 1.483350778089330586e-02
