# q_A^-1 I sigma_shared_background
6.000000000000000125e-03 1.625326379976460567e+00 6.901214661373451520e-01
7.000000000000000146e-03 1.389702199533384031e+00 3.185571829878373618e-01
8.000000000000000167e-03 1.112142350033087368e+00 1.958858013989601410e-01
9.000000000000001055e-03 8.119701525695943722e-01 1.265132897130273326e-01
1.000000000000000021e-02 7.810596383859289560e-01 9.457441289415174923e-02
1.099999999999999936e-02 6.747764995543573674e-01 7.701793173316311136e-02
1.200000000000000025e-02 6.158352441315494419e-01 6.653496141002482323e-02
1.300000000000000114e-02 5.558469784933683933e-01 5.745619091825598240e-02
1.400000000000000203e-02 5.589049164636985534e-01 5.231312939655267252e-02
1.499999999999999944e-02 5.837745250196617608e-01 4.696776324165925082e-02
1.600000000000000033e-02 4.930486035096984243e-01 4.208516962930401728e-02
1.700000000000000122e-02 4.745704598749636571e-01 3.828325004826853284e-02
1.800000000000000211e-02 5.819814639678729806e-01 3.578714214343674954e-02
1.899999999999999953e-02 5.231702824611292879e-01 3.427963437398154345e-02
2.000000000000000042e-02 4.574477847389364915e-01 3.191298119443450321e-02
2.100000000000000130e-02 4.796422325101898365e-01 3.017202558391630582e-02
2.200000000000000219e-02 3.932072777466608660e-01 2.930835349473341622e-02
2.300000000000000308e-02 4.327696391126316100e-01 2.778950131504314899e-02
2.400000000000000050e-02 3.862859855904794970e-01 2.702132845963248209e-02
2.500000000000000139e-02 4.279906402399586418e-01 2.591678014103317162e-02
2.600000000000000228e-02 4.251631663295842856e-01 2.546949374762050300e-02
2.699999999999999969e-02 3.699389265956015693e-01 2.445703821595228422e-02
2.800000000000000058e-02 3.857757054769289096e-01 2.348888068407160856e-02
2.900000000000000147e-02 3.991934506298251972e-01 2.327261146384066587e-02
3.000000000000000236e-02 3.959986638806452519e-01 2.294960445959619635e-02
3.100000000000000325e-02 3.798785677275769990e-01 2.252740375147285409e-02
3.200000000000000067e-02 3.863509417679594216e-01 2.175570390430740450e-02
3.300000000000000155e-02 3.636469793570843434e-01 2.143759211315443558e-02
3.400000000000000244e-02 3.691174858929101021e-01 2.097478648482510588e-02
3.499999999999999639e-02 3.348961560039154239e-01 2.049667143874724443e-02
3.599999999999999728e-02 3.415879440321790694e-01 2.043149529098159389e-02
3.699999999999999817e-02 3.341853854759776477e-01 1.982443242150749158e-02
3.799999999999999906e-02 3.231362778366901334e-01 1.959321917594603404e-02
3.899999999999999994e-02 3.188118857922082050e-01 1.921107149180825355e-02
4.000000000000000083e-02 3.066625481292840072e-01 1.909541985031827996e-02
4.100000000000000172e-02 2.987825318107426575e-01 1.878273117588326671e-02
4.199999999999999567e-02 3.255805627401390789e-01 1.858609964781556337e-02
4.299999999999999656e-02 3.048213635940267840e-01 1.818524172759977686e-02
4.399999999999999745e-02 2.782852020687377470e-01 1.795265199305571061e-02
4.499999999999999833e-02 2.982767005963539719e-01 1.780854998430820429e-02
4.599999999999999922e-02 2.727249076664925997e-01 1.748375518312577856e-02
4.700000000000000011e-02 2.708214558259532945e-01 1.724860967420119295e-02
4.800000000000000100e-02 2.560467892162614501e-01 1.689857671491044877e-02
4.899999999999999495e-02 2.395065992581689174e-01 1.682239122301082759e-02
5.000000000000000278e-02 2.714473437929416644e-01 1.658433358096809626e-02
5.200000000000000455e-02 2.349285171974451747e-01 1.152307151296277747e-02
5.400000000000000633e-02 2.345593468726995534e-01 1.115875493776803326e-02
5.600000000000000810e-02 2.263716322307972040e-01 1.127860142794667384e-02
5.800000000000000988e-02 2.217176575714459308e-01 1.137085723176729096e-02
6.000000000000001166e-02 2.046949933804671495e-01 1.138354389122240781e-02
6.200000000000001343e-02 1.956376516087524331e-01 1.100150495620940902e-02
6.400000000000001521e-02 1.974690554593611092e-01 1.059248976770644883e-02
6.600000000000001699e-02 1.828501281305362214e-01 1.038273578346827000e-02
6.800000000000001876e-02 1.918467887548140627e-01 1.015386234756473702e-02
7.000000000000002054e-02 1.824379552697002194e-01 9.983272992693361172e-03
7.200000000000002232e-02 1.612036100678746475e-01 9.771515073965566026e-03
7.400000000000002409e-02 1.714973974445869465e-01 9.826999252777914376e-03
7.600000000000002587e-02 1.563179581139963747e-01 9.681922515860964112e-03
7.800000000000002764e-02 1.330105954767728249e-01 9.465882224993275862e-03
8.000000000000002942e-02 1.470040662054937775e-01 9.578421549370498903e-03
8.200000000000003120e-02 1.296084409417697092e-01 9.615032795114738726e-03
8.400000000000003297e-02 1.201677471788101942e-01 9.563273667115571725e-03
8.600000000000003475e-02 1.324693027219023544e-01 9.243061050319151956e-03
8.800000000000003653e-02 1.237370265805016328e-01 9.187674920567647993e-03
9.000000000000003830e-02 1.002535850362056558e-01 9.279827380537567644e-03
9.200000000000004008e-02 1.107206969529820756e-01 9.210459738221913120e-03
9.400000000000004186e-02 9.337186989564449924e-02 9.154122791024125322e-03
9.600000000000004363e-02 9.968633681820229797e-02 9.103772089962004418e-03
9.800000000000004541e-02 9.746914049636214161e-02 9.126155894375461222e-03
1.000000000000000056e-01 1.019954154334069829e-01 9.070488932949434535e-03
1.050000000000000100e-01 9.645793360665257110e-02 5.644124439412837209e-03
1.100000000000000144e-01 7.798849900538371016e-02 5.535742850957147375e-03
1.150000000000000189e-01 7.576069321793953149e-02 5.440318483237746236e-03
1.200000000000000233e-01 6.869209380480319205e-02 5.335284074853283327e-03
1.250000000000000278e-01 6.572247388020133196e-02 5.317872542058308359e-03
1.300000000000000322e-01 6.155744273734536920e-02 5.480244798731965551e-03
1.350000000000000366e-01 5.814022993792830607e-02 5.286925629455507293e-03
1.400000000000000411e-01 5.366375117091639474e-02 5.166387175745777889e-03
1.450000000000000455e-01 5.151647968330014260e-02 5.088045513959089071e-03
1.500000000000000500e-01 4.971159023032223345e-02 5.126777949103255953e-03
1.550000000000000544e-01 4.259067953948483115e-02 5.269220900873501472e-03
1.600000000000000588e-01 3.266720067589930221e-02 5.377392074240757575e-03
1.650000000000000633e-01 3.789952404484810133e-02 5.344499809999135424e-03
1.700000000000000677e-01 3.462250658198788578e-02 5.388042318003178482e-03
1.750000000000000722e-01 3.707302748535633991e-02 5.395320770298701017e-03
1.800000000000000766e-01 3.596857807328472656e-02 5.360617656980718772e-03
1.850000000000000810e-01 2.849864178616722671e-02 5.335602516259629717e-03
1.900000000000000855e-01 2.519053490730314634e-02 5.299473594367226301e-03
1.950000000000000899e-01 2.095569356108219899e-02 5.344437819279636813e-03
2.000000000000000944e-01 1.983943114360109741e-02 4.890197422806949815e-03
2.050000000000000988e-01 1.217981481556947888e-02 5.080359215630718579e-03
2.100000000000001033e-01 1.369186750358904886e-02 4.992078619651663801e-03
2.150000000000001077e-01 1.611722977230453310e-02 5.131942057971140489e-03
2.200000000000001121e-01 2.338108573071665669e-02 4.913760359079036993e-03
2.250000000000001166e-01 1.256055709290299256e-02 4.817105563223248767e-03
2.300000000000001210e-01 1.413346464652666390e-02 4.860291844855715859e-03
2.350000000000001255e-01 1.407573600322897800e-02 4.661505197924149108e-03
2.400000000000001299e-01 1.705739541609029367e-02 5.045427214792481442e-03
2.450000000000001343e-01 8.440127227420733680e-03 5.130387535461268349e-03
2.500000000000001110e-01 1.065473422663822979e-02 4.963829647409276694e-03
2.550000000000001155e-01 8.834633429436290070e-03 5.252371376312346338e-03
2.600000000000001199e-01 1.127357088183921115e-02 5.249855446465341580e-03
2.650000000000001243e-01 9.728556766506723727e-03 5.377270349862409843e-03
2.700000000000001288e-01 1.388252707386065064e-02 5.383359157768517755e-03
2.750000000000001332e-01 1.510597303492872134e-02 5.248013599632045563e-03
2.800000000000001377e-01 9.739964777862599246e-03 5.702212584291110192e-03
2.850000000000001421e-01 1.365852271187495241e-02 5.298727392190795936e-03
2.900000000000001465e-01 1.863440550598812959e-02 5.600589474533457235e-03
2.950000000000001510e-01 7.895490954133398825e-03 5.503789412609504973e-03
3.000000000000001554e-01 1.345488078534322514e-02 5.407205876423200504e-03
3.050000000000001599e-01 5.951463372981038134e-03 5.328445957418949906e-03
3.100000000000001643e-01 1.383932648603789471e-02 5.269619185763158020e-03
3.150000000000001688e-01 2.796772740007217825e-04 5.136882776713793709e-03
3.200000000000001732e-01 1.298647663065928375e-02 5.119554888649394640e-03
3.250000000000001776e-01 7.049569837381341672e-03 5.107097943875625774e-03
3.300000000000001821e-01 9.690441073747045955e-03 5.205780373931319198e-03
3.350000000000001865e-01 1.343969670032088212e-02 5.119666166259417839e-03
3.400000000000001910e-01 8.694389141880122518e-03 4.928009703486190864e-03
3.450000000000001954e-01 7.270667709329781299e-03 4.997556661292752549e-03
3.500000000000001998e-01 8.860147268218101016e-03 4.659271043339392390e-03
3.550000000000002043e-01 1.030095658343271880e-02 4.950281901296323117e-03
3.600000000000002087e-01 3.430222857144728157e-03 4.807515226909987380e-03
3.650000000000002132e-01 4.933673726439635407e-03 5.010621986126090333e-03
3.700000000000002176e-01 3.244429028474160159e-03 4.741449400718173932e-03
3.750000000000002220e-01 6.544234574505370695e-03 4.621114128658237660e-03
3.800000000000002265e-01 6.407083573435100668e-03 4.613441755730528747e-03
3.850000000000002309e-01 9.231866237897814326e-03 4.696027571602459996e-03
3.900000000000002354e-01 3.929891737406766318e-03 4.336432524259425242e-03
3.950000000000002398e-01 4.701481092339941659e-03 4.517166535480514507e-03
4.000000000000002442e-01 6.607035129951257038e-03 4.384956490597409669e-03
4.050000000000002487e-01 1.226544467354601098e-02 4.928054526576358327e-03
4.100000000000002531e-01 6.430666965757269975e-03 4.764741161546078019e-03
4.150000000000002576e-01 7.797071199332596472e-03 5.006633933972512961e-03
4.200000000000002620e-01 1.374988933695363638e-02 4.404546193906812117e-03
4.250000000000002665e-01 3.449046211121098784e-03 4.320800793738835584e-03
4.300000000000002709e-01 6.780886404474938643e-03 4.327238422797214518e-03
4.350000000000002753e-01 9.618550013268556409e-03 4.323476738503759589e-03
4.400000000000002798e-01 4.665282610983677476e-03 4.265105121548545472e-03
4.450000000000002842e-01 4.674720346771198826e-03 4.098346746481727233e-03
4.500000000000002887e-01 7.508351308191918948e-03 4.228671333596508743e-03
4.550000000000002931e-01 6.085162371861188406e-03 4.174634968634889295e-03
4.600000000000002975e-01 3.817576985575776849e-03 4.052524056876004831e-03
4.650000000000003020e-01 7.152861493987984140e-03 4.066140953342013177e-03
4.700000000000003064e-01 5.198908886502263439e-03 4.107240240910527487e-03
4.750000000000003109e-01 6.119843787208022537e-03 3.889137618840846165e-03
4.800000000000003153e-01 8.169424608858609146e-03 4.201455500601814982e-03
4.850000000000003197e-01 2.367243925656614071e-03 3.880863619048600163e-03
4.900000000000003242e-01 7.418128351975031114e-03 3.965608868932436228e-03
4.950000000000003286e-01 8.634330255866441706e-04 3.768225299332541006e-03
5.000000000000000000e-01 2.481388867668422524e-03 4.466330192480584549e-03
5.100000000000000089e-01 7.730339052130440723e-03 2.798869617748390905e-03
5.200000000000000178e-01 5.129636509468539322e-03 2.629147936956833815e-03
5.300000000000000266e-01 2.993186736686527863e-03 2.654093792230361772e-03
5.400000000000000355e-01 4.929099781944980274e-03 2.600437671911085512e-03
5.500000000000000444e-01 6.182486670742093869e-03 2.583911124554119556e-03
5.600000000000000533e-01 4.732080150206708670e-03 2.510549572455899464e-03
5.700000000000000622e-01 5.191302369874562471e-03 2.443335493579537956e-03
5.800000000000000711e-01 5.201827630320709703e-03 2.506279298648338844e-03
5.900000000000000799e-01 6.278814822123112392e-03 2.430609934718395808e-03
6.000000000000000888e-01 3.382620222227207367e-03 2.490002626448510961e-03
6.100000000000000977e-01 3.354488167797431419e-03 2.488293404686644800e-03
6.200000000000001066e-01 5.854629261934832414e-03 2.409394793334337925e-03
6.300000000000001155e-01 8.681803737092835425e-04 2.390865532389573663e-03
6.400000000000001243e-01 4.814252742384850410e-03 2.338308786604756905e-03
6.500000000000001332e-01 4.723182033569515471e-03 2.353116749895228961e-03
6.600000000000001421e-01 2.701764561228647051e-03 2.323909873303580363e-03
6.700000000000001510e-01 1.464740012482901180e-03 2.373487953275867177e-03
6.800000000000001599e-01 4.314985235829317360e-03 2.315696293743740603e-03
6.900000000000001688e-01 3.808462622248899414e-03 2.308838376268323913e-03
7.000000000000001776e-01 3.887036744054296437e-03 2.356212927466603407e-03
7.100000000000001865e-01 1.317673620286996137e-03 2.320235079402324912e-03
7.200000000000001954e-01 5.631006673816551199e-03 2.334878776475947208e-03
7.300000000000002043e-01 3.627098088612890937e-03 2.338571531912816970e-03
7.400000000000002132e-01 3.526691990389818100e-03 2.327465172197175271e-03
7.500000000000002220e-01 3.503547450363941104e-03 2.316653461109504427e-03
7.600000000000002309e-01 1.894996899828515439e-03 2.349781556218602865e-03
7.700000000000002398e-01 3.931575350115235935e-03 2.349727206366233369e-03
7.800000000000002487e-01 4.289955182939609452e-03 2.387996355876344321e-03
7.900000000000002576e-01 4.073702878528995437e-03 2.401460198088975571e-03
8.000000000000002665e-01 2.578195071994527666e-03 2.370790628771185082e-03
8.100000000000002753e-01 2.974158015550887584e-03 2.365085726280078456e-03
8.200000000000002842e-01 4.462442123506539689e-03 2.397561459684094919e-03
8.300000000000002931e-01 3.820585040171587017e-03 2.445800823940229990e-03
8.400000000000003020e-01 2.067212221181656453e-03 2.459126494674378997e-03
8.500000000000003109e-01 3.783722132763356512e-03 2.442448839677513125e-03
8.600000000000003197e-01 1.568914513262986395e-03 2.449716233416310805e-03
8.700000000000003286e-01 5.398028541993470965e-03 2.457955640065544786e-03
8.800000000000003375e-01 4.366824995733931992e-03 2.380624978112104786e-03
8.900000000000003464e-01 1.689752984348147141e-03 2.308319726747011177e-03
9.000000000000003553e-01 4.585427248469942096e-03 2.310114329223740982e-03
9.100000000000003642e-01 6.145469492894384787e-03 2.348796748245013475e-03
9.200000000000003730e-01 2.083125658945062051e-03 2.324987389808135137e-03
9.300000000000003819e-01 1.075024082304599712e-03 2.330187792486074650e-03
9.400000000000003908e-01 3.227251701718404728e-03 2.329089802727257828e-03
9.500000000000003997e-01 1.910014821066784683e-03 2.364800267538222280e-03
9.600000000000004086e-01 5.771971613156521956e-03 2.373428965773951172e-03
9.700000000000004174e-01 2.745049012226608021e-03 2.406329565888352257e-03
9.800000000000004263e-01 4.129265426933725371e-03 2.464254730082676963e-03
9.900000000000004352e-01 2.595341300154975668e-03 2.482340743340155469e-03
1.000000000000000000e+00 3.264105956517138717e-03 2.497436598660860048e-03
1.030000000000000027e+00 2.684923345114454026e-03 1.548398746586136972e-03
1.060000000000000053e+00 3.059695117850002189e-03 1.644041509200334841e-03
1.090000000000000080e+00 3.613422645893572815e-03 1.737414673869094916e-03
1.120000000000000107e+00 2.498758014204383125e-03 1.728212005830198541e-03
1.150000000000000133e+00 3.082061857630690512e-03 1.743665031507815382e-03
1.180000000000000160e+00 3.055307873059874991e-03 1.999704916269533488e-03
1.210000000000000187e+00 3.892496394453148593e-03 2.237050598620378070e-03
1.240000000000000213e+00 2.763991837718717242e-03 2.412806355878853708e-03
1.270000000000000240e+00 2.076862689022451140e-03 2.625530521437209868e-03
1.300000000000000266e+00 3.285377107354148056e-03 2.871774264791082405e-03
1.330000000000000293e+00 4.165980407721272226e-03 3.233775437574978352e-03
1.360000000000000320e+00 3.596806317747502056e-03 3.628963869835756615e-03
1.390000000000000346e+00 3.906657798563449753e-03 4.688931204332982307e-03
1.420000000000000373e+00 4.974938946619867491e-03 4.954608725750054773e-03
1.450000000000000400e+00 5.589027602651428644e-03 5.089597933041519438e-03
1.480000000000000426e+00 5.739520640806139613e-03 5.587506248122604824e-03
1.510000000000000453e+00 3.618435208364135982e-03 6.224012365116786752e-03
1.540000000000000480e+00 6.348908130340902463e-03 6.994659818646538872e-03
1.570000000000000506e+00 4.696242578727937746e-03 7.866741307133506139e-03
1.600000000000000533e+00 5.226699417951421317e-03 8.798209710946887710e-03
1.630000000000000560e+00 3.804614800779541634e-03 9.860324488907700954e-03
1.660000000000000586e+00 5.235114865163121613e-03 1.101869718082504508e-02
1.690000000000000613e+00 5.649512284472681285e-03 1.216512257271495229e-02
1.720000000000000639e+00 2.757208061682978745e-03 1.335998706242950453e-02
1.750000000000000666e+00 2.265129229286258657e-03 1.472547830578212896e-02
1.780000000000000693e+00 2.693608131360218823e-03 1.702118594636021706e-02
1.810000000000000719e+00 6.521419584847802653e-03 1.913433372631823115e-02
1.840000000000000746e+00 3.005723183676513310e-03 2.030429160209181599e-02
1.870000000000000773e+00 2.112776566860135891e-03 2.086248245942960017e-02
1.900000000000000799e+00 7.770868427306768748e-04 2.168934496116998317e-02
1.930000000000000826e+00 -1.310651956698729486e-03 2.242596504056471735e-02
1.960000000000000853e+00 6.619808981821667182e-04 2.305937613250925652e-02
1.990000000000000879e+00 1.570982635264513583e-03 3.239654329935004462e-02
2.020000000000000906e+00 7.690429484049404654e-04 2.420256520421289539e-02
2.050000000000000711e+00 1.721202409649883044e-03 2.409046433257443220e-02
2.080000000000000959e+00 -2.451744127855888262e-03 2.346740086397000949e-02
2.110000000000001208e+00 -9.161109135964962341e-04 2.247655057685064156e-02
2.140000000000001013e+00 -2.934565302943786032e-03 2.149652122507707611e-02
2.170000000000000817e+00 -2.934014888882607690e-03 2.017113053412789708e-02
2.200000000000001066e+00 -6.093188883503497175e-03 1.894573654317071448e-02
2.230000000000001315e+00 -4.161622233506891144e-03 1.799281279488782262e-02
2.260000000000001119e+00 -5.943891193876556060e-03 1.725070607303665071e-02
2.290000000000000924e+00 -3.704312454703382988e-03 1.649320121525208946e-02
2.320000000000001172e+00 -5.738038661963783260e-03 1.581972807465257397e-02
2.350000000000001421e+00 -6.696077008903603481e-03 1.523668567371475914e-02
2.380000000000001226e+00 -3.823743389548181146e-03 1.533102523757884014e-02
2.410000000000001030e+00 -4.377010259278528090e-03 1.552641191546945583e-02
2.440000000000001279e+00 -5.601428665220709556e-03 1.470725413201303192e-02
2.470000000000001528e+00 -6.671108851083485183e-03 1.449499764920754268e-02
2.500000000000001332e+00 -6.421404934861436875e-03 1.412561458446755062e-02
2.530000000000001137e+00 -3.705054073180312230e-03 1.401905076279503191e-02
2.560000000000001386e+00 -2.772008977498613587e-03 1.404203905347864260e-02
2.590000000000001634e+00 -7.353758923368720196e-03 1.410477376310909775e-02
2.620000000000001439e+00 -5.897502962277472761e-03 1.418675410431955407e-02
2.650000000000001243e+00 -4.997414664380177111e-03 1.436525777180041978e-02
2.680000000000001492e+00 -4.355712241311147578e-03 1.490250353564967663e-02
2.710000000000001741e+00 -2.687851900375721245e-03 1.530577537775637542e-02
2.740000000000001545e+00 -4.045757778384337540e-03 1.555310352354776632e-02
2.770000000000001350e+00 -3.106282016875021486e-03 1.569098039328873859e-02
2.800000000000001599e+00 -3.023945133712791378e-03 1.572641785312252349e-02
2.830000000000001847e+00 -2.833944648457455834e-03 1.569131086831906247e-02
2.860000000000001652e+00 -6.366908756434769973e-03 1.557238379810784237e-02
2.890000000000001457e+00 -5.949622203452377238e-03 1.540145666048765676e-02
2.920000000000001705e+00 -2.664963156700038589e-03 1.515079982526701917e-02
2.950000000000001954e+00 -3.384411429543022608e-03 1.490056286614201315e-02
2.980000000000001759e+00 -3.288464446056684268e-03 1.476578858697429053e-02
3.010000000000001563e+00 -3.165356233846330133e-03 1.430998005391707385e-02
3.040000000000001812e+00 -2.244235779028616162e-03 1.405025050702740468e-02
3.070000000000002061e+00 -3.228291180049459603e-03 1.339302549737662017e-02
3.100000000000001865e+00 -2.388317766983271209e-03 1.332002507773670345e-02
3.130000000000001670e+00 5.129551943832164973e-05 1.411474807396378116e-02
3.160000000000001918e+00 -2.259196284462916971e-03 1.372225752134361744e-02
3.190000000000002167e+00 -7.204184400895628955e-04 1.402453518068915751e-02
