# q_A^-1 I sigma_shared_background
6.000000000000000125e-03 3.477060336613920555e+00 7.098839485000771887e-01
7.000000000000000146e-03 2.466242459473526605e+00 3.226904042284136631e-01
8.000000000000000167e-03 1.712271548101780283e+00 1.992545082471663953e-01
9.000000000000001055e-03 1.247621476710002009e+00 1.275931477068811548e-01
1.000000000000000021e-02 1.262848568381631731e+00 9.502943265262621397e-02
1.099999999999999936e-02 1.132665477127139386e+00 7.657722090132275394e-02
1.200000000000000025e-02 9.516950919611109061e-01 6.730687368277080140e-02
1.300000000000000114e-02 9.396710494312762174e-01 5.742451028587924194e-02
1.400000000000000203e-02 9.991469921874507332e-01 5.223004628194180543e-02
1.499999999999999944e-02 9.339311844000880436e-01 4.733070472857543037e-02
1.600000000000000033e-02 7.495427858513538100e-01 4.302610773254966076e-02
1.700000000000000122e-02 8.037512181319939053e-01 3.923156637899279098e-02
1.800000000000000211e-02 8.430189082927357358e-01 3.623713855290773556e-02
1.899999999999999953e-02 7.754612926525370487e-01 3.443390151102685565e-02
2.000000000000000042e-02 7.408693650409311493e-01 3.250226655559017297e-02
2.100000000000000130e-02 7.798413854964774128e-01 3.109239408782483657e-02
2.200000000000000219e-02 7.403619185943361991e-01 2.977151990918696159e-02
2.300000000000000308e-02 7.057035111745230127e-01 2.845338016366348935e-02
2.400000000000000050e-02 6.981561227342226728e-01 2.734159290606323275e-02
2.500000000000000139e-02 6.809157620068956307e-01 2.641737664994932289e-02
2.600000000000000228e-02 6.764521025552245881e-01 2.597412694180653916e-02
2.699999999999999969e-02 6.546538265863743877e-01 2.521253730801640766e-02
2.800000000000000058e-02 6.419605450463117258e-01 2.428064514077478767e-02
2.900000000000000147e-02 6.748563397029808675e-01 2.401370032185664097e-02
3.000000000000000236e-02 6.663918896031157946e-01 2.346716520195129066e-02
3.100000000000000325e-02 6.390480235950178889e-01 2.294390236850349374e-02
3.200000000000000067e-02 6.142855708044572260e-01 2.230478296799297960e-02
3.300000000000000155e-02 6.358744802134054241e-01 2.179415185169948990e-02
3.400000000000000244e-02 5.968343145644825487e-01 2.142441356057576962e-02
3.499999999999999639e-02 6.001982413680443385e-01 2.097121992155863771e-02
3.599999999999999728e-02 5.677642040278367830e-01 2.082252637342220727e-02
3.699999999999999817e-02 5.633254138611822892e-01 2.042429437393886160e-02
3.799999999999999906e-02 5.823044870308714538e-01 2.005532586327340994e-02
3.899999999999999994e-02 5.358862074144015164e-01 1.949722613301217711e-02
4.000000000000000083e-02 5.369488894210435737e-01 1.937641199103163139e-02
4.100000000000000172e-02 5.202135794063840191e-01 1.918915993209124871e-02
4.199999999999999567e-02 5.123486228332853054e-01 1.877263131524331205e-02
4.299999999999999656e-02 4.882354000073436673e-01 1.865762006604149495e-02
4.399999999999999745e-02 4.920199294669281853e-01 1.829182139555003000e-02
4.499999999999999833e-02 4.584937563050021647e-01 1.805650258706677919e-02
4.599999999999999922e-02 4.722455562156342435e-01 1.779908241797229645e-02
4.700000000000000011e-02 4.358342549753105866e-01 1.757451091845965707e-02
4.800000000000000100e-02 4.520793090526321056e-01 1.713203005360320816e-02
4.899999999999999495e-02 4.193855052735846467e-01 1.707735539248864121e-02
5.000000000000000278e-02 4.177440773361585369e-01 1.687909495148510325e-02
5.200000000000000455e-02 4.029505532710854765e-01 1.167653855087085434e-02
5.400000000000000633e-02 3.933550307053867434e-01 1.133441651979623897e-02
5.600000000000000810e-02 3.773699386079095719e-01 1.140887512726735525e-02
5.800000000000000988e-02 3.521924662707012210e-01 1.155189973793389890e-02
6.000000000000001166e-02 3.271029672895714446e-01 1.150992258095878858e-02
6.200000000000001343e-02 3.186626422585292495e-01 1.107477750835878828e-02
6.400000000000001521e-02 3.060516267454032602e-01 1.068767213391509652e-02
6.600000000000001699e-02 2.926741783833607946e-01 1.049655121739260025e-02
6.800000000000001876e-02 2.789565777989672646e-01 1.018164957892975925e-02
7.000000000000002054e-02 2.601278700183182191e-01 1.003187676340854678e-02
7.200000000000002232e-02 2.691217660964905223e-01 9.854016981470340927e-03
7.400000000000002409e-02 2.545992523180790057e-01 9.931790759375549657e-03
7.600000000000002587e-02 2.280776397975458059e-01 9.791695994187780278e-03
7.800000000000002764e-02 2.189198184787243817e-01 9.553785113789780084e-03
8.000000000000002942e-02 2.217948736540011345e-01 9.658885219500406433e-03
8.200000000000003120e-02 2.055772160247216485e-01 9.672539090519880617e-03
8.400000000000003297e-02 2.051265498027003142e-01 9.665579300017447181e-03
8.600000000000003475e-02 1.904051952564988770e-01 9.311593893084854287e-03
8.800000000000003653e-02 1.829791983297440472e-01 9.243573045213298103e-03
9.000000000000003830e-02 1.545295587960970052e-01 9.347369998163039539e-03
9.200000000000004008e-02 1.558653323144989777e-01 9.266284517086800093e-03
9.400000000000004186e-02 1.478052592922446951e-01 9.170978719109667415e-03
9.600000000000004363e-02 1.608906824611228692e-01 9.138890977840603835e-03
9.800000000000004541e-02 1.380270454335328079e-01 9.171625475759989654e-03
1.000000000000000056e-01 1.468677271847998733e-01 9.123196926016168343e-03
1.050000000000000100e-01 1.336192173639660086e-01 5.674041869269189943e-03
1.100000000000000144e-01 1.006392396799280359e-01 5.549080845133310194e-03
1.150000000000000189e-01 1.026078215864095478e-01 5.449879289233327748e-03
1.200000000000000233e-01 9.711530050207246856e-02 5.343171919859227709e-03
1.250000000000000278e-01 8.811779604556149725e-02 5.323503398609765250e-03
1.300000000000000322e-01 8.276614944017765541e-02 5.477235226088295224e-03
1.350000000000000366e-01 7.491250051021805523e-02 5.291332774210768565e-03
1.400000000000000411e-01 7.104646451015834974e-02 5.175001457516207465e-03
1.450000000000000455e-01 6.264971967497851013e-02 5.108352869624311829e-03
1.500000000000000500e-01 5.841711591358550448e-02 5.134651088203213455e-03
1.550000000000000544e-01 5.669742147961012030e-02 5.296461543213506866e-03
1.600000000000000588e-01 4.361272146785293014e-02 5.389289364984391900e-03
1.650000000000000633e-01 5.064712975684592527e-02 5.350015014109058172e-03
1.700000000000000677e-01 5.026952482597359800e-02 5.408350506836807903e-03
1.750000000000000722e-01 3.945365555398678420e-02 5.401753266634799766e-03
1.800000000000000766e-01 4.099462498049242370e-02 5.377586120484540051e-03
1.850000000000000810e-01 2.976538954736244330e-02 5.344425339129064111e-03
1.900000000000000855e-01 3.606639433763680902e-02 5.310207692613581887e-03
1.950000000000000899e-01 3.160726231356443539e-02 5.352273409222444399e-03
2.000000000000000944e-01 2.955865689637569155e-02 4.906399361216785306e-03
2.050000000000000988e-01 2.130983010662234126e-02 5.016481631218374163e-03
2.100000000000001033e-01 2.613716611785107252e-02 5.066204901143982718e-03
2.150000000000001077e-01 2.249359870866166414e-02 5.000556360864239283e-03
2.200000000000001121e-01 2.516268812237808933e-02 4.926144024470279457e-03
2.250000000000001166e-01 1.987459077080910158e-02 4.925600997614280711e-03
2.300000000000001210e-01 2.447546350468411333e-02 4.858049742492052785e-03
2.350000000000001255e-01 1.519962819462443784e-02 4.739697269668816104e-03
2.400000000000001299e-01 2.001803659059696316e-02 4.992338806905114584e-03
2.450000000000001343e-01 9.930259984666008760e-03 5.138623113968890030e-03
2.500000000000001110e-01 1.703147641901319245e-02 4.862312568640786078e-03
2.550000000000001155e-01 1.713073163268017535e-02 5.271610809527795850e-03
2.600000000000001199e-01 2.036335024163332674e-02 5.125032287910368141e-03
2.650000000000001243e-01 1.773463363509440033e-02 5.418033013298430983e-03
2.700000000000001288e-01 1.746693900859021265e-02 5.325370041117607860e-03
2.750000000000001332e-01 9.212659165227411392e-03 5.205617147931161301e-03
2.800000000000001377e-01 1.526543834606916214e-02 5.697310061552176251e-03
2.850000000000001421e-01 2.310056011740838078e-02 5.442164097189040872e-03
2.900000000000001465e-01 8.547222858299285964e-03 5.637035587021936578e-03
2.950000000000001510e-01 1.332535156807839252e-02 5.439295230602479193e-03
3.000000000000001554e-01 1.376202781385562658e-02 5.592764632834807195e-03
3.050000000000001599e-01 1.442641766990736783e-02 5.368996986275785879e-03
3.100000000000001643e-01 1.179746364116305256e-02 5.422752079527021554e-03
3.150000000000001688e-01 7.690500332630244816e-03 5.246787537506307844e-03
3.200000000000001732e-01 1.748136304317977896e-02 5.056833954667972440e-03
3.250000000000001776e-01 1.430687834830053282e-02 5.070323556782277245e-03
3.300000000000001821e-01 1.079937372099329905e-02 5.215490120878287991e-03
3.350000000000001865e-01 1.235869958957884832e-02 4.946935494541293728e-03
3.400000000000001910e-01 6.108578010269784947e-03 4.921270549364534924e-03
3.450000000000001954e-01 1.037730912794783238e-02 5.185050199299677531e-03
3.500000000000001998e-01 1.221427655989967484e-02 4.711732154127541185e-03
3.550000000000002043e-01 8.939049031924961933e-03 4.807557870187428688e-03
3.600000000000002087e-01 9.244227687441276473e-03 4.839449973848582512e-03
3.650000000000002132e-01 1.279640519844739074e-02 4.919980543700156091e-03
3.700000000000002176e-01 7.698011468426114133e-03 4.615176508904543853e-03
3.750000000000002220e-01 1.234297326723565909e-02 4.642192684961847504e-03
3.800000000000002265e-01 7.361880574750078593e-03 4.625400296196115375e-03
3.850000000000002309e-01 6.829136488430588049e-03 4.636675450146301135e-03
3.900000000000002354e-01 7.107902549992385112e-03 4.388746733457929601e-03
3.950000000000002398e-01 1.411650730050491125e-02 4.536008773500672595e-03
4.000000000000002442e-01 7.685329638795413559e-03 4.350473488312826473e-03
4.050000000000002487e-01 9.777803749977841824e-03 4.914346856061798698e-03
4.100000000000002531e-01 8.618560009432797361e-03 4.766278400237715027e-03
4.150000000000002576e-01 1.094015993891959276e-02 4.942052314558096314e-03
4.200000000000002620e-01 9.599233517422455994e-03 4.306711933557417528e-03
4.250000000000002665e-01 6.934981730352251551e-03 4.240979397715030803e-03
4.300000000000002709e-01 8.240454648499139292e-03 4.241923775029273272e-03
4.350000000000002753e-01 9.050358324819273576e-03 4.262659729807827258e-03
4.400000000000002798e-01 1.202552973625533629e-02 4.185365806707011006e-03
4.450000000000002842e-01 9.279715447161917749e-03 4.089637709053051649e-03
4.500000000000002887e-01 1.124103219371452855e-02 4.224311405771283452e-03
4.550000000000002931e-01 6.843858712708120358e-03 4.105917314136580190e-03
4.600000000000002975e-01 6.696217859832175913e-03 4.086770009784457085e-03
4.650000000000003020e-01 1.025796330218838905e-02 4.050022217424279446e-03
4.700000000000003064e-01 1.575272341043091467e-02 4.106324177032362466e-03
4.750000000000003109e-01 1.496719689250147929e-02 3.857397248247568158e-03
4.800000000000003153e-01 9.277111845063900145e-03 4.177962226032359838e-03
4.850000000000003197e-01 5.390689798874869626e-03 3.976304126435094982e-03
4.900000000000003242e-01 6.383402740153800055e-03 3.980352356760846928e-03
4.950000000000003286e-01 7.154150804760249505e-03 3.780018870496497808e-03
5.000000000000000000e-01 3.807632420120167418e-03 4.447082287963833973e-03
5.100000000000000089e-01 9.330682875691085482e-03 2.837451941776977533e-03
5.200000000000000178e-01 7.469768639443064365e-03 2.628051026114572048e-03
5.300000000000000266e-01 6.905768289742999187e-03 2.635065344325970317e-03
5.400000000000000355e-01 7.362696026245886712e-03 2.618980260744252931e-03
5.500000000000000444e-01 7.547272885326606132e-03 2.535095732851223947e-03
5.600000000000000533e-01 5.098958468355498271e-03 2.489358522299369228e-03
5.700000000000000622e-01 7.068716280370923588e-03 2.440296983543199794e-03
5.800000000000000711e-01 1.068363732110582179e-02 2.476163469322623708e-03
5.900000000000000799e-01 6.742932164674806869e-03 2.445569117178961714e-03
6.000000000000000888e-01 7.951788491625312941e-03 2.497743497440556380e-03
6.100000000000000977e-01 7.020974585332118850e-03 2.468072952207335524e-03
6.200000000000001066e-01 4.704147253169768672e-03 2.409845105283947228e-03
6.300000000000001155e-01 5.576334399704553808e-03 2.406268841425390770e-03
6.400000000000001243e-01 5.034040321354327739e-03 2.350393319766303380e-03
6.500000000000001332e-01 6.239520596092716122e-03 2.335015833722945897e-03
6.600000000000001421e-01 5.865113926281250410e-03 2.317606827489770115e-03
6.700000000000001510e-01 1.976828805586283364e-03 2.374298320883609127e-03
6.800000000000001599e-01 2.208697465661636338e-03 2.325729431752269691e-03
6.900000000000001688e-01 8.516736408910175263e-03 2.318445725342815466e-03
7.000000000000001776e-01 3.199986370517916845e-03 2.333144793134839159e-03
7.100000000000001865e-01 2.762464116799511968e-03 2.304932570718024910e-03
7.200000000000001954e-01 4.954566758982226551e-03 2.345525527255329454e-03
7.300000000000002043e-01 7.047448237737053561e-03 2.321320245132388761e-03
7.400000000000002132e-01 6.929390533127199187e-03 2.335404577230772421e-03
7.500000000000002220e-01 2.542921544710606552e-03 2.321289977832142332e-03
7.600000000000002309e-01 4.652893293001791192e-03 2.335845947731088508e-03
7.700000000000002398e-01 8.308985352925858311e-03 2.353222510019795793e-03
7.800000000000002487e-01 4.570418771999340893e-03 2.404723162146040621e-03
7.900000000000002576e-01 5.369919548639346535e-03 2.424519831953858649e-03
8.000000000000002665e-01 1.830294023823643033e-03 2.368294060297630559e-03
8.100000000000002753e-01 3.378836710391286673e-03 2.360965495294166383e-03
8.200000000000002842e-01 5.007353978724505932e-03 2.396570391598077526e-03
8.300000000000002931e-01 3.556732076832525534e-03 2.449719026476654144e-03
8.400000000000003020e-01 3.963638931051659611e-03 2.466381380803590179e-03
8.500000000000003109e-01 4.391236447024960202e-03 2.454686017331040877e-03
8.600000000000003197e-01 4.845957953066848227e-03 2.480565326875701533e-03
8.700000000000003286e-01 4.222654968290684777e-03 2.475580092861307414e-03
8.800000000000003375e-01 3.213508653927489751e-03 2.384232261459395385e-03
8.900000000000003464e-01 4.127247908092558301e-03 2.318229776039747430e-03
9.000000000000003553e-01 4.754151404434059890e-03 2.318962094814096611e-03
9.100000000000003642e-01 2.309037306871375862e-03 2.346541745225268379e-03
9.200000000000003730e-01 2.792813813540218158e-03 2.299964057723060968e-03
9.300000000000003819e-01 5.191298358918340801e-03 2.333614000400472538e-03
9.400000000000003908e-01 5.330203358808828507e-03 2.327259652209846819e-03
9.500000000000003997e-01 4.050090326295640794e-03 2.388798981300461165e-03
9.600000000000004086e-01 4.474882840645654988e-03 2.364458724060175369e-03
9.700000000000004174e-01 3.480713237189081172e-03 2.391844143931043474e-03
9.800000000000004263e-01 3.636231846081239543e-03 2.460887018421739972e-03
9.900000000000004352e-01 3.212941754420928914e-03 2.501929002492432434e-03
1.000000000000000000e+00 3.497090530620283830e-03 2.496707208407187694e-03
1.030000000000000027e+00 3.796364288193610024e-03 1.554437161679111164e-03
1.060000000000000053e+00 3.695747239123514053e-03 1.648851519157558095e-03
1.090000000000000080e+00 4.165454508760292433e-03 1.741069367509638427e-03
1.120000000000000107e+00 3.529314251238768914e-03 1.731805899567178883e-03
1.150000000000000133e+00 4.403896644520788328e-03 1.746704051988559473e-03
1.180000000000000160e+00 4.424342379809463772e-03 2.006504258545870143e-03
1.210000000000000187e+00 5.142452558418009363e-03 2.241421549372260309e-03
1.240000000000000213e+00 3.728037530014452049e-03 2.419186946220135050e-03
1.270000000000000240e+00 4.316858886795849233e-03 2.632986273363948585e-03
1.300000000000000266e+00 3.950929952911086569e-03 2.877255333794001124e-03
1.330000000000000293e+00 5.023767997558948803e-03 3.240237278463378202e-03
1.360000000000000320e+00 4.343165829958883263e-03 3.642588947320654635e-03
1.390000000000000346e+00 4.778632337334442169e-03 4.694352869998074176e-03
1.420000000000000373e+00 5.946651823452643593e-03 4.962378633993172992e-03
1.450000000000000400e+00 4.820702860984570591e-03 5.100780672027053868e-03
1.480000000000000426e+00 4.189093575248704210e-03 5.604271695714532937e-03
1.510000000000000453e+00 4.983553034651722405e-03 6.244829506798748285e-03
1.540000000000000480e+00 7.557797139439515269e-03 7.017198902209933163e-03
1.570000000000000506e+00 4.145510541672469719e-03 7.883834199228258177e-03
1.600000000000000533e+00 3.800950281397154698e-03 8.819889176780837392e-03
1.630000000000000560e+00 5.098775361821910809e-03 9.884046085339576182e-03
1.660000000000000586e+00 4.754035874850078870e-03 1.104343458118732003e-02
1.690000000000000613e+00 4.995825544834044812e-03 1.219285597961342754e-02
1.720000000000000639e+00 4.880710932746978523e-03 1.338985603292686295e-02
1.750000000000000666e+00 3.456714966072651617e-03 1.475995536903436205e-02
1.780000000000000693e+00 1.791163538680077454e-03 1.705525931914818327e-02
1.810000000000000719e+00 2.237200646038141772e-03 1.916772380788494407e-02
1.840000000000000746e+00 2.699302619201040046e-03 2.034208247993320173e-02
1.870000000000000773e+00 3.185391392814408262e-04 2.089539742047515428e-02
1.900000000000000799e+00 -9.847201391900218311e-04 2.173041646845242161e-02
1.930000000000000826e+00 -4.633392096122813659e-04 2.246612008611681768e-02
1.960000000000000853e+00 -4.320500266170624075e-04 2.309802013151526431e-02
1.990000000000000879e+00 -4.391703941897765894e-04 3.249462713625139026e-02
2.020000000000000906e+00 1.332422818225427019e-04 2.423878368419629323e-02
2.050000000000000711e+00 1.227644233669261632e-03 2.412935924558611347e-02
2.080000000000000959e+00 -1.439854321047648279e-03 2.350671826902786532e-02
2.110000000000001208e+00 3.900039571125006772e-03 2.249746154267125847e-02
2.140000000000001013e+00 -1.820331135252575318e-03 2.152482509978656533e-02
2.170000000000000817e+00 -2.479395413166155492e-03 2.019548226846338765e-02
2.200000000000001066e+00 -6.060183231521273960e-04 1.896075261828986808e-02
2.230000000000001315e+00 -1.027586341313838124e-03 1.800729630631666203e-02
2.260000000000001119e+00 4.666119169848404586e-04 1.727041252684546543e-02
2.290000000000000924e+00 1.745580617541874239e-03 1.649893316380434544e-02
2.320000000000001172e+00 -1.181691267370153049e-03 1.582682527101893569e-02
2.350000000000001421e+00 -7.111017199640927997e-04 1.524207723631412249e-02
2.380000000000001226e+00 2.089177222220689120e-03 1.533315246439004124e-02
2.410000000000001030e+00 -8.390330451850242215e-04 1.553421274376913866e-02
2.440000000000001279e+00 3.529141184056798627e-04 1.471083908418509799e-02
2.470000000000001528e+00 8.506315564670988757e-04 1.449309360798542272e-02
2.500000000000001332e+00 -1.107255760497641989e-03 1.412014760800432700e-02
2.530000000000001137e+00 1.061330776795269036e-03 1.401732829405930893e-02
2.560000000000001386e+00 2.806015098124956106e-04 1.404497443592845653e-02
2.590000000000001634e+00 -7.917302359558278310e-04 1.410398407820457299e-02
2.620000000000001439e+00 -3.095175262923391206e-04 1.417674095524491286e-02
2.650000000000001243e+00 2.244582746809344140e-03 1.436497918663750574e-02
2.680000000000001492e+00 1.744238876267891099e-03 1.490548901941735754e-02
2.710000000000001741e+00 -1.142847934955739677e-04 1.530557295885245570e-02
2.740000000000001545e+00 1.858033323256028536e-03 1.555719298404521257e-02
2.770000000000001350e+00 1.138247695915325583e-03 1.569012582110339629e-02
2.800000000000001599e+00 2.526490031985383251e-03 1.572794803197465410e-02
2.830000000000001847e+00 2.033792721029395022e-03 1.569132241020011406e-02
2.860000000000001652e+00 -5.088093943715576951e-04 1.557501615502460135e-02
2.890000000000001457e+00 2.131401885729076236e-03 1.541447451242370162e-02
2.920000000000001705e+00 9.049703448397390703e-04 1.516016225477676699e-02
2.950000000000001954e+00 2.171925851107301721e-03 1.491953525874589737e-02
2.980000000000001759e+00 2.399194483405068471e-03 1.477132280478959253e-02
3.010000000000001563e+00 -3.036076015551877785e-04 1.431438911037212491e-02
3.040000000000001812e+00 -1.253641072957024320e-03 1.404488964137532055e-02
3.070000000000002061e+00 9.600160760112166946e-04 1.339588164312724601e-02
3.100000000000001865e+00 1.250853229799904487e-04 1.332371545623182475e-02
3.130000000000001670e+00 7.518352755786937222e-04 1.414335308095822710e-02
3.160000000000001918e+00 2.330695831782314282e-03 1.373315183935627445e-02
3.190000000000002167e+00 3.708339311071763783e-04 1.403945466043821609e-02
