# q_A^-1 I sigma_bootstrap; own-peak component amplitude; buffer frames 220-236
6.000000000000000125e-03 2.036475814396857320e+00 7.671461920466505768e-01
7.000000000000000146e-03 1.898703093646190165e+00 3.124996173612505923e-01
8.000000000000000167e-03 2.023455451719798237e+00 2.167485702478089971e-01
9.000000000000001055e-03 1.871164480817269160e+00 1.619536355120878013e-01
1.000000000000000021e-02 1.811533887833059797e+00 1.065676259733445985e-01
1.099999999999999936e-02 1.555048879196336609e+00 9.267192652536636321e-02
1.200000000000000025e-02 1.719463236905149461e+00 8.586421335837556013e-02
1.300000000000000114e-02 1.782045941151121804e+00 8.246040134306371894e-02
1.400000000000000203e-02 1.765498102071951125e+00 6.880117075096760237e-02
1.499999999999999944e-02 1.750843194473420406e+00 7.185796909757358186e-02
1.600000000000000033e-02 1.711703192886739888e+00 6.063085799700666800e-02
1.700000000000000122e-02 1.725719611389861852e+00 5.542369622182952149e-02
1.800000000000000211e-02 1.682547810692836432e+00 5.366886644886956909e-02
1.899999999999999953e-02 1.699450978138264956e+00 5.379084229335596296e-02
2.000000000000000042e-02 1.668327733743695696e+00 5.438044934044163059e-02
2.100000000000000130e-02 1.710315062133029862e+00 4.925792126318664921e-02
2.200000000000000219e-02 1.658374033459821595e+00 5.156763603012760877e-02
2.300000000000000308e-02 1.604922975740240787e+00 4.731003918083868248e-02
2.400000000000000050e-02 1.571816384218478690e+00 4.282018540978057425e-02
2.500000000000000139e-02 1.582088961533212101e+00 4.574139294104698217e-02
2.600000000000000228e-02 1.561085966591231111e+00 4.280686504869742753e-02
2.699999999999999969e-02 1.534944355126877769e+00 4.410560328490262944e-02
2.800000000000000058e-02 1.537505009293668623e+00 4.148223476293844136e-02
2.900000000000000147e-02 1.515160530657917448e+00 4.278764511859118463e-02
3.000000000000000236e-02 1.507252316128365521e+00 4.363010096388365844e-02
3.100000000000000325e-02 1.492985122438430734e+00 4.184999452330324249e-02
3.200000000000000067e-02 1.475461102566711702e+00 3.964821910450758158e-02
3.300000000000000155e-02 1.452570632037297971e+00 3.712796324096907102e-02
3.400000000000000244e-02 1.403554124613322074e+00 3.754172816641947186e-02
3.499999999999999639e-02 1.431804166179045268e+00 4.111452055196873623e-02
3.599999999999999728e-02 1.391645113282982793e+00 3.718570282062916288e-02
3.699999999999999817e-02 1.372746539370826691e+00 3.596312093396056980e-02
3.799999999999999906e-02 1.359863085089666690e+00 3.619662016204451549e-02
3.899999999999999994e-02 1.322697703960934668e+00 3.762450355040729971e-02
4.000000000000000083e-02 1.294513744118891196e+00 3.329395634131931958e-02
4.100000000000000172e-02 1.258043561516175135e+00 3.203928651693568885e-02
4.199999999999999567e-02 1.298597292592502228e+00 3.309379211547709698e-02
4.299999999999999656e-02 1.226263269159518998e+00 3.416012781665446474e-02
4.399999999999999745e-02 1.180478603123141790e+00 3.266014556499529514e-02
4.499999999999999833e-02 1.197906403743835391e+00 3.161751441432846671e-02
4.599999999999999922e-02 1.172047894929534539e+00 3.258447434010033200e-02
4.700000000000000011e-02 1.167265663147180943e+00 3.054900923728810433e-02
4.800000000000000100e-02 1.147529830724159705e+00 2.988390826759315666e-02
4.899999999999999495e-02 1.094160936992653710e+00 2.768440470875865173e-02
5.000000000000000278e-02 1.086567332220734761e+00 2.694337052412102210e-02
5.200000000000000455e-02 1.045360303863716922e+00 2.474250347522162843e-02
5.400000000000000633e-02 1.006690204192913329e+00 2.300363558314426002e-02
5.600000000000000810e-02 9.509537711583313513e-01 2.049096627904277088e-02
5.800000000000000988e-02 9.428051113644215775e-01 2.128254509569795644e-02
6.000000000000001166e-02 8.866782601924716456e-01 1.996152733954005554e-02
6.200000000000001343e-02 8.563400054680089246e-01 1.792160146311885457e-02
6.400000000000001521e-02 8.282570623195748549e-01 1.862611437493798261e-02
6.600000000000001699e-02 8.020137930941169113e-01 1.842597105037623029e-02
6.800000000000001876e-02 7.654437447015935980e-01 1.707442273908198888e-02
7.000000000000002054e-02 7.331056400235840265e-01 1.648103182186962459e-02
7.200000000000002232e-02 6.962664995560040593e-01 1.586501507808794550e-02
7.400000000000002409e-02 6.842282044563505750e-01 1.587728949265011097e-02
7.600000000000002587e-02 6.547648035412910739e-01 1.465871032586534006e-02
7.800000000000002764e-02 6.337626709281266590e-01 1.572246659093351831e-02
8.000000000000002942e-02 6.093252065131250506e-01 1.394941302016352441e-02
8.200000000000003120e-02 5.837269084620448911e-01 1.368988736864326650e-02
8.400000000000003297e-02 5.730935685323949036e-01 1.397279102278731720e-02
8.600000000000003475e-02 5.459770703114990020e-01 1.382115875447840689e-02
8.800000000000003653e-02 5.271232167799557722e-01 1.376637765729285014e-02
9.000000000000003830e-02 5.017064147464326274e-01 1.233186896370598584e-02
9.200000000000004008e-02 4.872662196695901060e-01 1.193092225224056876e-02
9.400000000000004186e-02 4.702919864431474584e-01 1.258573672252165897e-02
9.600000000000004363e-02 4.609837947396908109e-01 1.247696477320616934e-02
9.800000000000004541e-02 4.396423411057118757e-01 1.180136126749710412e-02
1.000000000000000056e-01 4.212012548506111065e-01 1.002728929554679363e-02
1.050000000000000100e-01 3.937356188987490846e-01 9.075379948374085598e-03
1.100000000000000144e-01 3.640436593431571888e-01 8.087940675469123403e-03
1.150000000000000189e-01 3.358542263222983326e-01 8.129872730382223245e-03
1.200000000000000233e-01 3.029960505741168819e-01 7.207068855583963554e-03
1.250000000000000278e-01 2.804012536968944480e-01 7.219762100375223118e-03
1.300000000000000322e-01 2.566329808225762399e-01 7.176982929245260753e-03
1.350000000000000366e-01 2.366087905070435593e-01 6.308691595440439961e-03
1.400000000000000411e-01 2.119671553153928689e-01 6.143069980569274349e-03
1.450000000000000455e-01 1.976343314162516684e-01 6.393653181105689483e-03
1.500000000000000500e-01 1.882892095996718251e-01 6.538993423102978757e-03
1.550000000000000544e-01 1.765316668857674076e-01 6.614469203263147190e-03
1.600000000000000588e-01 1.552511876670915891e-01 6.466714207628066792e-03
1.650000000000000633e-01 1.554029836171911538e-01 6.735668397878373688e-03
1.700000000000000677e-01 1.384050270687106343e-01 6.386073625445395051e-03
1.750000000000000722e-01 1.233931368124183275e-01 5.902687602862509257e-03
1.800000000000000766e-01 1.229405318483057369e-01 6.449863947872346709e-03
1.850000000000000810e-01 1.158961605518605553e-01 5.863682530551680983e-03
1.900000000000000855e-01 9.655771223619488697e-02 6.078024137045898515e-03
1.950000000000000899e-01 1.004057137870215805e-01 6.412415572149997821e-03
2.000000000000000944e-01 9.543922434974247415e-02 5.590724888133237133e-03
2.050000000000000988e-01 8.413021103972138925e-02 5.109237720973737289e-03
2.100000000000001033e-01 8.229629167967059122e-02 6.037988001844967097e-03
2.150000000000001077e-01 7.088900541012288503e-02 5.522808935413039272e-03
2.200000000000001121e-01 7.355297271693093941e-02 5.564111112734583010e-03
2.250000000000001166e-01 6.854932639893739077e-02 5.499174279532813465e-03
2.300000000000001210e-01 7.346898982416907864e-02 5.428021651783801298e-03
2.350000000000001255e-01 6.045183678775556402e-02 4.911473995496302980e-03
2.400000000000001299e-01 7.337267835197897048e-02 6.040911642599281449e-03
2.450000000000001343e-01 5.677736053667933186e-02 5.329391625167733716e-03
2.500000000000001110e-01 5.750168207093771244e-02 5.683748753413549182e-03
2.550000000000001155e-01 5.638755638379695789e-02 6.124449694205883442e-03
2.600000000000001199e-01 5.026328736848473949e-02 6.066078597792240977e-03
2.650000000000001243e-01 4.632430635268647984e-02 5.852003299058573631e-03
2.700000000000001288e-01 5.105283161153611332e-02 6.143858488490652747e-03
2.750000000000001332e-01 4.815341840872740253e-02 5.637991545360338669e-03
2.800000000000001377e-01 4.945559513502387206e-02 6.285437694743104681e-03
2.850000000000001421e-01 3.891791707453041982e-02 5.678702269345027934e-03
2.900000000000001465e-01 4.582692639849591382e-02 6.244124303642748300e-03
2.950000000000001510e-01 3.628480035641184348e-02 5.970169458093329759e-03
3.000000000000001554e-01 4.118563295442099342e-02 6.150089934383561052e-03
3.050000000000001599e-01 3.220877778945042264e-02 6.117673994010277422e-03
3.100000000000001643e-01 4.600021123529449835e-02 5.834116460012304592e-03
3.150000000000001688e-01 4.455431162871497514e-02 5.905984322650991401e-03
3.200000000000001732e-01 3.852153110012788984e-02 5.736477179573023361e-03
3.250000000000001776e-01 3.839374433669637265e-02 5.861238591570786666e-03
3.300000000000001821e-01 3.808678082443439639e-02 5.454648196325874270e-03
3.350000000000001865e-01 3.776958969383310133e-02 5.628219846679328488e-03
3.400000000000001910e-01 4.090158391910145297e-02 5.917872048214776158e-03
3.450000000000001954e-01 3.732596279674486872e-02 5.392064644331080910e-03
3.500000000000001998e-01 3.345402855819988586e-02 5.004564077684626501e-03
3.550000000000002043e-01 3.617377467144825692e-02 5.173363794109778202e-03
3.600000000000002087e-01 2.981179998882561855e-02 5.564607141212682233e-03
3.650000000000002132e-01 2.911073980536554862e-02 5.154393017409219201e-03
3.700000000000002176e-01 2.697870724470382425e-02 5.225176159320810663e-03
3.750000000000002220e-01 3.167867948733702615e-02 4.962369348766199409e-03
3.800000000000002265e-01 2.784300742381684915e-02 5.236276213469408594e-03
3.850000000000002309e-01 2.968626855389522659e-02 4.936825163776996893e-03
3.900000000000002354e-01 3.065987873555877166e-02 4.458194493687440280e-03
3.950000000000002398e-01 3.507736903465923789e-02 4.636624059423204852e-03
4.000000000000002442e-01 2.535982600108233065e-02 4.707776859927131560e-03
4.050000000000002487e-01 3.238984639075991045e-02 5.260272314199796254e-03
4.100000000000002531e-01 3.053684459502684079e-02 5.233605854647646605e-03
4.150000000000002576e-01 2.449112365729137417e-02 5.452782949382776155e-03
4.200000000000002620e-01 2.995272056882657130e-02 4.899594698833174659e-03
4.250000000000002665e-01 2.612041999560815037e-02 5.134651927767287100e-03
4.300000000000002709e-01 2.598836080029600856e-02 4.419497581449491515e-03
4.350000000000002753e-01 2.976300871887827687e-02 4.981484523503528286e-03
4.400000000000002798e-01 3.142501656405972954e-02 4.331335834026691853e-03
4.450000000000002842e-01 2.712338050206393111e-02 4.797780187891441742e-03
4.500000000000002887e-01 2.711371179047000410e-02 4.552519507008970928e-03
4.550000000000002931e-01 1.677061160596817965e-02 4.401790056771897122e-03
4.600000000000002975e-01 2.774157580706907919e-02 4.356733584443802168e-03
4.650000000000003020e-01 2.168348008340103411e-02 4.656869410537319530e-03
4.700000000000003064e-01 2.423487889691190028e-02 4.799484858299050451e-03
4.750000000000003109e-01 2.252732543726805592e-02 4.295280999802945573e-03
4.800000000000003153e-01 2.755438968754098800e-02 4.662324474345398706e-03
4.850000000000003197e-01 2.134805533308482828e-02 4.337509538210348493e-03
4.900000000000003242e-01 1.949381912141840562e-02 4.251117985376201211e-03
4.950000000000003286e-01 2.400295596640658266e-02 4.208939819423737280e-03
5.000000000000000000e-01 2.490880467751443311e-02 4.969966541382439887e-03
5.100000000000000089e-01 2.250029855111567584e-02 3.110690804330839936e-03
5.200000000000000178e-01 2.280461602629064999e-02 2.813816223385650923e-03
5.300000000000000266e-01 2.315499754629066903e-02 2.895562942867261225e-03
5.400000000000000355e-01 2.396275602599702917e-02 3.025194118025071200e-03
5.500000000000000444e-01 2.069587837778458228e-02 2.608895611194968732e-03
5.600000000000000533e-01 2.454283780773620915e-02 2.619802176600780942e-03
5.700000000000000622e-01 1.877613620296559455e-02 2.570393118032121213e-03
5.800000000000000711e-01 2.139084320658007909e-02 2.808930157884353008e-03
5.900000000000000799e-01 1.754680869016218489e-02 2.632798553006173835e-03
6.000000000000000888e-01 1.751634345538598259e-02 2.872073450994928195e-03
6.100000000000000977e-01 2.414845470640003544e-02 2.772524225080872946e-03
6.200000000000001066e-01 1.782879811954513408e-02 2.704022816175197241e-03
6.300000000000001155e-01 1.797025589454864444e-02 2.686997238149112406e-03
6.400000000000001243e-01 2.123291274349535171e-02 2.628402675798776483e-03
6.500000000000001332e-01 1.869471511411154724e-02 2.611890650632442846e-03
6.600000000000001421e-01 2.236510989643444858e-02 2.709234342654976042e-03
6.700000000000001510e-01 1.795756791502722827e-02 2.545317726753327722e-03
6.800000000000001599e-01 1.954695014045255280e-02 2.676736455039563627e-03
6.900000000000001688e-01 1.764325260281635749e-02 2.407140128027849060e-03
7.000000000000001776e-01 1.919822249533875008e-02 2.614992947193525881e-03
7.100000000000001865e-01 1.483301578931748264e-02 2.350507734792869289e-03
7.200000000000001954e-01 1.484889360556865615e-02 2.767739482038933472e-03
7.300000000000002043e-01 1.569277290284245077e-02 2.339966125041465644e-03
7.400000000000002132e-01 1.699173209383481389e-02 2.441594121973990426e-03
7.500000000000002220e-01 1.548676815711548874e-02 2.573867760413088915e-03
7.600000000000002309e-01 1.635597989204436858e-02 2.680166348736666166e-03
7.700000000000002398e-01 1.867968497058438912e-02 2.375744555543725552e-03
7.800000000000002487e-01 1.557223470441350226e-02 2.638955465014153172e-03
7.900000000000002576e-01 1.755751244361931224e-02 2.676093363070147779e-03
8.000000000000002665e-01 1.395987842409373604e-02 2.733441997856159763e-03
8.100000000000002753e-01 1.730323073567947151e-02 2.631572375636859716e-03
8.200000000000002842e-01 1.244576687979894423e-02 2.527579187177501647e-03
8.300000000000002931e-01 1.652373753341925683e-02 2.915926792886379057e-03
8.400000000000003020e-01 1.305529524340032395e-02 2.504846421437660186e-03
8.500000000000003109e-01 1.544730086554327829e-02 2.514011232970125419e-03
8.600000000000003197e-01 1.243753721038789832e-02 2.736866537460861098e-03
8.700000000000003286e-01 1.342360284007618719e-02 2.554038272915542390e-03
8.800000000000003375e-01 1.709128816034656204e-02 2.823313718614893757e-03
8.900000000000003464e-01 1.357421129636625888e-02 2.556335342118817942e-03
9.000000000000003553e-01 1.488636631152561070e-02 2.597348930755869270e-03
9.100000000000003642e-01 1.460630460560734777e-02 2.782279725009547539e-03
9.200000000000003730e-01 1.358142669106519873e-02 2.592273418915228434e-03
9.300000000000003819e-01 1.531369883276567818e-02 2.529845796309446518e-03
9.400000000000003908e-01 1.283519805570993745e-02 2.473858308129622732e-03
9.500000000000003997e-01 1.287529552385414423e-02 2.663858737818201351e-03
9.600000000000004086e-01 9.720777308462283384e-03 2.460310406258251707e-03
9.700000000000004174e-01 1.477432999643614638e-02 2.539841710621467633e-03
9.800000000000004263e-01 1.253844548884905721e-02 2.816160873575151297e-03
9.900000000000004352e-01 1.194241290710944085e-02 2.814587666377156485e-03
1.000000000000000000e+00 1.358471070252688720e-02 2.642399396732384928e-03
1.030000000000000027e+00 1.335013448116137598e-02 1.552526808134978027e-03
1.060000000000000053e+00 1.262494509087672481e-02 1.840539259404616905e-03
1.090000000000000080e+00 1.238566110110550685e-02 2.027628863466863184e-03
1.120000000000000107e+00 1.174879449317113404e-02 1.810192456190454951e-03
1.150000000000000133e+00 1.255451835111789406e-02 1.830281366617803615e-03
1.180000000000000160e+00 1.569313749664448879e-02 2.202236417041950230e-03
1.210000000000000187e+00 1.428687852745943142e-02 2.615683822598446982e-03
1.240000000000000213e+00 1.482577555738934759e-02 2.416277334435828084e-03
1.270000000000000240e+00 1.400338586134707540e-02 2.543142568863200007e-03
1.300000000000000266e+00 1.534109326414751298e-02 3.211798507479544582e-03
1.330000000000000293e+00 1.493398417431290696e-02 3.566350133259114062e-03
1.360000000000000320e+00 1.555727446396597442e-02 3.630587380616975661e-03
1.390000000000000346e+00 1.563471432345992299e-02 5.269058432453938186e-03
1.420000000000000373e+00 1.616377771791660187e-02 5.514884298618539897e-03
1.450000000000000400e+00 1.714350276432815429e-02 5.366196200119350938e-03
1.480000000000000426e+00 1.831467033496791963e-02 6.165705142041457212e-03
1.510000000000000453e+00 1.737809241089302223e-02 7.257552858492613383e-03
1.540000000000000480e+00 1.801849182549690800e-02 6.666615081323628254e-03
1.570000000000000506e+00 1.713359886031701543e-02 8.700684361625091179e-03
1.600000000000000533e+00 1.575514199644374030e-02 8.937225457051162572e-03
1.630000000000000560e+00 1.554726157814007893e-02 1.088616793270592506e-02
1.660000000000000586e+00 1.809424218744152407e-02 1.222179103598045047e-02
1.690000000000000613e+00 1.500341571024318456e-02 1.338626946324698169e-02
1.720000000000000639e+00 1.163468692925389257e-02 1.550967022813292198e-02
1.750000000000000666e+00 1.248875570227151073e-02 1.381496572203045649e-02
1.780000000000000693e+00 1.238769466682438335e-02 1.757740570383771114e-02
1.810000000000000719e+00 9.532009079204215377e-03 2.033088901282689015e-02
1.840000000000000746e+00 7.295713884512840253e-03 2.196886681148012624e-02
1.870000000000000773e+00 4.053504090567594531e-03 2.319321993205394894e-02
1.900000000000000799e+00 4.648050527033069021e-03 2.531784658555602877e-02
1.930000000000000826e+00 1.577332163702673028e-03 2.668975573366596382e-02
1.960000000000000853e+00 1.115567085518160296e-03 2.413890019154770264e-02
1.990000000000000879e+00 3.837360330059624109e-04 3.550817424501737096e-02
2.020000000000000906e+00 2.827561823093165431e-05 2.426669046746806821e-02
2.050000000000000711e+00 -9.416399251420705645e-04 2.615375230594432082e-02
2.080000000000000959e+00 -3.330234575264932537e-03 2.663436697118854932e-02
2.110000000000001208e+00 -1.730889160761990954e-03 2.779177420920898173e-02
2.140000000000001013e+00 -5.803701856887429587e-03 2.257350845023045269e-02
2.170000000000000817e+00 -5.923855767215160766e-03 2.071934727947232630e-02
2.200000000000001066e+00 -4.253828778573533198e-03 1.985521506191388272e-02
2.230000000000001315e+00 -4.062887979244183406e-03 1.909517786338552764e-02
2.260000000000001119e+00 -2.699734126526505060e-03 1.800356042397442333e-02
2.290000000000000924e+00 -5.076635471461331262e-03 1.716123911694652365e-02
2.320000000000001172e+00 -6.499835402299573676e-03 1.789673640200150143e-02
2.350000000000001421e+00 -4.369363815373727977e-03 1.508969485867480559e-02
2.380000000000001226e+00 -4.395644926653993756e-03 1.747107273639128891e-02
2.410000000000001030e+00 -5.621869688410373669e-03 1.750491294148269136e-02
2.440000000000001279e+00 -4.616949825928673076e-03 1.712425540400730820e-02
2.470000000000001528e+00 -4.729380972085644660e-03 1.549779016176749437e-02
2.500000000000001332e+00 -4.842673718322294471e-03 1.597092038275705131e-02
2.530000000000001137e+00 -4.876930133193778730e-03 1.509777400288134230e-02
2.560000000000001386e+00 -4.197916831038532581e-03 1.384342147200702360e-02
2.590000000000001634e+00 -3.349402687241839847e-03 1.598734176252375461e-02
2.620000000000001439e+00 -3.159697290135977683e-03 1.543183515570026830e-02
2.650000000000001243e+00 -3.330658488525724877e-03 1.520821330745856549e-02
2.680000000000001492e+00 -3.557773569474186742e-03 1.588124873219680031e-02
2.710000000000001741e+00 -2.594236644523698933e-03 1.664009081193695838e-02
2.740000000000001545e+00 -4.874167250362984247e-03 1.651556382508456711e-02
2.770000000000001350e+00 -2.991905083593596019e-03 1.904127580572415393e-02
2.800000000000001599e+00 -3.506116115672313835e-03 1.779756881937178195e-02
2.830000000000001847e+00 -1.795956243130665585e-03 1.966252282099393775e-02
2.860000000000001652e+00 -2.170275989993595883e-04 1.823148438044404351e-02
2.890000000000001457e+00 -2.940452174793147487e-03 1.781981154777987492e-02
2.920000000000001705e+00 -1.039718629494622683e-03 1.610922789014099937e-02
2.950000000000001954e+00 8.699599833744572864e-04 1.647237263591234263e-02
2.980000000000001759e+00 -2.302742963558575794e-03 1.627283090591263512e-02
3.010000000000001563e+00 6.489991915848389336e-05 1.639126775283019505e-02
3.040000000000001812e+00 -1.065409139058812768e-04 1.675446470489040315e-02
3.070000000000002061e+00 -5.267942652157802438e-04 1.454153687626751242e-02
3.100000000000001865e+00 -2.219270220273494995e-04 1.346674640530187012e-02
3.130000000000001670e+00 1.005257788616688514e-03 1.470277752467794886e-02
3.160000000000001918e+00 -2.296444806573752961e-04 1.346798708880723311e-02
3.190000000000002167e+00 5.262845971810502883e-04 1.573496336052841379e-02
