# res(1/A),AA_denss/AA_denss_0_aligned,AA_denss/AA_denss_1_aligned,AA_denss/AA_denss_2_aligned,AA_denss/AA_denss_3_aligned,AA_denss/AA_denss_4_aligned,AA_denss/AA_denss_5_aligned,AA_denss/AA_denss_6_aligned,AA_denss/AA_denss_7_aligned,AA_denss/AA_denss_8_aligned,AA_denss/AA_denss_9_aligned,AA_denss/AA_denss_10_aligned,AA_denss/AA_denss_11_aligned,AA_denss/AA_denss_12_aligned,AA_denss/AA_denss_13_aligned,AA_denss/AA_denss_14_aligned,AA_denss/AA_denss_15_aligned,AA_denss/AA_denss_16_aligned,AA_denss/AA_denss_17_aligned,AA_denss/AA_denss_18_aligned,AA_denss/AA_denss_19_aligned
0.00000e+00 1.00000e+00 1.00000e+00 1.00000e+00 1.00000e+00 1.00000e+00 1.00000e+00 1.00000e+00 1.00000e+00 1.00000e+00 1.00000e+00 1.00000e+00 1.00000e+00 1.00000e+00 1.00000e+00 1.00000e+00 1.00000e+00 1.00000e+00 1.00000e+00 1.00000e+00 1.00000e+00
1.99944e-03 9.99941e-01 9.99679e-01 9.98499e-01 9.97276e-01 9.99492e-01 9.98150e-01 9.96885e-01 9.98222e-01 9.99269e-01 9.97169e-01 9.99752e-01 9.97494e-01 9.98860e-01 9.99633e-01 9.97035e-01 9.98373e-01 9.98468e-01 9.99894e-01 9.99561e-01 9.97172e-01
3.99889e-03 9.99650e-01 9.99035e-01 9.96038e-01 9.92827e-01 9.98633e-01 9.95620e-01 9.93083e-01 9.95142e-01 9.98064e-01 9.91676e-01 9.99178e-01 9.94120e-01 9.95603e-01 9.98714e-01 9.91383e-01 9.96245e-01 9.95989e-01 9.99635e-01 9.98324e-01 9.91407e-01
5.99833e-03 9.98370e-01 9.97455e-01 9.92402e-01 9.87399e-01 9.96745e-01 9.93062e-01 9.90676e-01 9.90526e-01 9.96069e-01 9.82259e-01 9.97946e-01 9.90326e-01 9.86817e-01 9.96330e-01 9.82098e-01 9.94422e-01 9.92308e-01 9.98859e-01 9.94746e-01 9.79019e-01
7.99777e-03 9.94662e-01 9.93743e-01 9.87538e-01 9.81538e-01 9.90832e-01 9.89918e-01 9.89792e-01 9.84885e-01 9.92496e-01 9.68103e-01 9.95523e-01 9.83711e-01 9.69339e-01 9.91611e-01 9.67584e-01 9.91367e-01 9.86097e-01 9.96596e-01 9.86103e-01 9.53404e-01
9.99721e-03 9.86186e-01 9.85857e-01 9.77850e-01 9.73899e-01 9.76569e-01 9.81781e-01 9.87261e-01 9.77140e-01 9.85153e-01 9.48557e-01 9.91368e-01 9.68412e-01 9.43436e-01 9.83144e-01 9.47889e-01 9.82637e-01 9.71989e-01 9.91059e-01 9.68526e-01 9.05980e-01
1.19967e-02 9.75171e-01 9.73144e-01 9.59789e-01 9.62236e-01 9.53364e-01 9.62724e-01 9.77942e-01 9.68028e-01 9.71142e-01 9.25846e-01 9.84944e-01 9.44897e-01 9.19139e-01 9.73150e-01 9.20404e-01 9.63726e-01 9.45415e-01 9.80446e-01 9.43294e-01 8.54475e-01
1.39961e-02 9.64382e-01 9.58066e-01 9.30214e-01 9.45931e-01 9.27778e-01 9.31599e-01 9.58513e-01 9.54324e-01 9.50850e-01 9.01909e-01 9.76905e-01 9.20362e-01 9.08259e-01 9.62498e-01 8.90898e-01 9.34975e-01 8.99129e-01 9.65505e-01 9.17474e-01 8.06183e-01
1.59955e-02 9.56397e-01 9.37219e-01 8.87476e-01 9.18930e-01 9.03459e-01 8.87544e-01 9.22264e-01 9.34214e-01 9.21260e-01 8.73389e-01 9.66634e-01 8.92283e-01 9.07245e-01 9.44555e-01 8.51102e-01 8.97721e-01 8.34726e-01 9.43709e-01 8.93996e-01 7.80938e-01
1.79950e-02 9.48949e-01 9.09673e-01 8.38681e-01 8.83336e-01 8.82220e-01 8.34947e-01 8.65718e-01 9.02401e-01 8.81221e-01 8.40485e-01 9.54867e-01 8.53376e-01 9.03668e-01 9.15535e-01 8.02613e-01 8.51524e-01 7.58545e-01 9.16627e-01 8.76091e-01 7.72707e-01
1.99944e-02 9.31408e-01 8.73135e-01 7.87003e-01 8.30598e-01 8.63907e-01 7.78466e-01 8.02329e-01 8.58113e-01 8.37474e-01 8.05478e-01 9.43762e-01 7.99905e-01 8.82384e-01 8.76998e-01 7.54450e-01 7.89732e-01 6.84207e-01 8.85936e-01 8.56786e-01 7.64662e-01
2.19939e-02 8.94542e-01 8.23407e-01 7.22398e-01 7.64894e-01 8.33939e-01 7.03219e-01 7.29563e-01 7.87014e-01 7.80011e-01 7.66685e-01 9.22685e-01 7.11635e-01 8.30329e-01 8.22862e-01 6.87449e-01 7.18159e-01 6.11210e-01 8.38528e-01 8.20086e-01 7.37145e-01
2.39933e-02 8.47349e-01 7.80338e-01 6.70961e-01 6.93381e-01 8.08289e-01 6.40655e-01 6.59808e-01 7.11805e-01 7.40178e-01 7.38894e-01 9.04758e-01 6.32974e-01 7.62018e-01 7.78411e-01 6.43020e-01 6.36373e-01 5.63242e-01 7.95672e-01 7.79572e-01 7.01588e-01
2.59928e-02 7.85565e-01 7.24581e-01 6.13752e-01 6.21605e-01 7.85366e-01 5.80306e-01 5.64222e-01 6.22110e-01 7.10080e-01 7.26366e-01 8.75216e-01 5.55160e-01 6.98623e-01 7.19983e-01 6.01031e-01 5.57230e-01 5.05052e-01 7.48872e-01 7.19408e-01 6.49372e-01
2.79922e-02 7.37319e-01 6.84242e-01 5.54578e-01 5.61906e-01 7.67728e-01 5.24748e-01 4.86923e-01 5.41726e-01 6.96052e-01 7.14017e-01 8.46821e-01 4.91633e-01 6.39984e-01 6.67891e-01 5.71587e-01 4.92041e-01 4.67700e-01 7.05914e-01 6.73316e-01 6.11422e-01
2.99916e-02 6.98524e-01 6.41764e-01 5.04663e-01 5.07722e-01 7.56876e-01 4.77412e-01 4.01241e-01 4.63549e-01 6.92556e-01 6.96494e-01 8.07859e-01 4.46406e-01 5.99313e-01 6.10303e-01 5.45954e-01 4.36385e-01 4.38100e-01 6.62703e-01 6.41128e-01 5.80761e-01
3.19911e-02 6.69780e-01 5.97097e-01 4.56583e-01 4.50935e-01 7.44142e-01 4.22318e-01 3.06367e-01 4.03838e-01 6.83507e-01 6.71412e-01 7.62164e-01 3.89944e-01 5.66009e-01 5.40516e-01 5.24644e-01 3.94622e-01 4.05885e-01 6.41490e-01 6.03639e-01 5.48429e-01
3.39905e-02 6.50040e-01 5.71302e-01 4.23742e-01 3.92062e-01 7.26407e-01 3.61938e-01 2.26114e-01 3.60348e-01 6.65075e-01 6.51684e-01 7.18378e-01 3.47266e-01 5.31038e-01 4.79509e-01 4.98990e-01 3.40074e-01 4.08717e-01 5.95533e-01 5.90669e-01 5.07139e-01
3.59900e-02 6.37691e-01 5.45787e-01 3.85666e-01 3.44707e-01 7.12099e-01 3.01749e-01 1.47016e-01 3.26310e-01 6.48637e-01 6.27095e-01 6.73411e-01 3.04117e-01 4.87053e-01 4.23779e-01 4.75978e-01 3.09134e-01 3.95145e-01 5.78064e-01 5.67732e-01 4.80994e-01
3.79894e-02 6.32197e-01 5.32945e-01 3.52538e-01 3.04141e-01 6.96309e-01 2.52705e-01 7.62921e-02 3.12756e-01 6.29608e-01 6.06046e-01 6.38973e-01 2.80958e-01 4.58912e-01 3.78401e-01 4.42688e-01 2.72981e-01 4.05475e-01 5.42751e-01 5.37824e-01 4.51398e-01
3.99889e-02 6.26059e-01 5.16875e-01 3.05241e-01 2.66208e-01 6.67246e-01 2.12927e-01 4.32616e-02 2.93647e-01 6.14633e-01 5.86820e-01 6.10930e-01 2.69887e-01 4.24915e-01 3.44937e-01 4.03896e-01 2.39430e-01 4.12644e-01 4.98632e-01 5.05118e-01 4.17137e-01
4.19883e-02 6.13486e-01 4.99335e-01 2.52464e-01 2.18161e-01 6.11986e-01 1.70731e-01 1.75821e-02 2.87903e-01 5.94132e-01 5.62547e-01 5.88401e-01 2.73186e-01 3.85298e-01 3.20439e-01 3.55215e-01 1.94393e-01 4.28666e-01 4.47071e-01 4.51442e-01 3.71021e-01
4.39877e-02 6.06093e-01 4.60209e-01 2.05570e-01 1.58590e-01 5.52616e-01 1.39012e-01 1.08875e-02 2.79506e-01 5.56325e-01 5.33526e-01 5.62785e-01 2.82604e-01 3.45789e-01 2.89894e-01 3.23406e-01 1.46095e-01 4.23129e-01 3.95953e-01 3.96736e-01 3.28404e-01
4.59872e-02 5.85164e-01 4.07773e-01 1.55063e-01 8.89313e-02 4.82362e-01 1.02721e-01 -5.79157e-03 2.78841e-01 4.95682e-01 5.04023e-01 5.21320e-01 2.86816e-01 2.90740e-01 2.71859e-01 2.83741e-01 9.31487e-02 4.08100e-01 3.59090e-01 3.43437e-01 2.80560e-01
4.79866e-02 5.72345e-01 3.57791e-01 1.23495e-01 1.74003e-02 4.15491e-01 8.40100e-02 -1.95011e-02 2.76957e-01 4.01360e-01 4.84829e-01 4.63125e-01 2.91689e-01 2.43360e-01 2.57305e-01 2.51173e-01 4.60713e-02 3.83818e-01 3.37155e-01 2.95603e-01 2.36585e-01
4.99861e-02 5.56202e-01 3.02195e-01 1.01745e-01 -5.22358e-02 3.49515e-01 6.82327e-02 -2.77227e-02 2.56468e-01 3.02836e-01 4.57004e-01 3.87125e-01 2.77696e-01 1.98086e-01 2.74453e-01 2.02851e-01 -7.82657e-04 3.46226e-01 3.36195e-01 2.51010e-01 1.61433e-01
5.19855e-02 5.42210e-01 2.54308e-01 9.85771e-02 -1.19793e-01 2.90691e-01 6.31810e-02 -4.92161e-02 2.33111e-01 2.03380e-01 4.29770e-01 3.35593e-01 2.55002e-01 1.66821e-01 2.81242e-01 1.62935e-01 -3.41495e-02 3.17008e-01 3.26217e-01 2.06553e-01 8.67376e-02
5.39850e-02 5.23989e-01 2.15335e-01 1.00404e-01 -1.62758e-01 2.32169e-01 4.74489e-02 -5.69724e-02 1.96439e-01 1.09796e-01 3.95399e-01 2.87721e-01 2.14531e-01 1.62489e-01 2.94530e-01 1.18240e-01 -6.61484e-02 2.92175e-01 3.14547e-01 1.62748e-01 2.46581e-02
5.59844e-02 5.00885e-01 1.72064e-01 1.22116e-01 -1.71395e-01 1.71370e-01 3.15623e-02 -6.68067e-02 1.61957e-01 4.10582e-02 3.60258e-01 2.49046e-01 1.75500e-01 1.73669e-01 2.95100e-01 8.02932e-02 -8.40166e-02 2.50283e-01 2.91864e-01 1.13276e-01 -8.67815e-03
5.79838e-02 4.76939e-01 1.38399e-01 1.46979e-01 -1.84035e-01 1.35999e-01 4.25078e-02 -7.23041e-02 1.25071e-01 -3.42958e-02 3.27636e-01 2.22369e-01 1.42957e-01 1.87383e-01 2.76213e-01 6.52581e-02 -9.76570e-02 2.06451e-01 2.69714e-01 7.93479e-02 -2.14092e-02
5.99833e-02 4.54220e-01 9.12789e-02 1.90943e-01 -1.74158e-01 1.01077e-01 2.99172e-02 -8.00334e-02 1.11139e-01 -8.31870e-02 2.92816e-01 1.86234e-01 1.17938e-01 1.90313e-01 2.67841e-01 4.31990e-02 -1.05068e-01 1.57261e-01 2.46639e-01 5.08790e-02 -3.50322e-02
