# res(1/A),WT_denss/WT_denss_0_aligned,WT_denss/WT_denss_1_aligned,WT_denss/WT_denss_2_aligned,WT_denss/WT_denss_3_aligned,WT_denss/WT_denss_4_aligned,WT_denss/WT_denss_5_aligned,WT_denss/WT_denss_6_aligned,WT_denss/WT_denss_7_aligned,WT_denss/WT_denss_8_aligned,WT_denss/WT_denss_9_aligned,WT_denss/WT_denss_10_aligned,WT_denss/WT_denss_11_aligned,WT_denss/WT_denss_12_aligned,WT_denss/WT_denss_13_aligned,WT_denss/WT_denss_14_aligned,WT_denss/WT_denss_15_aligned,WT_denss/WT_denss_16_aligned,WT_denss/WT_denss_17_aligned,WT_denss/WT_denss_18_aligned,WT_denss/WT_denss_19_aligned
0.00000e+00 1.00000e+00 1.00000e+00 1.00000e+00 1.00000e+00 1.00000e+00 1.00000e+00 1.00000e+00 1.00000e+00 1.00000e+00 1.00000e+00 1.00000e+00 1.00000e+00 1.00000e+00 1.00000e+00 1.00000e+00 1.00000e+00 1.00000e+00 1.00000e+00 1.00000e+00 1.00000e+00
3.63402e-03 9.98881e-01 9.97564e-01 9.98472e-01 9.98959e-01 9.99421e-01 9.94625e-01 9.98716e-01 9.85361e-01 9.97501e-01 9.93570e-01 9.98364e-01 9.99506e-01 9.99526e-01 9.98385e-01 9.98439e-01 9.99042e-01 9.99896e-01 9.99882e-01 9.93269e-01 9.98427e-01
7.26804e-03 9.96394e-01 9.93916e-01 9.94479e-01 9.97816e-01 9.97882e-01 9.84684e-01 9.95037e-01 9.59369e-01 9.87836e-01 9.83057e-01 9.93690e-01 9.97908e-01 9.98089e-01 9.94118e-01 9.92990e-01 9.95654e-01 9.99256e-01 9.98870e-01 9.79852e-01 9.95260e-01
1.09021e-02 9.92251e-01 9.86731e-01 9.85093e-01 9.91145e-01 9.92327e-01 9.71499e-01 9.82719e-01 9.30726e-01 9.56838e-01 9.72559e-01 9.81599e-01 9.92760e-01 9.93813e-01 9.83779e-01 9.73855e-01 9.85199e-01 9.96687e-01 9.94439e-01 9.55701e-01 9.89679e-01
1.45361e-02 9.87641e-01 9.70819e-01 9.69102e-01 9.68265e-01 9.77529e-01 9.58682e-01 9.55596e-01 9.07594e-01 8.93513e-01 9.68849e-01 9.58073e-01 9.80790e-01 9.82865e-01 9.66922e-01 9.32190e-01 9.65086e-01 9.89048e-01 9.84130e-01 9.24270e-01 9.82592e-01
1.81701e-02 9.82957e-01 9.43966e-01 9.40883e-01 9.38253e-01 9.53669e-01 9.48367e-01 9.18367e-01 8.92105e-01 8.24562e-01 9.69129e-01 9.26477e-01 9.62564e-01 9.66809e-01 9.46538e-01 8.72554e-01 9.39427e-01 9.74295e-01 9.70477e-01 8.85707e-01 9.69462e-01
2.18041e-02 9.73259e-01 9.02043e-01 9.02855e-01 8.94976e-01 9.19649e-01 9.28038e-01 8.75818e-01 8.51767e-01 7.65683e-01 9.59478e-01 8.81436e-01 9.33563e-01 9.34427e-01 9.20797e-01 7.98304e-01 9.14770e-01 9.50135e-01 9.48105e-01 8.26099e-01 9.40643e-01
2.54381e-02 9.54910e-01 8.56008e-01 8.53068e-01 8.16560e-01 8.77549e-01 8.96888e-01 8.29310e-01 7.99466e-01 7.47791e-01 9.41856e-01 8.30076e-01 8.92495e-01 8.97710e-01 8.91775e-01 7.15877e-01 8.89658e-01 9.19385e-01 9.13098e-01 7.53313e-01 8.90677e-01
2.90722e-02 9.26052e-01 8.09393e-01 8.04045e-01 6.82646e-01 8.25155e-01 8.61246e-01 7.91314e-01 7.48267e-01 7.47385e-01 9.14201e-01 7.73650e-01 8.52870e-01 8.63195e-01 8.69281e-01 6.28612e-01 8.67381e-01 8.82453e-01 8.73248e-01 6.68933e-01 8.31962e-01
3.27062e-02 8.92768e-01 7.67298e-01 7.43284e-01 5.94571e-01 7.68298e-01 8.27687e-01 7.49292e-01 6.71370e-01 7.36677e-01 8.81462e-01 7.26340e-01 8.14621e-01 8.15699e-01 8.49050e-01 5.61616e-01 8.37125e-01 8.38783e-01 8.30843e-01 5.82292e-01 7.82684e-01
3.63402e-02 8.49353e-01 7.15009e-01 6.94121e-01 5.71177e-01 6.88479e-01 7.89892e-01 7.14671e-01 5.76632e-01 6.82582e-01 8.35638e-01 6.64762e-01 7.73599e-01 7.55949e-01 8.16597e-01 5.14600e-01 7.94786e-01 7.86506e-01 7.76009e-01 5.09393e-01 7.31405e-01
3.99742e-02 8.00983e-01 6.86752e-01 6.41926e-01 5.95620e-01 6.02832e-01 7.34566e-01 6.60880e-01 4.64147e-01 6.04143e-01 7.91131e-01 6.10917e-01 7.39541e-01 6.66664e-01 7.59722e-01 4.91052e-01 7.30533e-01 7.17317e-01 7.36709e-01 4.97447e-01 6.74356e-01
4.36082e-02 7.32916e-01 6.24964e-01 5.58832e-01 5.71650e-01 4.95735e-01 6.61069e-01 6.07357e-01 3.82883e-01 4.93661e-01 7.22613e-01 5.21652e-01 6.80634e-01 5.85586e-01 6.73125e-01 4.95032e-01 6.31749e-01 6.54179e-01 6.56448e-01 5.06455e-01 6.14034e-01
4.72423e-02 6.74624e-01 5.82482e-01 3.94688e-01 5.41417e-01 3.95791e-01 5.53146e-01 5.50036e-01 3.48453e-01 4.11983e-01 6.64771e-01 4.35455e-01 6.10270e-01 4.83295e-01 5.46692e-01 5.23922e-01 5.32105e-01 6.00496e-01 5.95111e-01 5.18203e-01 5.76357e-01
5.08763e-02 6.23029e-01 5.46449e-01 2.11679e-01 4.84163e-01 2.73147e-01 4.15839e-01 4.99308e-01 3.12016e-01 3.37118e-01 5.95508e-01 3.81568e-01 5.32282e-01 3.89483e-01 4.16377e-01 5.05222e-01 4.34479e-01 5.28193e-01 5.47538e-01 4.44569e-01 5.50074e-01
5.45103e-02 5.99860e-01 5.02265e-01 9.32368e-02 4.06948e-01 1.48979e-01 2.88149e-01 4.87435e-01 2.86550e-01 2.79018e-01 5.32471e-01 3.27746e-01 4.61569e-01 3.20527e-01 3.27304e-01 4.54934e-01 3.57698e-01 4.49008e-01 5.52269e-01 3.62252e-01 5.26868e-01
5.81443e-02 5.63458e-01 4.58830e-01 8.27050e-02 3.12611e-01 5.17218e-02 1.98484e-01 4.56517e-01 2.61374e-01 2.05202e-01 4.59149e-01 2.81634e-01 4.05305e-01 3.02816e-01 2.72332e-01 3.78230e-01 3.15327e-01 3.74540e-01 5.59473e-01 3.13401e-01 4.74325e-01
6.17783e-02 5.23210e-01 3.56181e-01 7.78875e-02 2.36351e-01 2.19550e-02 1.72334e-01 4.09250e-01 2.49453e-01 1.42527e-01 3.91133e-01 2.48924e-01 4.02215e-01 3.09461e-01 2.63719e-01 2.95733e-01 3.02376e-01 3.14626e-01 5.41565e-01 2.52597e-01 4.24954e-01
6.54124e-02 4.62800e-01 2.52133e-01 1.07321e-01 1.91425e-01 3.75144e-03 1.60046e-01 3.16631e-01 2.12860e-01 1.34977e-01 3.29163e-01 2.37080e-01 4.04020e-01 3.22430e-01 2.66972e-01 2.33037e-01 3.16232e-01 2.63541e-01 5.31775e-01 1.87493e-01 3.60092e-01
6.90464e-02 4.14260e-01 1.61648e-01 1.39377e-01 1.47565e-01 1.13198e-02 1.44414e-01 2.80268e-01 1.76644e-01 1.37303e-01 2.90794e-01 2.58097e-01 4.26392e-01 3.13298e-01 2.74922e-01 1.96771e-01 3.29809e-01 2.13995e-01 5.06480e-01 1.39402e-01 3.16561e-01
7.26804e-02 3.69812e-01 1.13255e-01 1.84315e-01 1.17228e-01 5.59112e-02 1.21707e-01 2.06430e-01 1.36792e-01 1.42324e-01 2.59291e-01 2.63420e-01 4.12736e-01 2.90858e-01 2.77276e-01 1.44687e-01 3.47091e-01 1.84549e-01 4.33412e-01 9.03183e-02 2.82534e-01
7.63144e-02 3.49145e-01 8.47102e-02 1.97723e-01 1.19964e-01 1.18472e-01 1.03130e-01 1.51616e-01 1.09470e-01 1.50037e-01 2.53475e-01 2.58126e-01 3.86661e-01 2.54327e-01 2.50117e-01 1.22223e-01 3.40013e-01 1.72438e-01 3.58465e-01 4.74113e-02 2.72877e-01
7.99484e-02 3.40851e-01 8.96363e-02 1.86779e-01 1.21735e-01 1.63403e-01 6.68967e-02 1.11670e-01 6.33964e-02 1.84703e-01 2.55156e-01 2.17380e-01 3.36333e-01 1.98699e-01 2.08031e-01 1.14037e-01 2.97754e-01 1.72914e-01 3.01840e-01 -4.95773e-03 2.82097e-01
8.35825e-02 3.47827e-01 1.22319e-01 1.56565e-01 1.02558e-01 2.07723e-01 4.18694e-02 8.26582e-02 3.92474e-02 2.25080e-01 2.71195e-01 1.82925e-01 2.86013e-01 1.42817e-01 1.83559e-01 1.09850e-01 2.40625e-01 1.87873e-01 2.47127e-01 -4.66811e-02 2.81523e-01
8.72165e-02 3.69511e-01 1.88070e-01 1.20108e-01 9.19283e-02 2.32834e-01 9.45514e-03 2.97426e-02 5.00782e-02 2.58543e-01 2.46252e-01 1.37688e-01 2.34106e-01 8.51648e-02 1.51594e-01 9.48829e-02 2.09884e-01 1.86595e-01 2.12578e-01 -5.85624e-02 2.79794e-01
9.08505e-02 3.71855e-01 2.60083e-01 9.78109e-02 1.01832e-01 2.51146e-01 -1.09340e-02 1.16086e-02 7.65867e-02 2.94743e-01 1.97331e-01 9.07816e-02 2.04281e-01 2.07272e-02 1.14868e-01 8.36624e-02 1.85278e-01 1.81597e-01 2.34877e-01 -6.82158e-02 2.70778e-01
9.44845e-02 3.48478e-01 2.96278e-01 9.50910e-02 1.34827e-01 2.58540e-01 1.24488e-02 3.30831e-02 5.12773e-02 2.99851e-01 1.33553e-01 6.99839e-02 2.06811e-01 -1.08811e-02 8.42046e-02 7.76216e-02 1.39547e-01 1.78956e-01 2.60412e-01 -5.47983e-02 2.22508e-01
9.81185e-02 3.19547e-01 3.13363e-01 7.44342e-02 1.35071e-01 2.64668e-01 3.65195e-02 7.20381e-02 -2.23399e-03 3.02870e-01 9.59537e-02 6.18016e-02 2.42469e-01 -1.74887e-02 8.98489e-02 9.01361e-02 8.87776e-02 1.75697e-01 2.48441e-01 -4.68987e-02 1.33895e-01
1.01753e-01 3.06451e-01 3.23093e-01 7.51788e-02 1.50093e-01 2.66209e-01 -1.99540e-02 1.54613e-01 -5.11208e-02 2.98364e-01 3.30660e-02 -5.09198e-03 2.59608e-01 -1.51031e-02 7.62312e-02 1.05993e-01 5.33003e-02 1.35710e-01 2.66399e-01 -7.17268e-02 9.58389e-02
1.05387e-01 2.97007e-01 3.22929e-01 9.16527e-02 1.74515e-01 2.73749e-01 -8.52869e-02 2.19982e-01 -7.24293e-02 2.76593e-01 1.57066e-02 -6.05879e-02 2.65012e-01 5.19085e-03 4.73606e-02 1.17612e-01 3.82661e-02 1.09241e-01 2.77271e-01 -1.03321e-01 7.02727e-02
1.09021e-01 3.04177e-01 2.75108e-01 8.55466e-02 1.47853e-01 2.82218e-01 -9.32324e-02 1.90120e-01 -4.93379e-02 2.66245e-01 6.13750e-02 -4.08279e-02 2.51389e-01 3.75512e-03 2.66996e-02 1.01301e-01 2.00418e-02 1.74619e-01 2.28792e-01 -1.10285e-01 -1.08627e-02
1.12655e-01 2.96065e-01 2.25552e-01 5.68431e-02 1.25136e-01 2.55317e-01 -1.00146e-01 1.49755e-01 -1.35846e-02 2.61902e-01 8.43233e-02 7.51193e-03 2.16715e-01 -2.69647e-02 4.02637e-02 9.07907e-02 -1.18166e-02 2.38163e-01 1.50143e-01 -8.55308e-02 -6.73598e-02
