# q_A^-1 I sigma_shared_background
5.000000000000000104e-03 4.460895883546038831e+00 3.849162813979783326e+00
6.000000000000000125e-03 4.837572738094001679e+00 1.754946963771337520e+00
7.000000000000000146e-03 4.239389049913555141e+00 8.538932871057702823e-01
8.000000000000000167e-03 4.347404878765300573e+00 4.651596007280120459e-01
9.000000000000001055e-03 4.126715393599864612e+00 2.941107160230984063e-01
1.000000000000000021e-02 3.928286158129838945e+00 2.114465636594760056e-01
1.099999999999999936e-02 3.966087266836173075e+00 1.661155933235747006e-01
1.200000000000000025e-02 4.125607870459367277e+00 1.322888713509949299e-01
1.300000000000000114e-02 4.018153675776436451e+00 1.117170897085361936e-01
1.400000000000000203e-02 3.890457815131601382e+00 9.540163092756331897e-02
1.499999999999999944e-02 3.928917725767608449e+00 8.252937463995611844e-02
1.600000000000000033e-02 3.891884023137409887e+00 7.111748711590727690e-02
1.700000000000000122e-02 3.823219617634194378e+00 6.405242089677999628e-02
1.800000000000000211e-02 3.841320407972164119e+00 5.744286083366903495e-02
1.899999999999999953e-02 3.715426008765608135e+00 5.331186507310806816e-02
2.000000000000000042e-02 3.659762342569042648e+00 4.855823678708898888e-02
2.100000000000000130e-02 3.619921765251521428e+00 4.552808208520510436e-02
2.200000000000000219e-02 3.554748860858176318e+00 4.306696253371680716e-02
2.300000000000000308e-02 3.495025818327902378e+00 3.993283385434820421e-02
2.400000000000000050e-02 3.473792996594887494e+00 3.796812204895298054e-02
2.500000000000000139e-02 3.433946943396462892e+00 3.661629258671728754e-02
2.600000000000000228e-02 3.377891466807616538e+00 3.481541573790761929e-02
2.699999999999999969e-02 3.334649117017679743e+00 3.341682047456793342e-02
2.800000000000000058e-02 3.235278870214173708e+00 3.143792113788204667e-02
2.900000000000000147e-02 3.167772037423117748e+00 3.095720986655530957e-02
3.000000000000000236e-02 3.108639484514677420e+00 2.996367997129417010e-02
3.100000000000000325e-02 3.102512432615287086e+00 2.880028227658390158e-02
3.200000000000000067e-02 3.006969983513599232e+00 2.766715249402411023e-02
3.300000000000000155e-02 2.965661447744986301e+00 2.718515393877479758e-02
3.400000000000000244e-02 2.853566601568430006e+00 2.661277348366523562e-02
3.499999999999999639e-02 2.801237304276118056e+00 2.562619894130608450e-02
3.599999999999999728e-02 2.766686561964782687e+00 2.522327713601690488e-02
3.699999999999999817e-02 2.701693827821773919e+00 2.447446348463684640e-02
3.799999999999999906e-02 2.649687896366609952e+00 2.406779539860376405e-02
3.899999999999999994e-02 2.567233647343655889e+00 2.335994539404823503e-02
4.000000000000000083e-02 2.539385828536314005e+00 2.296945156556342432e-02
4.100000000000000172e-02 2.467314804081333968e+00 2.236608044682076440e-02
4.199999999999999567e-02 2.400134490738106585e+00 2.215303040823981412e-02
4.299999999999999656e-02 2.366219445428311197e+00 2.154169571243810810e-02
4.399999999999999745e-02 2.295282603516584530e+00 2.119376957595592997e-02
4.499999999999999833e-02 2.243662200854114275e+00 2.083224198730885060e-02
4.599999999999999922e-02 2.227449692417393212e+00 2.032535726151631431e-02
4.700000000000000011e-02 2.149225507304187488e+00 1.993589838651283613e-02
4.800000000000000100e-02 2.093473314840142319e+00 1.970358079106475022e-02
4.899999999999999495e-02 2.055493233307137402e+00 1.936014320707659525e-02
5.000000000000000278e-02 1.998452075428634345e+00 1.924108265179950636e-02
5.200000000000000455e-02 1.890557376776556664e+00 1.297681306684904737e-02
5.400000000000000633e-02 1.818850365703660543e+00 1.268434684250935827e-02
5.600000000000000810e-02 1.715779863779163694e+00 1.267917164765616604e-02
5.800000000000000988e-02 1.645187482164064630e+00 1.271327947952330048e-02
6.000000000000001166e-02 1.590024801649620345e+00 1.254482809710262374e-02
6.200000000000001343e-02 1.491461647347718467e+00 1.185458077109594922e-02
6.400000000000001521e-02 1.434924196006635455e+00 1.157415257231184103e-02
6.600000000000001699e-02 1.365995803526108388e+00 1.119369375383925079e-02
6.800000000000001876e-02 1.288038321491424609e+00 1.087692202942650878e-02
7.000000000000002054e-02 1.236566616897535331e+00 1.066929159141899626e-02
7.200000000000002232e-02 1.184772974405075674e+00 1.053306332050545774e-02
7.400000000000002409e-02 1.138939307658391353e+00 1.046501095915366303e-02
7.600000000000002587e-02 1.090601501552045605e+00 1.018236247273815280e-02
7.800000000000002764e-02 1.024661446892598526e+00 1.006484864214859595e-02
8.000000000000002942e-02 1.007082107443464158e+00 1.016697252067635775e-02
8.200000000000003120e-02 9.488183797557306898e-01 1.010161965432482614e-02
8.400000000000003297e-02 9.103255038977470237e-01 9.735907352440882276e-03
8.600000000000003475e-02 8.914055048010838256e-01 9.508804208774998198e-03
8.800000000000003653e-02 8.517440554825171928e-01 9.570614178140250672e-03
9.000000000000003830e-02 8.207084570749793029e-01 9.553115950709647336e-03
9.200000000000004008e-02 7.935322509123442503e-01 9.428231365136268902e-03
9.400000000000004186e-02 7.570690226302640990e-01 9.355342877204183422e-03
9.600000000000004363e-02 7.225978199187541584e-01 9.346321978315077703e-03
9.800000000000004541e-02 6.926851202006316655e-01 9.286150012038675572e-03
1.000000000000000056e-01 6.695592805227005284e-01 9.189712706511175139e-03
1.050000000000000100e-01 6.215701338995068825e-01 5.671123462645078633e-03
1.100000000000000144e-01 5.660867406240535082e-01 5.527501321521326692e-03
1.150000000000000189e-01 5.312460583706609674e-01 5.390146337953876862e-03
1.200000000000000233e-01 4.711864115692269706e-01 5.288884096320896344e-03
1.250000000000000278e-01 4.474692974033895321e-01 5.341201622682485717e-03
1.300000000000000322e-01 4.170484923037456326e-01 5.359962981716823519e-03
1.350000000000000366e-01 3.939909741794695996e-01 5.150734676389222971e-03
1.400000000000000411e-01 3.626568852938493182e-01 5.057987120259224353e-03
1.450000000000000455e-01 3.382201049122626202e-01 4.971595253932185703e-03
1.500000000000000500e-01 3.233272962160289032e-01 5.146585457320791875e-03
1.550000000000000544e-01 2.967473816697155375e-01 5.174988790109733006e-03
1.600000000000000588e-01 2.796380058902456778e-01 5.195631219944601628e-03
1.650000000000000633e-01 2.666764648743583654e-01 5.239356379050865049e-03
1.700000000000000677e-01 2.419012901248784597e-01 5.254836167998226150e-03
1.750000000000000722e-01 2.391103663086736053e-01 5.209304325231645105e-03
1.800000000000000766e-01 2.251582480523226792e-01 4.537173398660005429e-03
1.850000000000000810e-01 2.132276170565796658e-01 4.471351998501709411e-03
1.900000000000000855e-01 1.997501574472997643e-01 4.373233775650940854e-03
1.950000000000000899e-01 1.930793123437040959e-01 4.309782970747005199e-03
2.000000000000000944e-01 1.905079124986471528e-01 4.501128839483382188e-03
2.050000000000000988e-01 1.777458086983030316e-01 4.544559405586165446e-03
2.100000000000001033e-01 1.691600587999869121e-01 4.480390099337092265e-03
2.150000000000001077e-01 1.651695993819599084e-01 4.518038220568392806e-03
2.200000000000001121e-01 1.569379780847960371e-01 4.399984521732987555e-03
2.250000000000001166e-01 1.508935967424928359e-01 4.404386329973631470e-03
2.300000000000001210e-01 1.483866935060681180e-01 4.231728007833444535e-03
2.350000000000001255e-01 1.438289209090139742e-01 4.539185381010279151e-03
2.400000000000001299e-01 1.347594314251362446e-01 4.838044459176276541e-03
2.450000000000001343e-01 1.352631238679607995e-01 4.621208649691869660e-03
2.500000000000001110e-01 1.253748644575901905e-01 4.852328139991736455e-03
2.550000000000001155e-01 1.283881179958889507e-01 4.770872256324209040e-03
2.600000000000001199e-01 1.183618503792298743e-01 5.101071256496322003e-03
2.650000000000001243e-01 1.087660545930129730e-01 4.829359450528518220e-03
2.700000000000001288e-01 1.165301286734204411e-01 5.081403863015234758e-03
2.750000000000001332e-01 1.146469214898823835e-01 4.891333188945632023e-03
2.800000000000001377e-01 1.121761136399103687e-01 4.968163334021192916e-03
2.850000000000001421e-01 1.022577045702148107e-01 4.944748129310554997e-03
2.900000000000001465e-01 9.966465188364617700e-02 4.728525977192040743e-03
2.950000000000001510e-01 9.852833167796341829e-02 4.653707221327437263e-03
3.000000000000001554e-01 9.557005009826656516e-02 4.869527911908170734e-03
3.050000000000001599e-01 9.444075652727777770e-02 4.890049968974627577e-03
3.100000000000001643e-01 9.165610924688949446e-02 4.789725020416625741e-03
3.150000000000001688e-01 9.266186981531573941e-02 4.718396686627619914e-03
3.200000000000001732e-01 8.969952712583081911e-02 4.691746663343282324e-03
3.250000000000001776e-01 8.975785327896025623e-02 4.609097740811931264e-03
3.300000000000001821e-01 8.353690583474997211e-02 4.483915542996270986e-03
3.350000000000001865e-01 8.419606595209312705e-02 4.596927045093490358e-03
3.400000000000001910e-01 8.033671648095104534e-02 4.316448773320862714e-03
3.450000000000001954e-01 7.962478757092451842e-02 4.508409515956145544e-03
3.500000000000001998e-01 7.524125747571371037e-02 4.213416935048515388e-03
3.550000000000002043e-01 8.147692111501685097e-02 4.399799710825439553e-03
3.600000000000002087e-01 7.440373302803485189e-02 4.399219356147875300e-03
3.650000000000002132e-01 7.502365116716747107e-02 4.277776322893197050e-03
3.700000000000002176e-01 7.263828480141718003e-02 4.342033058168165947e-03
3.750000000000002220e-01 7.534742301594749003e-02 4.343901019901055469e-03
3.800000000000002265e-01 6.975251650516629820e-02 4.381124215853074259e-03
3.850000000000002309e-01 7.265925788491615911e-02 4.039499274981992252e-03
3.900000000000002354e-01 6.889079214093472847e-02 4.498661247326663642e-03
3.950000000000002398e-01 7.083989654732419927e-02 4.374725173086873274e-03
4.000000000000002442e-01 6.751680072498769669e-02 4.232077010191670312e-03
4.050000000000002487e-01 6.633533993862654465e-02 3.940280064763628486e-03
4.100000000000002531e-01 6.749274211623464137e-02 3.912757796549063902e-03
4.150000000000002576e-01 6.302136646215387994e-02 3.925565541870320099e-03
4.200000000000002620e-01 6.517175087162578595e-02 3.876576045387652471e-03
4.250000000000002665e-01 6.490035106859354253e-02 4.042725586259613389e-03
4.300000000000002709e-01 6.230322848891955978e-02 3.746434768185508135e-03
4.350000000000002753e-01 6.169634283330954067e-02 3.889778888770661219e-03
4.400000000000002798e-01 6.090726808051291630e-02 3.842024543016820184e-03
4.450000000000002842e-01 6.282113498547212127e-02 3.801890145179796180e-03
4.500000000000002887e-01 6.027483167717598983e-02 3.684935937502037233e-03
4.550000000000002931e-01 5.774615480549451230e-02 3.660720194314907167e-03
4.600000000000002975e-01 5.831395466410436990e-02 3.637626529980093806e-03
4.650000000000003020e-01 5.817771097076786940e-02 3.688822755477444947e-03
4.700000000000003064e-01 6.168789642299650489e-02 3.600850855470969728e-03
4.750000000000003109e-01 5.616109251235808231e-02 3.674360401223414948e-03
4.800000000000003153e-01 5.891345312436920001e-02 3.960158976661595429e-03
4.850000000000003197e-01 5.285238555457753840e-02 4.059841925517111531e-03
4.900000000000003242e-01 5.386012088674464043e-02 3.549460950079856743e-03
4.950000000000003286e-01 5.489008316937563081e-02 3.487689593755160904e-03
5.000000000000000000e-01 5.456435425853153193e-02 3.553863106395411132e-03
5.100000000000000089e-01 5.695750806685927897e-02 2.408627569256497399e-03
5.200000000000000178e-01 5.483054811139528861e-02 2.427212530074883932e-03
5.300000000000000266e-01 5.063104658733375701e-02 2.328323955208492363e-03
5.400000000000000355e-01 5.115818362348595327e-02 2.366609438711305118e-03
5.500000000000000444e-01 4.978624076118356306e-02 2.304800669241669972e-03
5.600000000000000533e-01 5.104286871991924046e-02 2.314573001748464112e-03
5.700000000000000622e-01 4.846070476392692894e-02 2.288595611348258514e-03
5.800000000000000711e-01 4.596583048890132833e-02 2.234311466450593971e-03
5.900000000000000799e-01 4.648004746765807549e-02 2.212156043450772339e-03
6.000000000000000888e-01 4.706824209162218525e-02 2.172243636346134991e-03
6.100000000000000977e-01 4.596168447148400032e-02 2.178441974004784090e-03
6.200000000000001066e-01 4.495142474157051704e-02 2.093852893817150715e-03
6.300000000000001155e-01 4.231402439079488126e-02 2.128888524778251891e-03
6.400000000000001243e-01 4.432392142608448243e-02 2.053120496432633574e-03
6.500000000000001332e-01 4.254477073850598118e-02 2.101899315255227260e-03
6.600000000000001421e-01 4.113747647645116245e-02 2.064142214163539046e-03
6.700000000000001510e-01 4.047178502723999122e-02 2.057069953424547556e-03
6.800000000000001599e-01 4.164686262362442271e-02 2.048073179415619595e-03
6.900000000000001688e-01 4.262319997778168945e-02 2.011460833263454834e-03
7.000000000000001776e-01 3.817917845636536328e-02 1.969577108875557574e-03
7.100000000000001865e-01 3.901710151376842906e-02 2.002704362940163282e-03
7.200000000000001954e-01 3.919261052995125921e-02 1.951192516639694815e-03
7.300000000000002043e-01 3.863732206883749298e-02 1.965867862206188005e-03
7.400000000000002132e-01 3.646851522707171556e-02 1.935643943649948458e-03
7.500000000000002220e-01 3.530382810097597301e-02 1.930807040934599123e-03
7.600000000000002309e-01 3.584118516541166116e-02 1.907165915957904087e-03
7.700000000000002398e-01 3.517897411800906260e-02 1.899986900542009445e-03
7.800000000000002487e-01 3.687514833993746355e-02 1.918118081063960572e-03
7.900000000000002576e-01 3.578087333554228616e-02 1.913993961425086146e-03
8.000000000000002665e-01 3.581093879142430852e-02 1.884165209893273480e-03
8.100000000000002753e-01 3.368256532177388990e-02 1.853929188320854824e-03
8.200000000000002842e-01 3.333499309405775490e-02 1.852210477554010410e-03
8.300000000000002931e-01 3.355637104732293874e-02 1.873413083746354024e-03
8.400000000000003020e-01 3.586081367851226553e-02 1.860873347198008492e-03
8.500000000000003109e-01 3.328423112057556088e-02 1.839441928293696071e-03
8.600000000000003197e-01 3.265448681561345518e-02 1.843520254233350269e-03
8.700000000000003286e-01 3.259352873139907680e-02 1.836855957649272467e-03
8.800000000000003375e-01 3.143838250362004927e-02 1.871905871984636070e-03
8.900000000000003464e-01 3.094363820442702639e-02 1.755310277612204218e-03
9.000000000000003553e-01 2.817127959753790156e-02 1.717327696324803853e-03
9.100000000000003642e-01 3.113306359927008743e-02 1.661008867072061128e-03
9.200000000000003730e-01 3.106838394244896065e-02 1.652935119441316771e-03
9.300000000000003819e-01 2.893143585321244354e-02 1.668241761926452698e-03
9.400000000000003908e-01 2.927194934075107863e-02 1.633647753385303585e-03
9.500000000000003997e-01 2.803162996551888594e-02 1.627019502292187392e-03
9.600000000000004086e-01 3.058817501106620221e-02 1.578770923918443878e-03
9.700000000000004174e-01 2.983975486269227484e-02 1.576142323562592946e-03
9.800000000000004263e-01 3.001406345669544243e-02 1.577054740716001815e-03
9.900000000000004352e-01 3.187206292560759713e-02 1.569689127204210253e-03
1.000000000000000000e+00 3.012189102980213432e-02 1.556632955896666143e-03
1.030000000000000027e+00 2.866493502476991431e-02 9.025710838542263127e-04
1.060000000000000053e+00 2.903696950725629874e-02 9.242724302215578856e-04
1.090000000000000080e+00 2.957002062224354730e-02 9.497263570737175115e-04
1.120000000000000107e+00 3.019930224479111178e-02 9.574426828572870718e-04
1.150000000000000133e+00 2.986460546713603018e-02 9.632377069903340404e-04
1.180000000000000160e+00 2.997719977571487726e-02 9.609807557782441920e-04
1.210000000000000187e+00 3.030267927643584547e-02 9.862349288178738540e-04
1.240000000000000213e+00 3.222121256940135153e-02 1.020039717794759323e-03
1.270000000000000240e+00 3.331785479181675891e-02 1.085142872128564773e-03
1.300000000000000266e+00 3.344688533494877963e-02 1.156021200106062061e-03
1.330000000000000293e+00 3.523593792549912368e-02 1.261511251300694112e-03
1.360000000000000320e+00 3.559560046713805548e-02 4.038576504952187153e-03
1.390000000000000346e+00 3.841825754782368652e-02 2.037501692348024640e-01
1.420000000000000373e+00 3.539200882236957085e-02 1.871712819417740243e-03
1.450000000000000400e+00 3.663055110001450093e-02 1.982038076058626180e-03
1.480000000000000426e+00 3.646137030141220065e-02 2.255954211594953917e-03
1.510000000000000453e+00 3.820386375840843091e-02 2.561501913515089844e-03
1.540000000000000480e+00 3.787725114383090619e-02 2.952016851875210578e-03
1.570000000000000506e+00 3.599088543909568366e-02 3.390358436799792950e-03
1.600000000000000533e+00 3.565118364605270734e-02 3.887637035076078103e-03
1.630000000000000560e+00 3.526100775897988288e-02 4.431491275887553330e-03
1.660000000000000586e+00 3.369749480848038825e-02 5.019029264303244593e-03
1.690000000000000613e+00 3.105022379296916435e-02 5.696632595358183844e-03
1.720000000000000639e+00 2.909388922033660438e-02 6.449233878534721062e-03
1.750000000000000666e+00 2.514581303045587343e-02 7.251536430507876142e-03
1.780000000000000693e+00 2.253323560807953679e-02 8.589617633358763785e-03
1.810000000000000719e+00 1.790632527350881006e-02 9.894683345828190341e-03
1.840000000000000746e+00 1.407657134865585892e-02 1.064642473272864841e-02
1.870000000000000773e+00 1.352395501287506629e-02 1.109131311969257204e-02
1.900000000000000799e+00 7.707995067420436025e-03 1.171369652487098088e-02
1.930000000000000826e+00 2.743734784369876618e-03 1.224197854249723869e-02
1.960000000000000853e+00 1.302868426727217359e-03 1.275138624990765183e-02
1.990000000000000879e+00 -1.126498807141493942e-04 1.327731835624415546e-02
2.020000000000000906e+00 -2.430389080813750904e-03 1.317354772892716241e-02
2.050000000000000711e+00 -5.163429012878121942e-03 1.302259182459082447e-02
2.080000000000000959e+00 -5.813400439954298504e-03 1.318910596268527483e-02
2.110000000000001208e+00 -6.259735980461741088e-03 1.331435873205655089e-02
2.140000000000001013e+00 -5.498948896569271980e-03 1.328507052435699831e-02
2.170000000000000817e+00 -5.343798972498306141e-03 1.289349450707909760e-02
2.200000000000001066e+00 -6.051757797001148728e-03 1.200968486352604371e-02
2.230000000000001315e+00 -3.903172625328989870e-03 1.098967072504307765e-02
2.260000000000001119e+00 -5.157770870104630596e-03 9.964309041501662537e-03
2.290000000000000924e+00 -3.343588036392698085e-03 9.430883645694361841e-03
2.320000000000001172e+00 -3.768989758940384863e-03 9.107525591479804367e-03
2.350000000000001421e+00 -3.151956020425016741e-03 8.847670427888285755e-03
2.380000000000001226e+00 -3.825840344878620510e-03 8.676800223386613165e-03
2.410000000000001030e+00 -4.428127236051669982e-03 4.667167752543611298e-02
2.440000000000001279e+00 -3.588983823056216514e-03 1.009503139720911435e-01
2.470000000000001528e+00 -4.858681841486785962e-04 8.066142689583555292e-03
2.500000000000001332e+00 -1.553489274877169115e-03 7.834789743739098075e-03
2.530000000000001137e+00 -1.668491510363285515e-03 7.693869142317339219e-03
2.560000000000001386e+00 -1.549587076946073051e-03 7.520535277271619794e-03
2.590000000000001634e+00 -2.904394898568585671e-03 7.386473545385068874e-03
2.620000000000001439e+00 -2.076768303808272046e-03 7.263736503723240874e-03
2.650000000000001243e+00 -2.420259592581855239e-03 7.221364289743067294e-03
2.680000000000001492e+00 -1.317213627209368014e-03 7.223868330352927782e-03
2.710000000000001741e+00 -3.541142682491305819e-03 7.061347012469847140e-03
2.740000000000001545e+00 -3.362403860913602046e-03 6.934922294875104851e-03
2.770000000000001350e+00 -6.271519551020512126e-04 6.749867521559576450e-03
2.800000000000001599e+00 -2.212602685619024373e-03 6.533010196216068252e-03
2.830000000000001847e+00 -2.883439911147088128e-03 7.703263849895591528e-03
2.860000000000001652e+00 -3.299129329400897221e-03 6.095453733867634873e-03
2.890000000000001457e+00 -3.631735964318225183e-03 5.866950668089474484e-03
2.920000000000001705e+00 -3.478999689179849454e-03 5.611375688062183661e-03
2.950000000000001954e+00 -7.828304289140678753e-04 5.356390105502344644e-03
2.980000000000001759e+00 -5.437066270699824483e-04 5.097052658766415903e-03
3.010000000000001563e+00 -2.848977918297782366e-03 4.854923996812466475e-03
3.040000000000001812e+00 -1.829068288008123743e-03 4.727422863292923480e-03
3.070000000000002061e+00 -6.205206212832059271e-04 4.407535045393422279e-03
3.100000000000001865e+00 -7.686644975937547862e-04 4.167923984317114389e-03
3.130000000000001670e+00 -3.024760729495636351e-04 3.846120128977833369e-03
3.160000000000001918e+00 1.001208222522839090e-03 3.946323441723174376e-03
3.190000000000002167e+00 4.040345486492138440e-04 3.974086691527465437e-03
