# q_A^-1 I sigma_shared_background
5.000000000000000104e-03 5.381637552058565532e+00 3.842084282810102724e+00
6.000000000000000125e-03 6.084180173367380817e+00 1.752311386720070585e+00
7.000000000000000146e-03 5.683674993017746147e+00 8.529094190034161027e-01
8.000000000000000167e-03 5.298144231759564171e+00 4.619704270140087554e-01
9.000000000000001055e-03 5.238768613792463391e+00 2.925969092570893104e-01
1.000000000000000021e-02 5.115946133358264980e+00 2.122003314800519069e-01
1.099999999999999936e-02 5.050661387091058607e+00 1.645032332484196724e-01
1.200000000000000025e-02 4.976858200770658769e+00 1.339211928230285287e-01
1.300000000000000114e-02 4.832276468576174544e+00 1.114224094219364025e-01
1.400000000000000203e-02 4.795138175203722319e+00 9.587421878644654394e-02
1.499999999999999944e-02 4.730335334131023473e+00 8.223165728420560316e-02
1.600000000000000033e-02 4.746012576363574986e+00 7.184153176989398204e-02
1.700000000000000122e-02 4.720793903658869084e+00 6.414024507718643631e-02
1.800000000000000211e-02 4.637567006633077860e+00 5.888428033854806176e-02
1.899999999999999953e-02 4.473728782436277918e+00 5.408105645428711028e-02
2.000000000000000042e-02 4.484994258767428299e+00 4.912268993999451688e-02
2.100000000000000130e-02 4.386192111884891887e+00 4.649798206412199958e-02
2.200000000000000219e-02 4.371557822342891697e+00 4.371787010281463076e-02
2.300000000000000308e-02 4.283558550798762354e+00 4.107180679070573243e-02
2.400000000000000050e-02 4.281216880372467948e+00 3.894611294429493192e-02
2.500000000000000139e-02 4.113312865982535094e+00 3.695814404307046913e-02
2.600000000000000228e-02 4.014173999513868552e+00 3.548845786046699730e-02
2.699999999999999969e-02 3.997526964882438527e+00 3.400342007120324417e-02
2.800000000000000058e-02 3.971196354377696913e+00 3.207698719032520823e-02
2.900000000000000147e-02 3.804690357500322140e+00 3.146474152292216137e-02
3.000000000000000236e-02 3.772326624595925271e+00 3.057600961806895140e-02
3.100000000000000325e-02 3.685931227113277586e+00 2.962199212236823337e-02
3.200000000000000067e-02 3.591929304840124182e+00 2.812371313049417607e-02
3.300000000000000155e-02 3.534555746813236254e+00 2.778110233517325223e-02
3.400000000000000244e-02 3.456197193000583479e+00 2.695633603803612374e-02
3.499999999999999639e-02 3.405793313234014796e+00 2.632155293113124309e-02
3.599999999999999728e-02 3.320952985395476897e+00 2.597259120164118959e-02
3.699999999999999817e-02 3.268520837272674395e+00 2.501474695882606111e-02
3.799999999999999906e-02 3.195069815406032632e+00 2.463980066669926861e-02
3.899999999999999994e-02 3.078389585643830806e+00 2.400432110075579814e-02
4.000000000000000083e-02 3.063560957645064864e+00 2.336828439351273934e-02
4.100000000000000172e-02 2.957134167564106075e+00 2.288098016611245233e-02
4.199999999999999567e-02 2.922223087555489762e+00 2.260255348568047593e-02
4.299999999999999656e-02 2.869879038329036902e+00 2.220458310372076458e-02
4.399999999999999745e-02 2.750772332861681324e+00 2.168240273046394273e-02
4.499999999999999833e-02 2.705217256319760288e+00 2.129375554645304702e-02
4.599999999999999922e-02 2.635090238518851269e+00 2.056536650583112857e-02
4.700000000000000011e-02 2.613721757209777952e+00 2.053082308919350688e-02
4.800000000000000100e-02 2.526223436025487157e+00 2.010270695538045327e-02
4.899999999999999495e-02 2.464840312598626682e+00 1.976436683530450808e-02
5.000000000000000278e-02 2.439127181993296922e+00 1.961948879803467050e-02
5.200000000000000455e-02 2.297757066864553277e+00 1.325607343042039046e-02
5.400000000000000633e-02 2.165721067532359267e+00 1.291711079390693573e-02
5.600000000000000810e-02 2.082637284881105888e+00 1.298282999060452504e-02
5.800000000000000988e-02 1.956634856850336224e+00 1.293103528235169455e-02
6.000000000000001166e-02 1.880133658311661238e+00 1.269039617855633774e-02
6.200000000000001343e-02 1.806702644082111675e+00 1.212411960214902079e-02
6.400000000000001521e-02 1.720424784099138460e+00 1.172142553779522908e-02
6.600000000000001699e-02 1.631651102226681527e+00 1.136245376113649390e-02
6.800000000000001876e-02 1.550801343344829775e+00 1.104818508744221349e-02
7.000000000000002054e-02 1.472166143719545905e+00 1.080433848723055465e-02
7.200000000000002232e-02 1.417617268369087302e+00 1.065213728611654788e-02
7.400000000000002409e-02 1.368405894596884220e+00 1.057147231463842658e-02
7.600000000000002587e-02 1.289246415930243028e+00 1.024682205536388627e-02
7.800000000000002764e-02 1.236278410408895967e+00 1.019128896696034313e-02
8.000000000000002942e-02 1.193827843825898016e+00 1.027956489062619404e-02
8.200000000000003120e-02 1.133196741840124533e+00 1.021187415227332689e-02
8.400000000000003297e-02 1.097125945956634707e+00 9.805405790677896097e-03
8.600000000000003475e-02 1.057013313947531952e+00 9.570114175525907402e-03
8.800000000000003653e-02 1.009506544623421265e+00 9.647771283030591449e-03
9.000000000000003830e-02 9.749867230279029018e-01 9.638693353589076682e-03
9.200000000000004008e-02 9.307549836975894664e-01 9.496721107823352312e-03
9.400000000000004186e-02 9.171181847987753821e-01 9.415919867348188088e-03
9.600000000000004363e-02 8.568356365854514767e-01 9.450141126810555556e-03
9.800000000000004541e-02 8.381697011469779746e-01 9.339746630458426249e-03
1.000000000000000056e-01 8.108845364851222648e-01 9.245541950887753435e-03
1.050000000000000100e-01 7.350859019844994124e-01 5.684818286797834082e-03
1.100000000000000144e-01 6.727737535422719795e-01 5.538005778417082019e-03
1.150000000000000189e-01 6.318729904198856495e-01 5.411282321613116245e-03
1.200000000000000233e-01 5.737923120327137472e-01 5.297915110503628212e-03
1.250000000000000278e-01 5.358598908357801172e-01 5.345952178009718246e-03
1.300000000000000322e-01 5.031505811279530782e-01 5.385087058457054508e-03
1.350000000000000366e-01 4.678381556948892905e-01 5.158576133588914890e-03
1.400000000000000411e-01 4.391765882259715537e-01 5.062844379672948834e-03
1.450000000000000455e-01 4.090273646377172168e-01 4.964294497489117781e-03
1.500000000000000500e-01 3.771730193875634796e-01 5.156155645142977174e-03
1.550000000000000544e-01 3.548750174252723322e-01 5.182380246318910900e-03
1.600000000000000588e-01 3.358789168293349614e-01 5.194637232207768851e-03
1.650000000000000633e-01 3.167779659345201226e-01 5.233606273174109223e-03
1.700000000000000677e-01 3.012237638498865278e-01 5.256440576346067470e-03
1.750000000000000722e-01 2.876645429453873470e-01 5.203107617402251937e-03
1.800000000000000766e-01 2.643367534585382983e-01 4.494528353553685698e-03
1.850000000000000810e-01 2.534392020990526295e-01 4.516298040437335959e-03
1.900000000000000855e-01 2.402923013301984934e-01 4.388262628848494523e-03
1.950000000000000899e-01 2.278225068616754612e-01 4.407461321111206740e-03
2.000000000000000944e-01 2.224172828415542091e-01 4.460656603102925583e-03
2.050000000000000988e-01 2.095147488850291617e-01 4.535120319640674295e-03
2.100000000000001033e-01 2.040990627744948271e-01 4.436116193013244641e-03
2.150000000000001077e-01 2.073095792345416577e-01 4.550341742633753385e-03
2.200000000000001121e-01 1.918688089504891059e-01 4.377528675653344359e-03
2.250000000000001166e-01 1.840458413925505077e-01 4.408075810334212072e-03
2.300000000000001210e-01 1.711705372929698266e-01 4.293886728418505432e-03
2.350000000000001255e-01 1.710546651994145906e-01 4.451641097267909977e-03
2.400000000000001299e-01 1.589058498083742721e-01 4.684556738960304716e-03
2.450000000000001343e-01 1.455968133185375490e-01 4.648600415346702472e-03
2.500000000000001110e-01 1.563590423172755983e-01 4.862350933411886504e-03
2.550000000000001155e-01 1.429683811084331568e-01 4.759907317009260709e-03
2.600000000000001199e-01 1.462308731601379419e-01 5.031115650255595963e-03
2.650000000000001243e-01 1.363366953837194251e-01 4.827414127360919044e-03
2.700000000000001288e-01 1.319015449177301513e-01 5.062717352689412829e-03
2.750000000000001332e-01 1.368579167681204523e-01 4.795569439634148057e-03
2.800000000000001377e-01 1.258713539859916131e-01 4.772647259752300052e-03
2.850000000000001421e-01 1.258080080540166512e-01 4.930087985988438996e-03
2.900000000000001465e-01 1.276715424004304378e-01 4.691269394702012908e-03
2.950000000000001510e-01 1.147961669944184554e-01 4.828028288806215755e-03
3.000000000000001554e-01 1.172757739308939173e-01 4.780922540078426375e-03
3.050000000000001599e-01 1.098856854993152388e-01 4.879695428120525875e-03
3.100000000000001643e-01 1.111567008597416500e-01 4.759071988285280136e-03
3.150000000000001688e-01 1.077569050540198581e-01 4.683800819608075969e-03
3.200000000000001732e-01 1.090943052050705742e-01 4.636618445620526059e-03
3.250000000000001776e-01 1.086006298165077683e-01 4.607341683085482316e-03
3.300000000000001821e-01 9.775788670286031379e-02 4.486037967413786243e-03
3.350000000000001865e-01 9.926966924875157972e-02 4.390549783353871020e-03
3.400000000000001910e-01 8.936424244847321341e-02 4.305588575826141927e-03
3.450000000000001954e-01 9.077581858700173312e-02 4.535778221895246827e-03
3.500000000000001998e-01 9.113499802790327176e-02 4.190187764275029279e-03
3.550000000000002043e-01 9.639324253283888810e-02 4.435480296971186683e-03
3.600000000000002087e-01 9.513999507705332703e-02 4.314248878098806035e-03
3.650000000000002132e-01 8.772700090979873577e-02 4.235371564834032772e-03
3.700000000000002176e-01 9.284975109050334907e-02 4.197364441427279581e-03
3.750000000000002220e-01 9.247579702609548535e-02 4.193215298845753836e-03
3.800000000000002265e-01 8.564914639556198139e-02 4.342433686320584275e-03
3.850000000000002309e-01 8.557170398578319015e-02 4.032683751229049034e-03
3.900000000000002354e-01 7.856200079717122475e-02 4.455413793206281989e-03
3.950000000000002398e-01 8.089327279218291866e-02 4.352007185237721613e-03
4.000000000000002442e-01 7.855212867901954776e-02 4.135178338294638600e-03
4.050000000000002487e-01 8.058231009193822514e-02 3.982938529410046287e-03
4.100000000000002531e-01 8.297958306194853917e-02 3.927446185569797611e-03
4.150000000000002576e-01 7.844354121112202816e-02 3.827463416490931285e-03
4.200000000000002620e-01 7.883632765883491489e-02 3.872357827734461584e-03
4.250000000000002665e-01 7.698479065010771505e-02 3.949005668113434592e-03
4.300000000000002709e-01 7.135660360663706459e-02 3.798035945451108415e-03
4.350000000000002753e-01 7.818337607889991325e-02 3.919012850651205221e-03
4.400000000000002798e-01 7.447894281305969533e-02 3.758404347877341862e-03
4.450000000000002842e-01 7.223872478742514314e-02 3.701557992446475980e-03
4.500000000000002887e-01 7.322465072231269800e-02 3.693550041428632531e-03
4.550000000000002931e-01 7.591018152244290162e-02 3.670357911548511980e-03
4.600000000000002975e-01 7.389580776650675475e-02 3.588976679058768649e-03
4.650000000000003020e-01 6.865163392739385972e-02 3.605041706907204883e-03
4.700000000000003064e-01 7.250067657167769131e-02 3.538078721016324393e-03
4.750000000000003109e-01 7.095167960905289506e-02 3.648317389175071822e-03
4.800000000000003153e-01 6.960707990379851051e-02 3.913436884115161461e-03
4.850000000000003197e-01 7.036128664794245868e-02 4.092007117598913182e-03
4.900000000000003242e-01 6.096491388364930208e-02 3.551848912437430110e-03
4.950000000000003286e-01 6.633918507771260908e-02 3.494940924023299915e-03
5.000000000000000000e-01 6.374400379300936004e-02 3.460992087658565277e-03
5.100000000000000089e-01 6.410870112052925729e-02 2.434758720809010544e-03
5.200000000000000178e-01 6.528898214489271823e-02 2.400487675480014564e-03
5.300000000000000266e-01 6.125297866502254357e-02 2.385905577906697987e-03
5.400000000000000355e-01 6.205291807200793291e-02 2.354223248572195719e-03
5.500000000000000444e-01 6.140143092534678521e-02 2.309905430311706091e-03
5.600000000000000533e-01 5.978961147726180592e-02 2.290321180248976879e-03
5.700000000000000622e-01 6.070943815067819660e-02 2.291495529049988444e-03
5.800000000000000711e-01 5.662365912538216278e-02 2.221747146420132574e-03
5.900000000000000799e-01 5.525401986475694111e-02 2.177222617652023635e-03
6.000000000000000888e-01 5.698276972115209199e-02 2.185303634726864803e-03
6.100000000000000977e-01 5.339995503799979670e-02 2.148019162294823124e-03
6.200000000000001066e-01 5.240978874336985754e-02 2.105267479279734465e-03
6.300000000000001155e-01 5.221459870397546915e-02 2.120556135192813978e-03
6.400000000000001243e-01 5.210562629683648112e-02 2.068305202156099035e-03
6.500000000000001332e-01 4.994163429928007158e-02 2.074623420275794033e-03
6.600000000000001421e-01 4.959044673586483071e-02 2.064758929966997378e-03
6.700000000000001510e-01 5.079834117654211806e-02 2.062164382737539589e-03
6.800000000000001599e-01 4.824743346992247522e-02 2.030032807927031457e-03
6.900000000000001688e-01 4.952875728700235902e-02 2.007871580984334475e-03
7.000000000000001776e-01 4.584085535449204662e-02 1.961838268937899765e-03
7.100000000000001865e-01 4.811605509255232477e-02 1.993622999971886127e-03
7.200000000000001954e-01 4.658066042292789699e-02 1.952832209908951164e-03
7.300000000000002043e-01 4.457728368644744282e-02 1.978390973853578084e-03
7.400000000000002132e-01 4.392748774816906954e-02 1.925151260707716428e-03
7.500000000000002220e-01 4.369775645999993130e-02 1.896936798390643202e-03
7.600000000000002309e-01 4.508920123010831671e-02 1.896881015194322798e-03
7.700000000000002398e-01 4.187875770384524854e-02 1.884788869346457323e-03
7.800000000000002487e-01 4.108861122475952060e-02 1.895405727798958433e-03
7.900000000000002576e-01 4.176930960514325247e-02 1.896287138211789859e-03
8.000000000000002665e-01 4.085829496110068154e-02 1.863439810792706349e-03
8.100000000000002753e-01 4.161999848118973916e-02 1.837331893155474266e-03
8.200000000000002842e-01 4.014696019730689541e-02 1.831384134747347965e-03
8.300000000000002931e-01 4.152483705349960252e-02 1.866654342951042057e-03
8.400000000000003020e-01 3.725176423042236146e-02 1.853149007762615536e-03
8.500000000000003109e-01 3.727170300556244265e-02 1.827124890361154228e-03
8.600000000000003197e-01 3.620651879537011009e-02 1.834333190065789770e-03
8.700000000000003286e-01 3.740963476729712578e-02 1.822151264701454484e-03
8.800000000000003375e-01 3.711063998098509953e-02 1.836987536675160687e-03
8.900000000000003464e-01 3.744759321215292147e-02 1.754838409239970138e-03
9.000000000000003553e-01 3.690632377552397619e-02 1.713395696836069251e-03
9.100000000000003642e-01 3.628894889368813187e-02 1.648952464057717787e-03
9.200000000000003730e-01 3.692916202087087596e-02 1.633990893653712540e-03
9.300000000000003819e-01 3.548473939588989157e-02 1.650723511395170125e-03
9.400000000000003908e-01 3.652487370267618050e-02 1.612330050167912286e-03
9.500000000000003997e-01 3.655528473141855805e-02 1.613164479793502935e-03
9.600000000000004086e-01 3.785836393165133845e-02 1.564882813829777735e-03
9.700000000000004174e-01 3.609351118667849384e-02 1.559284265851830975e-03
9.800000000000004263e-01 3.670440920728341994e-02 1.564867913239886658e-03
9.900000000000004352e-01 3.541975875651601213e-02 1.570593137265222745e-03
1.000000000000000000e+00 3.593042140621197783e-02 1.541565302567518732e-03
1.030000000000000027e+00 3.454133919219208593e-02 8.947915627611495622e-04
1.060000000000000053e+00 3.524849922676868280e-02 9.181726464799929962e-04
1.090000000000000080e+00 3.552519373849280515e-02 9.409852323152676943e-04
1.120000000000000107e+00 3.539536214373677214e-02 9.508090662154306504e-04
1.150000000000000133e+00 3.599699892457595279e-02 9.594688210796200895e-04
1.180000000000000160e+00 3.645381171077922977e-02 9.559549507599669196e-04
1.210000000000000187e+00 3.721042453883870171e-02 9.800122839401688435e-04
1.240000000000000213e+00 3.825818540235603055e-02 1.010228973053605307e-03
1.270000000000000240e+00 3.866259945629314798e-02 1.077405806211563467e-03
1.300000000000000266e+00 4.021895475786486929e-02 1.146192244800477936e-03
1.330000000000000293e+00 4.122678782953557997e-02 1.255388209180726853e-03
1.360000000000000320e+00 4.330767656827201606e-02 4.016292764842250597e-03
1.390000000000000346e+00 4.528768118851683039e-02 2.023674998329582086e-01
1.420000000000000373e+00 4.335685786428119387e-02 1.859440616706874985e-03
1.450000000000000400e+00 4.511911561422430467e-02 1.966553573741053156e-03
1.480000000000000426e+00 4.558393732783101726e-02 2.242650653236717001e-03
1.510000000000000453e+00 4.461810055681872389e-02 2.541505979292874983e-03
1.540000000000000480e+00 4.485612493857091265e-02 2.933664620659661576e-03
1.570000000000000506e+00 4.403024004402966707e-02 3.369129743989709037e-03
1.600000000000000533e+00 4.420270561220160377e-02 3.862420665396370471e-03
1.630000000000000560e+00 4.301834865808963626e-02 4.402182602784810925e-03
1.660000000000000586e+00 4.005664615957907349e-02 4.987267716468517416e-03
1.690000000000000613e+00 3.814764935271895696e-02 5.657300266157305919e-03
1.720000000000000639e+00 3.492243202189741075e-02 6.407463591552396004e-03
1.750000000000000666e+00 3.204701270863522661e-02 7.200192919849539644e-03
1.780000000000000693e+00 2.745969916993317578e-02 8.530541077555853224e-03
1.810000000000000719e+00 2.331223778109459133e-02 9.830687692972970085e-03
1.840000000000000746e+00 1.796979019706813549e-02 1.057638027697557770e-02
1.870000000000000773e+00 1.241246348083157973e-02 1.101657155973236046e-02
1.900000000000000799e+00 1.038664683653601345e-02 1.163826175550638012e-02
1.930000000000000826e+00 4.298338360592808723e-03 1.216010656513105345e-02
1.960000000000000853e+00 1.773178586228649212e-03 1.266284425298680807e-02
1.990000000000000879e+00 -1.417965506839328083e-03 1.318545661661773942e-02
2.020000000000000906e+00 -4.428032053527209723e-03 1.307713202767598823e-02
2.050000000000000711e+00 -4.528474895275187533e-03 1.292908725563513342e-02
2.080000000000000959e+00 -4.278657206123607712e-03 1.309857616865161244e-02
2.110000000000001208e+00 -7.020345758334578176e-03 1.322148662090793375e-02
2.140000000000001013e+00 -7.197151844081267277e-03 1.320118766495634484e-02
2.170000000000000817e+00 -6.173696414263779748e-03 1.281066051138049673e-02
2.200000000000001066e+00 -5.544099247253148760e-03 1.193403641251877464e-02
2.230000000000001315e+00 -8.622409351669930305e-03 1.092013143238944328e-02
2.260000000000001119e+00 -5.421372325412922126e-03 9.905163562508128433e-03
2.290000000000000924e+00 -4.890747692545878260e-03 9.371005354164440790e-03
2.320000000000001172e+00 -3.224655891935192687e-03 9.049698165107493766e-03
2.350000000000001421e+00 -2.554205909739357128e-03 8.787706626109089217e-03
2.380000000000001226e+00 -4.809135941920876338e-03 8.617688317208214641e-03
2.410000000000001030e+00 -3.173087491270521008e-03 4.641945754357343357e-02
2.440000000000001279e+00 -2.988384416471263037e-03 1.003195846175979483e-01
2.470000000000001528e+00 -1.882445074041601361e-03 8.015733052446018594e-03
2.500000000000001332e+00 -2.855438317196736398e-03 7.784213471205562312e-03
2.530000000000001137e+00 -2.312603406499643723e-03 7.643004620554302506e-03
2.560000000000001386e+00 -3.041332647574520806e-03 7.472795449673669786e-03
2.590000000000001634e+00 -2.011995338063303843e-03 7.337013660228823737e-03
2.620000000000001439e+00 -1.864905036439272858e-03 7.215181769329376445e-03
2.650000000000001243e+00 -2.152690177475437630e-03 7.174772739531610696e-03
2.680000000000001492e+00 -2.527528150199190565e-03 7.179523132690415234e-03
2.710000000000001741e+00 -2.491355613891413183e-03 7.015044552898823740e-03
2.740000000000001545e+00 -2.797510026613389891e-03 6.886746221991047086e-03
2.770000000000001350e+00 -2.078288744711193070e-03 6.708281468717182221e-03
2.800000000000001599e+00 -1.249465283831983908e-03 6.490205432574578347e-03
2.830000000000001847e+00 -3.477828876774208006e-03 7.651845434671405641e-03
2.860000000000001652e+00 -2.900027837405428320e-03 6.059361065764367997e-03
2.890000000000001457e+00 -2.412585191336685721e-03 5.827528298585437846e-03
2.920000000000001705e+00 -1.666150668715304841e-03 5.572536558075741331e-03
2.950000000000001954e+00 -2.501849606364346754e-03 5.317477126269737862e-03
2.980000000000001759e+00 -2.911609260089042649e-03 5.062448939069656012e-03
3.010000000000001563e+00 -3.124629623826713672e-03 4.817662066737061523e-03
3.040000000000001812e+00 -1.891498695246651186e-03 4.695688569833321099e-03
3.070000000000002061e+00 -2.172411199176720650e-03 4.375725221794276969e-03
3.100000000000001865e+00 -2.429193681258615557e-03 4.141825209924065131e-03
3.130000000000001670e+00 -1.386181617323724692e-03 3.819634701131242177e-03
3.160000000000001918e+00 -5.497582317854583030e-05 3.923950692544310795e-03
3.190000000000002167e+00 7.888782596242403106e-04 3.959999409096863661e-03
