# q_A^-1 I sigma_shared_background
5.000000000000000104e-03 1.943159036761373359e+00 3.871532213160017388e+00
6.000000000000000125e-03 2.168047217267621729e+00 1.773902031260184753e+00
7.000000000000000146e-03 1.279004863357406707e+00 8.559647404817101179e-01
8.000000000000000167e-03 1.898945206853362766e+00 4.647723418159009912e-01
9.000000000000001055e-03 1.661456607653374329e+00 2.964772897602022672e-01
1.000000000000000021e-02 1.724212086655430909e+00 2.130141977040711787e-01
1.099999999999999936e-02 1.620181058900085569e+00 1.643404326253542769e-01
1.200000000000000025e-02 1.704191461702819765e+00 1.302076270922207235e-01
1.300000000000000114e-02 1.589961199844469597e+00 1.099058359422550590e-01
1.400000000000000203e-02 1.538725586049487282e+00 9.352188215654423653e-02
1.499999999999999944e-02 1.512545907859917493e+00 7.980388232442583996e-02
1.600000000000000033e-02 1.475850173650050445e+00 6.861081235468809159e-02
1.700000000000000122e-02 1.438006615766188601e+00 6.081026241862340365e-02
1.800000000000000211e-02 1.542502718395431183e+00 5.488590096926116574e-02
1.899999999999999953e-02 1.444953275962982175e+00 5.047721589823402771e-02
2.000000000000000042e-02 1.469349379639028230e+00 4.591405186091745277e-02
2.100000000000000130e-02 1.399422775528947893e+00 4.249187540811707325e-02
2.200000000000000219e-02 1.374034625914813734e+00 4.026344806027726264e-02
2.300000000000000308e-02 1.372158865785793713e+00 3.725924670482954476e-02
2.400000000000000050e-02 1.357865974085781913e+00 3.534555971125252771e-02
2.500000000000000139e-02 1.340644515022787919e+00 3.373272676250078927e-02
2.600000000000000228e-02 1.338141649541180200e+00 3.224562719845541076e-02
2.699999999999999969e-02 1.251790303089983514e+00 3.079943753279194146e-02
2.800000000000000058e-02 1.278207364079832820e+00 2.903259399272939065e-02
2.900000000000000147e-02 1.289092591896521700e+00 2.809113111481142261e-02
3.000000000000000236e-02 1.200754833747188499e+00 2.713673880447345713e-02
3.100000000000000325e-02 1.211817611012003804e+00 2.650985424833125076e-02
3.200000000000000067e-02 1.174993243232005824e+00 2.521309674536982570e-02
3.300000000000000155e-02 1.151455258876681764e+00 2.488896343870827116e-02
3.400000000000000244e-02 1.130863062257379648e+00 2.426897456786599946e-02
3.499999999999999639e-02 1.072778135720070081e+00 2.337755963394004197e-02
3.599999999999999728e-02 1.056091621715224971e+00 2.300052872959096328e-02
3.699999999999999817e-02 1.072459029523340490e+00 2.246987403756746382e-02
3.799999999999999906e-02 1.000303251035711494e+00 2.184644421226743585e-02
3.899999999999999994e-02 1.019709467984125206e+00 2.148187579631470959e-02
4.000000000000000083e-02 9.829701618966144583e-01 2.108668662725641380e-02
4.100000000000000172e-02 9.155422704450780769e-01 2.038488185855842280e-02
4.199999999999999567e-02 9.256645727312009519e-01 2.008130699414012454e-02
4.299999999999999656e-02 8.995466179734548096e-01 1.976171415911818705e-02
4.399999999999999745e-02 8.860467429459566446e-01 1.941384172775528424e-02
4.499999999999999833e-02 8.972359465827803859e-01 1.910496414013419797e-02
4.599999999999999922e-02 8.644097081951522821e-01 1.874036762103684084e-02
4.700000000000000011e-02 8.310227969924786073e-01 1.834039280946892295e-02
4.800000000000000100e-02 8.192282434032506222e-01 1.814240713125753190e-02
4.899999999999999495e-02 7.759059302475058706e-01 1.775381216584680927e-02
5.000000000000000278e-02 8.043123281219036746e-01 1.776220109249961390e-02
5.200000000000000455e-02 7.564598940613884714e-01 1.200358953210473555e-02
5.400000000000000633e-02 7.178166514769305229e-01 1.180413397958150930e-02
5.600000000000000810e-02 6.867820784437470572e-01 1.183731991462134980e-02
5.800000000000000988e-02 6.576037297963397421e-01 1.189912012364562587e-02
6.000000000000001166e-02 6.203338427317581782e-01 1.166591627648819879e-02
6.200000000000001343e-02 6.023399622382389351e-01 1.112785269950256235e-02
6.400000000000001521e-02 5.678027208656856173e-01 1.082015678219102814e-02
6.600000000000001699e-02 5.435736307214336094e-01 1.060936046686389127e-02
6.800000000000001876e-02 5.069662262530770791e-01 1.026335247986543547e-02
7.000000000000002054e-02 4.994213304461057601e-01 1.008861281004923456e-02
7.200000000000002232e-02 4.699520467457199979e-01 9.988032067419281082e-03
7.400000000000002409e-02 4.417954245755226217e-01 9.895717212101711249e-03
7.600000000000002587e-02 4.255611743032770566e-01 9.649535044780404094e-03
7.800000000000002764e-02 4.077483050343265192e-01 9.627987137530233039e-03
8.000000000000002942e-02 3.948013274402217276e-01 9.704749588228769874e-03
8.200000000000003120e-02 3.687839757510966709e-01 9.661236674404083055e-03
8.400000000000003297e-02 3.537217567321928602e-01 9.328620909392251748e-03
8.600000000000003475e-02 3.498077670778165782e-01 9.131804149408921309e-03
8.800000000000003653e-02 3.456332989044048065e-01 9.206113290223326417e-03
9.000000000000003830e-02 3.338957426763043967e-01 9.193123005255572980e-03
9.200000000000004008e-02 2.987628226559708167e-01 9.077900555250551992e-03
9.400000000000004186e-02 3.095827630855281232e-01 9.036761769656549356e-03
9.600000000000004363e-02 2.770362711921089960e-01 9.016763802488735741e-03
9.800000000000004541e-02 2.748878004561084998e-01 8.973852172270991787e-03
1.000000000000000056e-01 2.787741025540363404e-01 8.906129483971205602e-03
1.050000000000000100e-01 2.454951917356359425e-01 5.494353208500223594e-03
1.100000000000000144e-01 2.279349262986247182e-01 5.395059420977877350e-03
1.150000000000000189e-01 2.118473948157900688e-01 5.268152138336411675e-03
1.200000000000000233e-01 1.894493706548973366e-01 5.162229751372543127e-03
1.250000000000000278e-01 1.814413351109303574e-01 5.244829687968946032e-03
1.300000000000000322e-01 1.608884831482796929e-01 5.266524035517803834e-03
1.350000000000000366e-01 1.597099066047583393e-01 5.063067604441146528e-03
1.400000000000000411e-01 1.465035728360613576e-01 4.977792239239993248e-03
1.450000000000000455e-01 1.383473465631445964e-01 4.902887259397936161e-03
1.500000000000000500e-01 1.204117402973660655e-01 5.087250655127079947e-03
1.550000000000000544e-01 1.297418725653752825e-01 5.132053164768061310e-03
1.600000000000000588e-01 1.095728321981802589e-01 5.147607699934667741e-03
1.650000000000000633e-01 1.008137209147865893e-01 5.195286700129736653e-03
1.700000000000000677e-01 9.874895508750940187e-02 5.217287294102480356e-03
1.750000000000000722e-01 9.089145234997257627e-02 5.166996666037368575e-03
1.800000000000000766e-01 8.680382161938744734e-02 4.516357105000011647e-03
1.850000000000000810e-01 9.113878694839938621e-02 4.524028699857371091e-03
1.900000000000000855e-01 8.375014423424656518e-02 4.345348016872665337e-03
1.950000000000000899e-01 7.724647562216692409e-02 4.384455573213732332e-03
2.000000000000000944e-01 7.467958950137373875e-02 4.473167266466676964e-03
2.050000000000000988e-01 7.077696630662036470e-02 4.517070610398888318e-03
2.100000000000001033e-01 6.452421179759783298e-02 4.386831829184725980e-03
2.150000000000001077e-01 7.061592414585377009e-02 4.438563854127115793e-03
2.200000000000001121e-01 6.216898667180167926e-02 4.492155216496616053e-03
2.250000000000001166e-01 5.628911021548519550e-02 4.421627275542063147e-03
2.300000000000001210e-01 5.772004887906023035e-02 4.286732225623054657e-03
2.350000000000001255e-01 6.112700117785378751e-02 4.470815425547307841e-03
2.400000000000001299e-01 5.346344877049010597e-02 4.798313474237862752e-03
2.450000000000001343e-01 4.719206021551990149e-02 4.576404535859181742e-03
2.500000000000001110e-01 4.605770050361829293e-02 4.764899914352249688e-03
2.550000000000001155e-01 5.058936283462563827e-02 4.739699224063483041e-03
2.600000000000001199e-01 4.231416379625053265e-02 4.991699151012978647e-03
2.650000000000001243e-01 4.317715414019712011e-02 4.801635995546072073e-03
2.700000000000001288e-01 4.642713010105985888e-02 5.059730766795299262e-03
2.750000000000001332e-01 4.593100209789611338e-02 4.737172230044842114e-03
2.800000000000001377e-01 4.462603242063551551e-02 4.938880642712504404e-03
2.850000000000001421e-01 4.149855421091992735e-02 4.816780444302120809e-03
2.900000000000001465e-01 4.247106825154896292e-02 4.756253671093182110e-03
2.950000000000001510e-01 4.220530409580310754e-02 4.789858871913963909e-03
3.000000000000001554e-01 4.180200318179450036e-02 4.840618319949975025e-03
3.050000000000001599e-01 3.631288419233805881e-02 4.900233757923243630e-03
3.100000000000001643e-01 3.616518108039146889e-02 4.863819728837670900e-03
3.150000000000001688e-01 3.711084135083268787e-02 4.653409246055933285e-03
3.200000000000001732e-01 3.735580625003965399e-02 4.628434934642569783e-03
3.250000000000001776e-01 3.426423303903516904e-02 4.510538873851718984e-03
3.300000000000001821e-01 3.454135891131473318e-02 4.549092371291182935e-03
3.350000000000001865e-01 3.746382599231335570e-02 4.665598458201845357e-03
3.400000000000001910e-01 3.255386832254707208e-02 4.377611832866441614e-03
3.450000000000001954e-01 3.495750183229580366e-02 4.537525538336788927e-03
3.500000000000001998e-01 2.822706651814962941e-02 4.172236256594174901e-03
3.550000000000002043e-01 3.962237885465465931e-02 4.336175960820644673e-03
3.600000000000002087e-01 3.021236619390106626e-02 4.294029298469122236e-03
3.650000000000002132e-01 3.391107869022984972e-02 4.298207205131133503e-03
3.700000000000002176e-01 3.142871921245018324e-02 4.299048528485448738e-03
3.750000000000002220e-01 3.146607767123630467e-02 4.323068942366512304e-03
3.800000000000002265e-01 2.877973342906478202e-02 4.452636175448910008e-03
3.850000000000002309e-01 2.939958674326349081e-02 4.038950129404202116e-03
3.900000000000002354e-01 2.489210182885156358e-02 4.478496366582561394e-03
3.950000000000002398e-01 2.972591672959359888e-02 4.372601304236287470e-03
4.000000000000002442e-01 2.372096694072866122e-02 4.271887941840897193e-03
4.050000000000002487e-01 2.541308023811816169e-02 3.942890797954005933e-03
4.100000000000002531e-01 2.665722255186983580e-02 4.025508236159104115e-03
4.150000000000002576e-01 2.796331212883085976e-02 3.884994442939662066e-03
4.200000000000002620e-01 2.541825068081816907e-02 3.875000507855557927e-03
4.250000000000002665e-01 2.610913704202793076e-02 3.986579846075038666e-03
4.300000000000002709e-01 2.807443148849917899e-02 3.857037350261840157e-03
4.350000000000002753e-01 2.628240590149705583e-02 3.932257043505943406e-03
4.400000000000002798e-01 2.809905910227468440e-02 3.751894179344706596e-03
4.450000000000002842e-01 2.014949144023885433e-02 3.778916260450183775e-03
4.500000000000002887e-01 2.541765997177999198e-02 3.702097098985665698e-03
4.550000000000002931e-01 2.432257929103965113e-02 3.651793357421432695e-03
4.600000000000002975e-01 2.241695650335230258e-02 3.652751831076177149e-03
4.650000000000003020e-01 2.090546690003526956e-02 3.626679281001986711e-03
4.700000000000003064e-01 2.645114070948960047e-02 3.656887982986536511e-03
4.750000000000003109e-01 2.548509653884990789e-02 3.620181427068355599e-03
4.800000000000003153e-01 2.321234766949444375e-02 3.970909932923268049e-03
4.850000000000003197e-01 2.069452697894047857e-02 4.064140505565562445e-03
4.900000000000003242e-01 2.319040643246719421e-02 3.606539554481769279e-03
4.950000000000003286e-01 2.145248049753273670e-02 3.557283384804438807e-03
5.000000000000000000e-01 2.149082276799212099e-02 3.573408300069288134e-03
5.100000000000000089e-01 2.282853720656800520e-02 2.443461019999982210e-03
5.200000000000000178e-01 2.261526367948049968e-02 2.427286933167614649e-03
5.300000000000000266e-01 2.428332352110700032e-02 2.344388396542862983e-03
5.400000000000000355e-01 2.128008560114319145e-02 2.382419195333282304e-03
5.500000000000000444e-01 1.981834092438848963e-02 2.321130543381756499e-03
5.600000000000000533e-01 2.119293249254015563e-02 2.307287813642688694e-03
5.700000000000000622e-01 1.919074725185957592e-02 2.308477853541162413e-03
5.800000000000000711e-01 1.833078382690362870e-02 2.249669364317917128e-03
5.900000000000000799e-01 1.684590081893150293e-02 2.219906245555282494e-03
6.000000000000000888e-01 1.958679983833276281e-02 2.187712421054125236e-03
6.100000000000000977e-01 1.902588835295719247e-02 2.182929825577486268e-03
6.200000000000001066e-01 1.696874320205275094e-02 2.106145436599944805e-03
6.300000000000001155e-01 1.656782297671153745e-02 2.136875844005729341e-03
6.400000000000001243e-01 1.699527509097888134e-02 2.100297190785040211e-03
6.500000000000001332e-01 1.764812188625903763e-02 2.092298238048368592e-03
6.600000000000001421e-01 1.669021487082540320e-02 2.088702094332081215e-03
6.700000000000001510e-01 1.627958379631613134e-02 2.068401030843657149e-03
6.800000000000001599e-01 1.733473489744942128e-02 2.055011520714378117e-03
6.900000000000001688e-01 1.796629378557342699e-02 2.032321040136452883e-03
7.000000000000001776e-01 1.915766332809163211e-02 1.987667086476050098e-03
7.100000000000001865e-01 1.412832931216888820e-02 2.027041596647862019e-03
7.200000000000001954e-01 1.617749507960387911e-02 1.969888913283883783e-03
7.300000000000002043e-01 1.451226056990831056e-02 1.989115529008170669e-03
7.400000000000002132e-01 1.409883471424499407e-02 1.950661480509376881e-03
7.500000000000002220e-01 1.181406220940241746e-02 1.921762467794296825e-03
7.600000000000002309e-01 1.552531736030341239e-02 1.916649821852238044e-03
7.700000000000002398e-01 1.352779898048451016e-02 1.930912940831142717e-03
7.800000000000002487e-01 1.543843421840927939e-02 1.924565129198964938e-03
7.900000000000002576e-01 1.439991383836956504e-02 1.927568489245941666e-03
8.000000000000002665e-01 1.649691246011249571e-02 1.881431566560170772e-03
8.100000000000002753e-01 1.246802975689568355e-02 1.857172581761917535e-03
8.200000000000002842e-01 1.370628581011676742e-02 1.873429481467190792e-03
8.300000000000002931e-01 1.247665670306005725e-02 1.882236458509447662e-03
8.400000000000003020e-01 1.616212735790745897e-02 1.877244490600739205e-03
8.500000000000003109e-01 1.430922224175880213e-02 1.851397449184146544e-03
8.600000000000003197e-01 1.400926887921655727e-02 1.838035231194891372e-03
8.700000000000003286e-01 1.569053353649898369e-02 1.856672096222067390e-03
8.800000000000003375e-01 1.240852870128299548e-02 1.890229343601148833e-03
8.900000000000003464e-01 1.430119294047021115e-02 1.782070161009866646e-03
9.000000000000003553e-01 1.275051773345923026e-02 1.730125115706710164e-03
9.100000000000003642e-01 1.275397075662958700e-02 1.689542456582707446e-03
9.200000000000003730e-01 1.357283172263622564e-02 1.658921954633436587e-03
9.300000000000003819e-01 1.119371859572968093e-02 1.666903751244716569e-03
9.400000000000003908e-01 1.212797743996252980e-02 1.642498321811867567e-03
9.500000000000003997e-01 1.040375662740751321e-02 1.636902848047119483e-03
9.600000000000004086e-01 1.308239626665640837e-02 1.590574729508219872e-03
9.700000000000004174e-01 1.235904765393523730e-02 1.579709964755539667e-03
9.800000000000004263e-01 1.327024899013604965e-02 1.584492092636866989e-03
9.900000000000004352e-01 1.164138635273405907e-02 1.593467073952586563e-03
1.000000000000000000e+00 1.278136269733702070e-02 1.563777691485500288e-03
1.030000000000000027e+00 1.171165289067889123e-02 9.045791769057201894e-04
1.060000000000000053e+00 1.187845208079245027e-02 9.261529839010765710e-04
1.090000000000000080e+00 1.142634403971549799e-02 9.551943109191912478e-04
1.120000000000000107e+00 1.140981605428169170e-02 9.628847657464021650e-04
1.150000000000000133e+00 1.129061271496032033e-02 9.708950396241082959e-04
1.180000000000000160e+00 1.179630379912804949e-02 9.663039146804892898e-04
1.210000000000000187e+00 1.194333927667928785e-02 9.929168675272483265e-04
1.240000000000000213e+00 1.285880172359915759e-02 1.023947069071919937e-03
1.270000000000000240e+00 1.240764667032775125e-02 1.090781831711263314e-03
1.300000000000000266e+00 1.232439191436827432e-02 1.161112146413686682e-03
1.330000000000000293e+00 1.362406152771351159e-02 1.270843598002230432e-03
1.360000000000000320e+00 1.409217481764735679e-02 4.060808675562826986e-03
1.390000000000000346e+00 1.556590739642917977e-02 2.053690812177354219e-01
1.420000000000000373e+00 1.460062059248432367e-02 1.879741235246130829e-03
1.450000000000000400e+00 1.545340236193419592e-02 1.994253890304814331e-03
1.480000000000000426e+00 1.473875292837472338e-02 2.271440534444318232e-03
1.510000000000000453e+00 1.580186250443059437e-02 2.579039525294652812e-03
1.540000000000000480e+00 1.475655219240887793e-02 2.968810914150380505e-03
1.570000000000000506e+00 1.444804132161273125e-02 3.417399229985598492e-03
1.600000000000000533e+00 1.446646139126732573e-02 3.916590867457257243e-03
1.630000000000000560e+00 1.328078486415189448e-02 4.458337477039213403e-03
1.660000000000000586e+00 1.334780645885168433e-02 5.055629157200583132e-03
1.690000000000000613e+00 1.292923440990748248e-02 5.739272579139096178e-03
1.720000000000000639e+00 1.100934305724645540e-02 6.493606426226881771e-03
1.750000000000000666e+00 1.026069671385239010e-02 7.303896945820917072e-03
1.780000000000000693e+00 8.505911717584571305e-03 8.646812051935917620e-03
1.810000000000000719e+00 8.772765307651532798e-03 9.966929645035300586e-03
1.840000000000000746e+00 4.983855928401823010e-03 1.072709151077826974e-02
1.870000000000000773e+00 3.572043222528094482e-03 1.117195212624686254e-02
1.900000000000000799e+00 2.902794317072149993e-03 1.180486838095006104e-02
1.930000000000000826e+00 9.249213349959422171e-04 1.233386145813909068e-02
1.960000000000000853e+00 -1.009239625515192910e-03 1.285182189822853954e-02
1.990000000000000879e+00 1.550970948402928930e-03 1.338042073527311200e-02
2.020000000000000906e+00 -2.792505500321258629e-03 1.327371754081728590e-02
2.050000000000000711e+00 -3.994268551808780239e-05 1.311896852747438530e-02
2.080000000000000959e+00 -1.859200742662584080e-03 1.329736106312998274e-02
2.110000000000001208e+00 -8.627694423590219095e-04 1.342101032035185847e-02
2.140000000000001013e+00 -2.387071826628494112e-03 1.339925259163929870e-02
2.170000000000000817e+00 -1.819855623461894033e-04 1.299083083004327205e-02
2.200000000000001066e+00 -2.260175239039743846e-03 1.211283867948478518e-02
2.230000000000001315e+00 -3.730760394484671123e-03 1.107081356358378607e-02
2.260000000000001119e+00 -8.550584805945616630e-04 1.004633073084685614e-02
2.290000000000000924e+00 6.086844036656200970e-04 9.507484070455728131e-03
2.320000000000001172e+00 2.103759149109615031e-04 9.181440264931671133e-03
2.350000000000001421e+00 -1.268780334093416945e-03 8.917277360969925321e-03
2.380000000000001226e+00 2.871186888763355301e-04 8.744799050304929641e-03
2.410000000000001030e+00 -1.025413135573803678e-03 4.705405331938819491e-02
2.440000000000001279e+00 -5.697594254671465040e-05 1.018518372131928806e-01
2.470000000000001528e+00 -1.908558721719679765e-04 8.131871926477240997e-03
2.500000000000001332e+00 -4.298921855378005875e-04 7.900109899095793253e-03
2.530000000000001137e+00 -1.797850915675686676e-03 7.754833642695527912e-03
2.560000000000001386e+00 -1.281095082648468905e-03 7.580716161162370272e-03
2.590000000000001634e+00 -1.172727631898650086e-03 7.447062423572571935e-03
2.620000000000001439e+00 -6.459707395711125188e-04 7.321478138095364324e-03
2.650000000000001243e+00 -2.182741919447393362e-04 7.278059006703451080e-03
2.680000000000001492e+00 -5.918699377704926285e-04 7.282896033902918308e-03
2.710000000000001741e+00 1.691274339835276174e-04 7.117463243569065179e-03
2.740000000000001545e+00 -1.504445386653228403e-03 6.984549423538542398e-03
2.770000000000001350e+00 -5.794414784867035848e-04 6.808066587899368714e-03
2.800000000000001599e+00 -1.146533960206916076e-03 6.582534764392767093e-03
2.830000000000001847e+00 -1.869144628302837592e-03 7.767808324724177413e-03
2.860000000000001652e+00 -1.389485668190898861e-03 6.140319088122186617e-03
2.890000000000001457e+00 -1.344753803338719729e-03 5.910163100433156978e-03
2.920000000000001705e+00 -1.814670657657021504e-03 5.652435234337056628e-03
2.950000000000001954e+00 3.830928392681921314e-04 5.398659183608204258e-03
2.980000000000001759e+00 -1.136433918499467734e-03 5.134709027396975635e-03
3.010000000000001563e+00 -1.712274661006703540e-03 4.897509242461935489e-03
3.040000000000001812e+00 -7.531102090478855333e-04 4.767824481438921215e-03
3.070000000000002061e+00 -1.402013710692562006e-03 4.437544252788350012e-03
3.100000000000001865e+00 -1.821736918179897580e-03 4.198827647924462808e-03
3.130000000000001670e+00 1.981382172935425268e-04 3.883444647064526311e-03
3.160000000000001918e+00 1.133169741393824431e-03 3.984381015646762912e-03
3.190000000000002167e+00 -5.979766516706245898e-06 4.012504796788211869e-03
