# q_A^-1 I sigma_shared_background
5.000000000000000104e-03 3.439117036258838134e+00 4.078487568742201752e+00
6.000000000000000125e-03 4.224008937553429988e+00 1.861153092925918129e+00
7.000000000000000146e-03 3.800352787068123739e+00 9.047952767326834511e-01
8.000000000000000167e-03 4.056841437186125887e+00 4.925383729806360744e-01
9.000000000000001055e-03 3.982849955495289418e+00 3.116883198575356451e-01
1.000000000000000021e-02 3.795857303826879914e+00 2.239292777596792461e-01
1.099999999999999936e-02 3.862400371629325146e+00 1.755795356887629166e-01
1.200000000000000025e-02 4.060347798570182576e+00 1.397045312667023753e-01
1.300000000000000114e-02 3.958832043380627219e+00 1.178479603320221336e-01
1.400000000000000203e-02 3.830660856377617218e+00 1.005438590783483965e-01
1.499999999999999944e-02 3.880495447704962242e+00 8.677518973162941240e-02
1.600000000000000033e-02 3.851750463846855155e+00 7.487663019687237909e-02
1.700000000000000122e-02 3.787146440546198978e+00 6.730924798555312782e-02
1.800000000000000211e-02 3.826149099162456491e+00 6.030744265277172833e-02
1.899999999999999953e-02 3.694765270891463782e+00 5.590333854746359216e-02
2.000000000000000042e-02 3.633941701352332299e+00 5.089923144188233245e-02
2.100000000000000130e-02 3.580434948273304663e+00 4.767162390089989266e-02
2.200000000000000219e-02 3.535948261683558247e+00 4.505942277903054322e-02
2.300000000000000308e-02 3.475040717042261473e+00 4.175838970501506014e-02
2.400000000000000050e-02 3.452780895901669478e+00 3.968462105633076276e-02
2.500000000000000139e-02 3.416256356149583340e+00 3.823086500450492697e-02
2.600000000000000228e-02 3.357611670191805064e+00 3.635021489171837844e-02
2.699999999999999969e-02 3.314740015098408765e+00 3.488531886639602286e-02
2.800000000000000058e-02 3.217972102194099460e+00 3.280793502910209908e-02
2.900000000000000147e-02 3.148002666337018418e+00 3.226607813050694218e-02
3.000000000000000236e-02 3.095316670368043699e+00 3.124582489269503785e-02
3.100000000000000325e-02 3.082926140822695782e+00 3.005052943059945483e-02
3.200000000000000067e-02 2.991999676928351892e+00 2.884758203406393579e-02
3.300000000000000155e-02 2.950121660695967929e+00 2.833666184486624551e-02
3.400000000000000244e-02 2.836489526212442325e+00 2.773066282341018346e-02
3.499999999999999639e-02 2.788362244943088264e+00 2.673019878464219512e-02
3.599999999999999728e-02 2.747122509249791289e+00 2.630190754496774044e-02
3.699999999999999817e-02 2.690469942137206250e+00 2.551716548342790325e-02
3.799999999999999906e-02 2.637556525380151839e+00 2.508984331247908484e-02
3.899999999999999994e-02 2.550576193606290953e+00 2.437405993987250621e-02
4.000000000000000083e-02 2.526870097482699862e+00 2.395224892921964804e-02
4.100000000000000172e-02 2.454261115378681080e+00 2.333265492321513757e-02
4.199999999999999567e-02 2.389226793750371503e+00 2.311063872951884049e-02
4.299999999999999656e-02 2.354635232999462424e+00 2.248041531556210088e-02
4.399999999999999745e-02 2.280285135332869029e+00 2.211853352057905828e-02
4.499999999999999833e-02 2.229293519389287326e+00 2.174325616910591230e-02
4.599999999999999922e-02 2.218016518364194223e+00 2.120978155528492615e-02
4.700000000000000011e-02 2.141619139239201886e+00 2.081800249104817993e-02
4.800000000000000100e-02 2.078667520450627304e+00 2.057688442584227131e-02
4.899999999999999495e-02 2.041689354311940985e+00 2.022059953060880225e-02
5.000000000000000278e-02 1.987525378465907933e+00 2.008974712164493526e-02
5.200000000000000455e-02 1.882678276643793280e+00 1.356095128620963403e-02
5.400000000000000633e-02 1.807293801038008407e+00 1.325941072740083847e-02
5.600000000000000810e-02 1.704567195170443306e+00 1.326453279162653591e-02
5.800000000000000988e-02 1.632170276701308875e+00 1.330256615596387727e-02
6.000000000000001166e-02 1.579069527609675561e+00 1.312385507363979242e-02
6.200000000000001343e-02 1.482745146999415287e+00 1.241586809317176375e-02
6.400000000000001521e-02 1.429349603098631905e+00 1.211830665122778407e-02
6.600000000000001699e-02 1.356886534245853149e+00 1.173010880560550369e-02
6.800000000000001876e-02 1.278956840519741567e+00 1.140075320590127478e-02
7.000000000000002054e-02 1.229107603736224741e+00 1.118566321323232436e-02
7.200000000000002232e-02 1.177677686912537824e+00 1.104605517773243721e-02
7.400000000000002409e-02 1.134591491674723951e+00 1.097893083669087937e-02
7.600000000000002587e-02 1.082349445046519198e+00 1.068385278709070053e-02
7.800000000000002764e-02 1.017446247251621694e+00 1.057057571463759435e-02
8.000000000000002942e-02 1.001630441934638904e+00 1.067512485208015234e-02
8.200000000000003120e-02 9.430288672997602095e-01 1.061201223606134635e-02
8.400000000000003297e-02 9.056896045170956810e-01 1.022954172489782924e-02
8.600000000000003475e-02 8.864268868894149556e-01 9.994109557065814636e-03
8.800000000000003653e-02 8.459729246429913418e-01 1.005809644004828328e-02
9.000000000000003830e-02 8.161571570389305474e-01 1.004320423354727355e-02
9.200000000000004008e-02 7.878232044547525126e-01 9.914274708693023366e-03
9.400000000000004186e-02 7.538781660961874076e-01 9.843029970318550870e-03
9.600000000000004363e-02 7.179919514061081642e-01 9.833749909599473135e-03
9.800000000000004541e-02 6.898173799664196748e-01 9.770282032840773428e-03
1.000000000000000056e-01 6.675701489049550297e-01 9.674820781865753339e-03
1.050000000000000100e-01 6.186453137835803417e-01 5.971523418758479564e-03
1.100000000000000144e-01 5.639292709103479462e-01 5.823342742683357970e-03
1.150000000000000189e-01 5.281598497072104159e-01 5.681683047495796231e-03
1.200000000000000233e-01 4.674728624561259038e-01 5.576192226949676714e-03
1.250000000000000278e-01 4.435329582460813547e-01 5.632677923158977210e-03
1.300000000000000322e-01 4.149001390137310730e-01 5.655665936502215878e-03
1.350000000000000366e-01 3.923581908666548546e-01 5.436300342971305682e-03
1.400000000000000411e-01 3.608573185902521629e-01 5.338910254328539662e-03
1.450000000000000455e-01 3.367144306155814837e-01 5.249877095798913089e-03
1.500000000000000500e-01 3.222730613941520161e-01 5.436059458427689936e-03
1.550000000000000544e-01 2.953833040571010038e-01 5.466664241064649564e-03
1.600000000000000588e-01 2.779544218937735622e-01 5.489855069461204232e-03
1.650000000000000633e-01 2.645511593514945914e-01 5.535849667764171887e-03
1.700000000000000677e-01 2.405526804545955188e-01 5.553682780584133678e-03
1.750000000000000722e-01 2.380376113437979724e-01 5.506006112138801638e-03
1.800000000000000766e-01 2.228988390367178107e-01 4.800568071362060207e-03
1.850000000000000810e-01 2.117266123106316122e-01 4.732341011113046399e-03
1.900000000000000855e-01 1.985360217739654543e-01 4.628945589237565619e-03
1.950000000000000899e-01 1.917614661591735825e-01 4.560912876219644016e-03
2.000000000000000944e-01 1.901445320816901596e-01 4.762483188812237193e-03
2.050000000000000988e-01 1.775524035466566064e-01 4.803525694295279584e-03
2.100000000000001033e-01 1.681063742388947124e-01 4.737479197377381969e-03
2.150000000000001077e-01 1.660768634137132771e-01 4.775031866692914378e-03
2.200000000000001121e-01 1.558010846074120992e-01 4.652302850643818058e-03
2.250000000000001166e-01 1.511788319795788760e-01 4.660128720061383276e-03
2.300000000000001210e-01 1.477550843680671133e-01 4.482122204701437067e-03
2.350000000000001255e-01 1.440755959777943185e-01 4.797834201064059452e-03
2.400000000000001299e-01 1.349599469445128541e-01 5.107222989051695382e-03
2.450000000000001343e-01 1.343387704783142456e-01 4.889596211047540081e-03
2.500000000000001110e-01 1.244054516303692848e-01 5.137888537995074882e-03
2.550000000000001155e-01 1.273479247516537682e-01 5.038759159725709515e-03
2.600000000000001199e-01 1.177367755836075669e-01 5.386489401751452799e-03
2.650000000000001243e-01 1.074023258505718004e-01 5.116315325606425254e-03
2.700000000000001288e-01 1.160165990748948800e-01 5.379631716736679725e-03
2.750000000000001332e-01 1.143822070575938044e-01 5.171349706009854309e-03
2.800000000000001377e-01 1.122290671582392985e-01 5.261485467834978863e-03
2.850000000000001421e-01 1.017808815809373435e-01 5.233518850914248288e-03
2.900000000000001465e-01 9.987550110220153043e-02 5.013600281546999257e-03
2.950000000000001510e-01 9.736071011657451701e-02 4.947790277362326336e-03
3.000000000000001554e-01 9.433331206991447948e-02 5.142434680210435267e-03
3.050000000000001599e-01 9.510098679799833254e-02 5.175214435311110105e-03
3.100000000000001643e-01 9.098804034237142901e-02 5.058585617748316901e-03
3.150000000000001688e-01 9.274166613571244167e-02 4.992349683746000882e-03
3.200000000000001732e-01 8.884770948498685317e-02 4.968442672984200482e-03
3.250000000000001776e-01 8.938521673106029908e-02 4.876040263339376235e-03
3.300000000000001821e-01 8.257548792714085317e-02 4.755358961667848113e-03
3.350000000000001865e-01 8.455278954434769512e-02 4.861865331526102514e-03
3.400000000000001910e-01 7.979824954287123573e-02 4.576330178242583868e-03
3.450000000000001954e-01 7.982783680250427061e-02 4.772505121494127929e-03
3.500000000000001998e-01 7.451303519111471263e-02 4.448914372225192503e-03
3.550000000000002043e-01 8.105458055001371620e-02 4.659282465311387345e-03
3.600000000000002087e-01 7.336201679806624021e-02 4.647762865426447246e-03
3.650000000000002132e-01 7.470116541704810431e-02 4.528368889856563932e-03
3.700000000000002176e-01 7.213399421391895883e-02 4.591537069629299424e-03
3.750000000000002220e-01 7.488434737522192686e-02 4.592677511070826155e-03
3.800000000000002265e-01 6.906587770898249545e-02 4.633136580472604384e-03
3.850000000000002309e-01 7.199715228337343065e-02 4.277617864475950944e-03
3.900000000000002354e-01 6.801258920932276575e-02 4.758732413462636417e-03
3.950000000000002398e-01 7.027234647164344594e-02 4.627063905069105434e-03
4.000000000000002442e-01 6.707506478968228159e-02 4.480333897164233935e-03
4.050000000000002487e-01 6.714414137143367989e-02 4.177163279220295553e-03
4.100000000000002531e-01 6.656230704419097144e-02 4.140893982037472699e-03
4.150000000000002576e-01 6.281874714983447239e-02 4.152433077233195179e-03
4.200000000000002620e-01 6.575472417875541375e-02 4.106204981216394177e-03
4.250000000000002665e-01 6.472657361523614927e-02 4.274422893434425344e-03
4.300000000000002709e-01 6.267845619878438523e-02 3.971573940628629618e-03
4.350000000000002753e-01 6.183535031378389890e-02 4.116766846255582972e-03
4.400000000000002798e-01 6.122471652442686846e-02 4.063638505728652157e-03
4.450000000000002842e-01 6.160472311127978412e-02 4.027145189361346252e-03
4.500000000000002887e-01 6.056941387947877703e-02 3.903721757866324572e-03
4.550000000000002931e-01 5.718015431866933090e-02 3.876001363963623141e-03
4.600000000000002975e-01 5.863030871071186340e-02 3.851793127007562944e-03
4.650000000000003020e-01 5.791028018078017009e-02 3.907603850266045883e-03
4.700000000000003064e-01 6.215127697733154738e-02 3.814166012959549143e-03
4.750000000000003109e-01 5.616476318765097758e-02 3.885452801539180257e-03
4.800000000000003153e-01 5.866140347205775485e-02 4.191270085661918075e-03
4.850000000000003197e-01 5.306147024959131930e-02 4.302245191368856206e-03
4.900000000000003242e-01 5.380859063164455253e-02 3.763548953521489437e-03
4.950000000000003286e-01 5.503224557631164471e-02 3.701664050979765024e-03
5.000000000000000000e-01 5.339696333572208770e-02 3.760844180223442239e-03
5.100000000000000089e-01 5.683463731627600574e-02 2.555429778308356686e-03
5.200000000000000178e-01 5.492705430831142099e-02 2.570484655318493097e-03
5.300000000000000266e-01 5.028487467647344694e-02 2.467795575477011588e-03
5.400000000000000355e-01 5.089149675825129643e-02 2.507814546138250212e-03
5.500000000000000444e-01 4.968002506608390489e-02 2.444646484481010403e-03
5.600000000000000533e-01 5.139287839645165223e-02 2.449805838039014697e-03
5.700000000000000622e-01 4.807613776212295298e-02 2.423317283085432185e-03
5.800000000000000711e-01 4.577768587273077505e-02 2.366452748897129432e-03
5.900000000000000799e-01 4.587739820229741472e-02 2.341990968115980568e-03
6.000000000000000888e-01 4.721456935706985075e-02 2.302668975049554020e-03
6.100000000000000977e-01 4.610187550277167201e-02 2.307065781943411567e-03
6.200000000000001066e-01 4.475592340218603749e-02 2.219458799313505249e-03
6.300000000000001155e-01 4.208261687914502391e-02 2.254419031817995415e-03
6.400000000000001243e-01 4.425902482628069762e-02 2.177305107288400859e-03
6.500000000000001332e-01 4.269477821492264485e-02 2.227138163465888429e-03
6.600000000000001421e-01 4.081041311767645563e-02 2.187262994020326701e-03
6.700000000000001510e-01 4.024807942606177524e-02 2.179829313972862347e-03
6.800000000000001599e-01 4.186951326741053525e-02 2.169386063769246972e-03
6.900000000000001688e-01 4.303944565753595880e-02 2.131327782456618296e-03
7.000000000000001776e-01 3.831833921330171644e-02 2.087189895594682761e-03
7.100000000000001865e-01 3.842823938829403180e-02 2.121181153564790853e-03
7.200000000000001954e-01 3.877751471357860497e-02 2.067736153514386239e-03
7.300000000000002043e-01 3.886932326151600753e-02 2.083549383969460472e-03
7.400000000000002132e-01 3.629597413367057629e-02 2.051218522397306454e-03
7.500000000000002220e-01 3.506532054625722400e-02 2.045655978608451608e-03
7.600000000000002309e-01 3.609379968941407030e-02 2.021921345508978507e-03
7.700000000000002398e-01 3.444707951619863096e-02 2.014597694665603168e-03
7.800000000000002487e-01 3.713193369328924437e-02 2.031732420402861030e-03
7.900000000000002576e-01 3.562989073433829590e-02 2.028082296318083413e-03
8.000000000000002665e-01 3.619987084071254330e-02 1.996272503893589938e-03
8.100000000000002753e-01 3.286225410376183986e-02 1.963845981572878187e-03
8.200000000000002842e-01 3.336209090556999102e-02 1.963032165024984101e-03
8.300000000000002931e-01 3.325608223763435595e-02 1.984091284147266807e-03
8.400000000000003020e-01 3.589735508218460519e-02 1.972329911613889507e-03
8.500000000000003109e-01 3.329992727061940189e-02 1.948757016446627877e-03
8.600000000000003197e-01 3.227112166633393925e-02 1.952497981724907183e-03
8.700000000000003286e-01 3.240242265273596961e-02 1.946374476350327520e-03
8.800000000000003375e-01 3.098447114921699941e-02 1.982941233133912132e-03
8.900000000000003464e-01 3.081173166563220406e-02 1.862801109385779598e-03
9.000000000000003553e-01 2.795327698573573522e-02 1.819412365854032685e-03
9.100000000000003642e-01 3.117431498708667093e-02 1.760231092602645726e-03
9.200000000000003730e-01 3.093526040350454837e-02 1.751417690873051164e-03
9.300000000000003819e-01 2.831522369297342218e-02 1.766754721476871456e-03
9.400000000000003908e-01 2.906301483363595700e-02 1.731246545729879559e-03
9.500000000000003997e-01 2.802452815918017592e-02 1.723943482290995468e-03
9.600000000000004086e-01 3.092273463683078288e-02 1.672617683030407348e-03
9.700000000000004174e-01 2.984990595820470605e-02 1.670050238448507647e-03
9.800000000000004263e-01 2.968015318874783065e-02 1.670431308857883712e-03
9.900000000000004352e-01 3.202292159967398688e-02 1.664704064087449680e-03
1.000000000000000000e+00 3.029213407812770750e-02 1.649033975180717046e-03
1.030000000000000027e+00 2.848682648234471607e-02 9.562335992722103238e-04
1.060000000000000053e+00 2.899237018871850258e-02 9.792961257452563809e-04
1.090000000000000080e+00 2.964835406405768453e-02 1.006409791453273571e-03
1.120000000000000107e+00 3.018897107508353855e-02 1.014260493101572930e-03
1.150000000000000133e+00 2.981204809652895221e-02 1.020707950220153251e-03
1.180000000000000160e+00 3.015193141720452427e-02 1.018632488226785607e-03
1.210000000000000187e+00 3.031557281609399690e-02 1.044878100274550118e-03
1.240000000000000213e+00 3.213225637705805632e-02 1.080481603193939348e-03
1.270000000000000240e+00 3.347017965790986121e-02 1.149625221198103710e-03
1.300000000000000266e+00 3.329319821577048782e-02 1.224586399169490377e-03
1.330000000000000293e+00 3.495468860038229708e-02 1.336629802625609190e-03
1.360000000000000320e+00 3.543325105564590349e-02 4.279824873838090210e-03
1.390000000000000346e+00 3.695119855715438967e-02 2.159794066580565941e-01
1.420000000000000373e+00 3.538883225453537396e-02 1.983296440238567666e-03
1.450000000000000400e+00 3.645901654791685459e-02 2.099774457433627867e-03
1.480000000000000426e+00 3.631558332984043819e-02 2.390481203004130722e-03
1.510000000000000453e+00 3.803442332254660524e-02 2.714408443121078644e-03
1.540000000000000480e+00 3.759324872442894316e-02 3.127943633179607053e-03
1.570000000000000506e+00 3.569382726213028711e-02 3.593048614272406540e-03
1.600000000000000533e+00 3.534537053330590733e-02 4.119974617276710854e-03
1.630000000000000560e+00 3.519659672649193272e-02 4.695738156875509627e-03
1.660000000000000586e+00 3.337572205645572554e-02 5.318530080756143225e-03
1.690000000000000613e+00 3.061053722253449100e-02 6.036972815831837674e-03
1.720000000000000639e+00 2.865721487271468901e-02 6.834803332293316533e-03
1.750000000000000666e+00 2.484684010662234141e-02 7.684795890417110177e-03
1.780000000000000693e+00 2.170529659118727514e-02 9.103194458624151025e-03
1.810000000000000719e+00 1.725404293994656918e-02 1.048671700466191278e-02
1.840000000000000746e+00 1.333257457499936911e-02 1.128401093787804489e-02
1.870000000000000773e+00 1.283691148086957452e-02 1.175578008429629603e-02
1.900000000000000799e+00 7.326929101245660547e-03 1.241527697053759760e-02
1.930000000000000826e+00 2.296579442353062581e-03 1.297542713731686739e-02
1.960000000000000853e+00 1.163448249984118995e-03 1.351551987197521267e-02
1.990000000000000879e+00 -3.580461519456792853e-04 1.407284502866240107e-02
2.020000000000000906e+00 -2.313267294939912698e-03 1.396310880452117202e-02
2.050000000000000711e+00 -4.673582765813697956e-03 1.380343971780849735e-02
2.080000000000000959e+00 -6.148983934559558440e-03 1.397911274093351260e-02
2.110000000000001208e+00 -5.434080740650356137e-03 1.411286299618462470e-02
2.140000000000001013e+00 -4.695907386542214068e-03 1.408189892174043119e-02
2.170000000000000817e+00 -5.099056773631832455e-03 1.366850967766215612e-02
2.200000000000001066e+00 -6.171636747173954093e-03 1.273108724947427835e-02
2.230000000000001315e+00 -3.687481432737684060e-03 1.164762129851456413e-02
2.260000000000001119e+00 -4.097280212468549718e-03 1.056265892839616631e-02
2.290000000000000924e+00 -2.264245786703195876e-03 9.997024698540059318e-03
2.320000000000001172e+00 -2.805568076926749296e-03 9.654635544377161357e-03
2.350000000000001421e+00 -2.474607717288119287e-03 9.378698463451943038e-03
2.380000000000001226e+00 -2.843311405659498890e-03 9.197051866767750813e-03
2.410000000000001030e+00 -3.220729526083706412e-03 4.947168968125398303e-02
2.440000000000001279e+00 -2.597226937365643661e-03 1.070074647341560520e-01
2.470000000000001528e+00 4.079189586224299781e-04 8.550013090519212322e-03
2.500000000000001332e+00 -5.227810149886382004e-04 8.304514909826600164e-03
2.530000000000001137e+00 -7.931462267643843954e-04 8.155256759854619814e-03
2.560000000000001386e+00 -8.446555916009994541e-04 7.972224376621012132e-03
2.590000000000001634e+00 -1.706378790262696576e-03 7.829196089087223781e-03
2.620000000000001439e+00 -1.295690913151820167e-03 7.699517456742344806e-03
2.650000000000001243e+00 -1.195146988641285820e-03 7.654383749452953536e-03
2.680000000000001492e+00 -4.566994665711486589e-04 7.657625121648426077e-03
2.710000000000001741e+00 -3.129496717700480050e-03 7.485568897550804249e-03
2.740000000000001545e+00 -2.778412945287022772e-03 7.350818234700104252e-03
2.770000000000001350e+00 -1.606170083962403516e-04 7.155614297978415625e-03
2.800000000000001599e+00 -1.326182807037133487e-03 6.924695390857973400e-03
2.830000000000001847e+00 -2.555467955935951992e-03 8.165613831012821441e-03
2.860000000000001652e+00 -2.908343386243690543e-03 6.461166774898800466e-03
2.890000000000001457e+00 -2.951386028925342877e-03 6.218739331031031617e-03
2.920000000000001705e+00 -2.879852013986074905e-03 5.948188942848459983e-03
2.950000000000001954e+00 3.395141025161227768e-05 5.677614930478032396e-03
2.980000000000001759e+00 -2.292789896079558529e-04 5.402707443629565891e-03
3.010000000000001563e+00 -2.563776104804679074e-03 5.146326561648161685e-03
3.040000000000001812e+00 -1.149504012688081032e-03 5.011166280648678834e-03
3.070000000000002061e+00 -2.111566151553381223e-04 4.671580518909914000e-03
3.100000000000001865e+00 -5.652003003357110224e-04 4.417981967243213987e-03
3.130000000000001670e+00 8.273916128779630543e-05 4.076727767526534991e-03
3.160000000000001918e+00 1.446837617313641690e-03 4.183448289817614553e-03
3.190000000000002167e+00 8.660252150237171239e-04 4.212884777605565081e-03
