# q_A^-1 I sigma_shared_background
5.000000000000000104e-03 6.876009522588525158e+00 3.946422124873331327e+00
6.000000000000000125e-03 6.287814448462628825e+00 1.797877215445555565e+00
7.000000000000000146e-03 5.277111125730035823e+00 8.761577561466199482e-01
8.000000000000000167e-03 5.034191195225171001e+00 4.771643477866095995e-01
9.000000000000001055e-03 4.466760974574313536e+00 3.013506696626408465e-01
1.000000000000000021e-02 4.241299813755016856e+00 2.168628891761172073e-01
1.099999999999999936e-02 4.211165382779630484e+00 1.703291411240211439e-01
1.200000000000000025e-02 4.279858949470166429e+00 1.355388487468901781e-01
1.300000000000000114e-02 4.158368443257449698e+00 1.143885476812083468e-01
1.400000000000000203e-02 4.031796081277383870e+00 9.767324561276204131e-02
1.499999999999999944e-02 4.043370383006585023e+00 8.435204749768734911e-02
1.600000000000000033e-02 3.986745163278718973e+00 7.264349061209279812e-02
1.700000000000000122e-02 3.908483490751275991e+00 6.545350531532621863e-02
1.800000000000000211e-02 3.877179865158750349e+00 5.870698382811288113e-02
1.899999999999999953e-02 3.764260480104492768e+00 5.443622653714132870e-02
2.000000000000000042e-02 3.720792949081269896e+00 4.953719244188784648e-02
2.100000000000000130e-02 3.713254241745489903e+00 4.643435859416335937e-02
2.200000000000000219e-02 3.599186640725453579e+00 4.394189594950009131e-02
2.300000000000000308e-02 3.542263330457600556e+00 4.072527758420490390e-02
2.400000000000000050e-02 3.523457961869764787e+00 3.868491243483085373e-02
2.500000000000000139e-02 3.475761058707264262e+00 3.730930236967753416e-02
2.600000000000000228e-02 3.425825531535900748e+00 3.544004757402682837e-02
2.699999999999999969e-02 3.381706994281413081e+00 3.402670892676201708e-02
2.800000000000000058e-02 3.276185776443443221e+00 3.201628546013029347e-02
2.900000000000000147e-02 3.214499641808445052e+00 3.150830067046305610e-02
3.000000000000000236e-02 3.140129772497629812e+00 3.052745950088012888e-02
3.100000000000000325e-02 3.148807304125048390e+00 2.931176401422631167e-02
3.200000000000000067e-02 3.042354344533269472e+00 2.818127625312958143e-02
3.300000000000000155e-02 3.002391853497213603e+00 2.769204814886567362e-02
3.400000000000000244e-02 2.893930597864403431e+00 2.710334255642390250e-02
3.499999999999999639e-02 2.831669262699640921e+00 2.609871788824513414e-02
3.599999999999999728e-02 2.812928868382038594e+00 2.567080405405353094e-02
3.699999999999999817e-02 2.728223012167115158e+00 2.492460645080752518e-02
3.799999999999999906e-02 2.678362045970963834e+00 2.449263757179759998e-02
3.899999999999999994e-02 2.606605810722885774e+00 2.378874118585792494e-02
4.000000000000000083e-02 2.568968465572125659e+00 2.338112842710720132e-02
4.100000000000000172e-02 2.498168977378511180e+00 2.278077614788472094e-02
4.199999999999999567e-02 2.425916319981846758e+00 2.254474078020540090e-02
4.299999999999999656e-02 2.393600311169227890e+00 2.193613819986377222e-02
4.399999999999999745e-02 2.330731164678089495e+00 2.159463828672882751e-02
4.499999999999999833e-02 2.277624538861881209e+00 2.121089065125271109e-02
4.599999999999999922e-02 2.249746285634047549e+00 2.071069756724656930e-02
4.700000000000000011e-02 2.167204195457792526e+00 2.031866767907829219e-02
4.800000000000000100e-02 2.128468828851727945e+00 2.007599901613415019e-02
4.899999999999999495e-02 2.088120583659415885e+00 1.972660037421140530e-02
5.000000000000000278e-02 2.024278813704164737e+00 1.961235644272978779e-02
5.200000000000000455e-02 1.909180704363090397e+00 1.322898630401549841e-02
5.400000000000000633e-02 1.846165882186113549e+00 1.293387304190534229e-02
5.600000000000000810e-02 1.742282535036139057e+00 1.292786534324677494e-02
5.800000000000000988e-02 1.675955422348758050e+00 1.296491880794942153e-02
6.000000000000001166e-02 1.615919085744036421e+00 1.279188478764269228e-02
6.200000000000001343e-02 1.512064284534614833e+00 1.209693343590809676e-02
6.400000000000001521e-02 1.448100506516460717e+00 1.180986292614032325e-02
6.600000000000001699e-02 1.387526803643075679e+00 1.142628680751356547e-02
6.800000000000001876e-02 1.309503640151767012e+00 1.110597725414738147e-02
7.000000000000002054e-02 1.254197011642451454e+00 1.089259320456722330e-02
7.200000000000002232e-02 1.201543653932891420e+00 1.075366132549046908e-02
7.400000000000002409e-02 1.149215963619786285e+00 1.068542816192105671e-02
7.600000000000002587e-02 1.110106362383290524e+00 1.039900744355096163e-02
7.800000000000002764e-02 1.041715555134908877e+00 1.028473234580900772e-02
8.000000000000002942e-02 1.019967862282507687e+00 1.038969252525163804e-02
8.200000000000003120e-02 9.625026819243885923e-01 1.032649482966975681e-02
8.400000000000003297e-02 9.212830842520138841e-01 9.953694374173132492e-03
8.600000000000003475e-02 9.031731471377554277e-01 9.718255082305891565e-03
8.800000000000003653e-02 8.653849101941247790e-01 9.783590661496435748e-03
9.000000000000003830e-02 8.314660753420044514e-01 9.768974131478170078e-03
9.200000000000004008e-02 8.070263607211979329e-01 9.644150254400367731e-03
9.400000000000004186e-02 7.646110471653545515e-01 9.566612351022451069e-03
9.600000000000004363e-02 7.334844182213720032e-01 9.561586922719651077e-03
9.800000000000004541e-02 6.994634152996783705e-01 9.501440075839225410e-03
1.000000000000000056e-01 6.742608643464619300e-01 9.401284185320575928e-03
1.050000000000000100e-01 6.284833450826055046e-01 5.803025036975622067e-03
1.100000000000000144e-01 5.711862144928107066e-01 5.658159582207947930e-03
1.150000000000000189e-01 5.385407333933613927e-01 5.518671403928416923e-03
1.200000000000000233e-01 4.799638912911024513e-01 5.415069285802477823e-03
1.250000000000000278e-01 4.567733717752084921e-01 5.470459052285957247e-03
1.300000000000000322e-01 4.221264182619621219e-01 5.490184115406145093e-03
1.350000000000000366e-01 3.978502801915775322e-01 5.276333571601931824e-03
1.400000000000000411e-01 3.669104065932606296e-01 5.181299711048681193e-03
1.450000000000000455e-01 3.417789714316907812e-01 5.094375625938535324e-03
1.500000000000000500e-01 3.258191239768289948e-01 5.274427018077072760e-03
1.550000000000000544e-01 2.999715651177135567e-01 5.302817299075674416e-03
1.600000000000000588e-01 2.836173862455431127e-01 5.326160266848164147e-03
1.650000000000000633e-01 2.716999142920371035e-01 5.371001321850994020e-03
1.700000000000000677e-01 2.450889129819107948e-01 5.386972871018707101e-03
1.750000000000000722e-01 2.416459689529253663e-01 5.339991613650601349e-03
1.800000000000000766e-01 2.304986693619342220e-01 4.654159021164936717e-03
1.850000000000000810e-01 2.167754464560933125e-01 4.588774441252180952e-03
1.900000000000000855e-01 2.026199326751808583e-01 4.479763466506346027e-03
1.950000000000000899e-01 1.961942215071398876e-01 4.420707994738270336e-03
2.000000000000000944e-01 1.913668116659999474e-01 4.602471479682460759e-03
2.050000000000000988e-01 1.782029481476490318e-01 4.658594809030465293e-03
2.100000000000001033e-01 1.716505859443865634e-01 4.588277904363667267e-03
2.150000000000001077e-01 1.630251571250886933e-01 4.632615817647231689e-03
2.200000000000001121e-01 1.596251808495216529e-01 4.521252689376568761e-03
2.250000000000001166e-01 1.502194043639259180e-01 4.512315489219759571e-03
2.300000000000001210e-01 1.498795878322523312e-01 4.344171765336440026e-03
2.350000000000001255e-01 1.432458707464423775e-01 4.657500416275530720e-03
2.400000000000001299e-01 1.342854856520642737e-01 4.967135452290104801e-03
2.450000000000001343e-01 1.374479591525798183e-01 4.741177044335168414e-03
2.500000000000001110e-01 1.276662038673852251e-01 4.982310768950785201e-03
2.550000000000001155e-01 1.308467565731719073e-01 4.885508395435353944e-03
2.600000000000001199e-01 1.198392998961552436e-01 5.221800140965910351e-03
2.650000000000001243e-01 1.119894134387829920e-01 4.952163706689573924e-03
2.700000000000001288e-01 1.177439259062989935e-01 5.199375274479945720e-03
2.750000000000001332e-01 1.152726101480190390e-01 5.021351803099750183e-03
2.800000000000001377e-01 1.120509507784057529e-01 5.086012316058391262e-03
2.850000000000001421e-01 1.033847407266889201e-01 5.065625834786342298e-03
2.900000000000001465e-01 9.916628100342443630e-02 4.841159681432064682e-03
2.950000000000001510e-01 1.012881644594280373e-01 4.764675128882819681e-03
3.000000000000001554e-01 9.849324907437168042e-02 4.996019659296609475e-03
3.050000000000001599e-01 9.288021225102933986e-02 5.009292710240620915e-03
3.100000000000001643e-01 9.323518120302314027e-02 4.917656103296006581e-03
3.150000000000001688e-01 9.247326033074153295e-02 4.843656668669332581e-03
3.200000000000001732e-01 9.171291427691649623e-02 4.823580329802634042e-03
3.250000000000001776e-01 9.063863057399673684e-02 4.736262293165899306e-03
3.300000000000001821e-01 8.580934816182608782e-02 4.599236229340298091e-03
3.350000000000001865e-01 8.335290109767318212e-02 4.719038133295236012e-03
3.400000000000001910e-01 8.160945651641218768e-02 4.425430265714371675e-03
3.450000000000001954e-01 7.914485302355431240e-02 4.623259043970146323e-03
3.500000000000001998e-01 7.696251014840210791e-02 4.328003188156912331e-03
3.550000000000002043e-01 8.247518063229677954e-02 4.514881117867072975e-03
3.600000000000002087e-01 7.686597138977895038e-02 4.503447112804064532e-03
3.650000000000002132e-01 7.578589021290402239e-02 4.389893324428308617e-03
3.700000000000002176e-01 7.383024437186747058e-02 4.446621450410716096e-03
3.750000000000002220e-01 7.644196543948068856e-02 4.451916409764272199e-03
3.800000000000002265e-01 7.137548093250969949e-02 4.499590398053780402e-03
3.850000000000002309e-01 7.422423476128992004e-02 4.149996919926659568e-03
3.900000000000002354e-01 7.096654452474475405e-02 4.619778743271857856e-03
3.950000000000002398e-01 7.218137854438777534e-02 4.493210185654201300e-03
4.000000000000002442e-01 6.856090384480059696e-02 4.329622651139805253e-03
4.050000000000002487e-01 6.442362746108248883e-02 4.048210375876645783e-03
4.100000000000002531e-01 6.969195228651967056e-02 4.017300850243286925e-03
4.150000000000002576e-01 6.350028483672698343e-02 4.021767794848207095e-03
4.200000000000002620e-01 6.379381396386485381e-02 3.976315041692053687e-03
4.250000000000002665e-01 6.531109777652932546e-02 4.146091031870843824e-03
4.300000000000002709e-01 6.141632662923908470e-02 3.855800818928314423e-03
4.350000000000002753e-01 6.136777969764293378e-02 3.994223532575630169e-03
4.400000000000002798e-01 6.015693539489806729e-02 3.947298982110023641e-03
4.450000000000002842e-01 6.569629032447220351e-02 3.898429638718118456e-03
4.500000000000002887e-01 5.957854647173303764e-02 3.775741692398675280e-03
4.550000000000002931e-01 5.908397413799040820e-02 3.753815189764412707e-03
4.600000000000002975e-01 5.756620873575936381e-02 3.732321945427414557e-03
4.650000000000003020e-01 5.880982011073872251e-02 3.773016564449414422e-03
4.700000000000003064e-01 6.059263329456823777e-02 3.688314067505150170e-03
4.750000000000003109e-01 5.615241637075669284e-02 3.772922767721331554e-03
4.800000000000003153e-01 5.950920684801445926e-02 4.062588514341777292e-03
4.850000000000003197e-01 5.235818536636318438e-02 4.165039393931043755e-03
4.900000000000003242e-01 5.398191967152660836e-02 3.652602289236878824e-03
4.950000000000003286e-01 5.455406293479958535e-02 3.572883132832623595e-03
5.000000000000000000e-01 5.732364189426297080e-02 3.653346113805204867e-03
5.100000000000000089e-01 5.724792984096522402e-02 2.471946234414483957e-03
5.200000000000000178e-01 5.460244255504806410e-02 2.487757595247056235e-03
5.300000000000000266e-01 5.144927110391261937e-02 2.390949266278852986e-03
5.400000000000000355e-01 5.178853439585878737e-02 2.426212751575380130e-03
5.500000000000000444e-01 5.003729604051001395e-02 2.363932154196625533e-03
5.600000000000000533e-01 5.021557312084264785e-02 2.374596515776399106e-03
5.700000000000000622e-01 4.936968131364542767e-02 2.347933312336899364e-03
5.800000000000000711e-01 4.641053594530447635e-02 2.291582940429358426e-03
5.900000000000000799e-01 4.790449118578330584e-02 2.269181279104896636e-03
6.000000000000000888e-01 4.672237764601858828e-02 2.228986712742176551e-03
6.100000000000000977e-01 4.563032385207674985e-02 2.236046161417877976e-03
6.200000000000001066e-01 4.541351881647926608e-02 2.148811494797156409e-03
6.300000000000001155e-01 4.286098760014907250e-02 2.183521970993454811e-03
6.400000000000001243e-01 4.447731338925696443e-02 2.109238097368138116e-03
6.500000000000001332e-01 4.219020761243024581e-02 2.154717038795279493e-03
6.600000000000001421e-01 4.191053532446405855e-02 2.118769237892867679e-03
6.700000000000001510e-01 4.100054372093398652e-02 2.113104279252731813e-03
6.800000000000001599e-01 4.112059746558457962e-02 2.102432867887240372e-03
6.900000000000001688e-01 4.163934655290800479e-02 2.065831937609727015e-03
7.000000000000001776e-01 3.785025303087938969e-02 2.020511055086553816e-03
7.100000000000001865e-01 4.040895744670778417e-02 2.054372811412295483e-03
7.200000000000001954e-01 4.017374609592301582e-02 2.003855634244277890e-03
7.300000000000002043e-01 3.808895561341552743e-02 2.017426208075865247e-03
7.400000000000002132e-01 3.687633962965620321e-02 1.985316210721429012e-03
7.500000000000002220e-01 3.586757323031117967e-02 1.978383319016591580e-03
7.600000000000002309e-01 3.524409629049686521e-02 1.956377949314411398e-03
7.700000000000002398e-01 3.690890681319732719e-02 1.951634181886572261e-03
7.800000000000002487e-01 3.626820114110602955e-02 1.967836502733957479e-03
7.900000000000002576e-01 3.613774130202449669e-02 1.963671826777746258e-03
8.000000000000002665e-01 3.489164485674299543e-02 1.933235018378160266e-03
8.100000000000002753e-01 3.562148274616595833e-02 1.902210004261852905e-03
8.200000000000002842e-01 3.327094372139245693e-02 1.900240954401563511e-03
8.300000000000002931e-01 3.426614459749597469e-02 1.922081756621318079e-03
8.400000000000003020e-01 3.577444308801398104e-02 1.907620917704157520e-03
8.500000000000003109e-01 3.324713112956281802e-02 1.887723373683531823e-03
8.600000000000003197e-01 3.356062262300149590e-02 1.891695049886026611e-03
8.700000000000003286e-01 3.304523400823917989e-02 1.884665904417673126e-03
8.800000000000003375e-01 3.251126388675455031e-02 1.922154090349967228e-03
8.900000000000003464e-01 3.125541729612386216e-02 1.798780243898362267e-03
9.000000000000003553e-01 2.868655849816119374e-02 1.762871693988303512e-03
9.100000000000003642e-01 3.103556031897637332e-02 1.705171101470734493e-03
9.200000000000003730e-01 3.138303957995391968e-02 1.695323456066158462e-03
9.300000000000003819e-01 3.038793732286831917e-02 1.711001591229639653e-03
9.400000000000003908e-01 2.976579453938689099e-02 1.676756244556491977e-03
9.500000000000003997e-01 2.804841605322858783e-02 1.669369140707057525e-03
9.600000000000004086e-01 2.979739771380444241e-02 1.619076182125452849e-03
9.700000000000004174e-01 2.981576136420836104e-02 1.616811082463450898e-03
9.800000000000004263e-01 3.080330590820799103e-02 1.618939557287467921e-03
9.900000000000004352e-01 3.151548787781432992e-02 1.611625989025178588e-03
1.000000000000000000e+00 2.971949837012350867e-02 1.598129934502064489e-03
1.030000000000000027e+00 2.908591885232031035e-02 9.264202069128990970e-04
1.060000000000000053e+00 2.914238607834568687e-02 9.484867015370994749e-04
1.090000000000000080e+00 2.938486885068286592e-02 9.745050971541004874e-04
1.120000000000000107e+00 3.022372137319078236e-02 9.827943944451199548e-04
1.150000000000000133e+00 2.998883197948000456e-02 9.888596326487909122e-04
1.180000000000000160e+00 2.956419771401209984e-02 9.859871974622631385e-04
1.210000000000000187e+00 3.027220363724389754e-02 1.012325613846219198e-03
1.240000000000000213e+00 3.243147266039463766e-02 1.046797868842031876e-03
1.270000000000000240e+00 3.295781419923309030e-02 1.113909122360956386e-03
1.300000000000000266e+00 3.381014579846108870e-02 1.186663188897657843e-03
1.330000000000000293e+00 3.590070905759352310e-02 1.294629858411306495e-03
1.360000000000000320e+00 3.597933543975594117e-02 4.142266052880320265e-03
1.390000000000000346e+00 4.188585152576930482e-02 2.090341340114666158e-01
1.420000000000000373e+00 3.539951707361406463e-02 1.921208508914298060e-03
1.450000000000000400e+00 3.703599640497257095e-02 2.034853656068895920e-03
1.480000000000000426e+00 3.680595768876358115e-02 2.316452759775913285e-03
1.510000000000000453e+00 3.860435933408186415e-02 2.629962104399551949e-03
1.540000000000000480e+00 3.854852958969007953e-02 3.030137833367846107e-03
1.570000000000000506e+00 3.669302294828660771e-02 3.480231282883322098e-03
1.600000000000000533e+00 3.637401463981784766e-02 3.990612758319771712e-03
1.630000000000000560e+00 3.541325201758778463e-02 4.548846986702841447e-03
1.660000000000000586e+00 3.445804858599323811e-02 5.152316090870506966e-03
1.690000000000000613e+00 3.208948295945113216e-02 5.847758821599969258e-03
1.720000000000000639e+00 3.012602858744295800e-02 6.619774532067448404e-03
1.750000000000000666e+00 2.585247630497149174e-02 7.443699949655850287e-03
1.780000000000000693e+00 2.449018237527944911e-02 8.817418849376765580e-03
1.810000000000000719e+00 1.944808351647409408e-02 1.015677926217427481e-02
1.840000000000000746e+00 1.583510917729849532e-02 1.092883194723996872e-02
1.870000000000000773e+00 1.514787608852441632e-02 1.138496068698001580e-02
1.900000000000000799e+00 8.608696442015386849e-03 1.202445842013039230e-02
1.930000000000000826e+00 3.800647410955047649e-03 1.256697921780752965e-02
1.960000000000000853e+00 1.632407026301804049e-03 1.308937685651493342e-02
1.990000000000000879e+00 4.673776694694693843e-04 1.362963974478261821e-02
2.020000000000000906e+00 -2.707222392879189699e-03 1.352244101095450776e-02
2.050000000000000711e+00 -6.321247415030395791e-03 1.336842528863794143e-02
2.080000000000000959e+00 -5.020203089069152219e-03 1.354035712550012704e-02
2.110000000000001208e+00 -8.211284729106838390e-03 1.366646113320814891e-02
2.140000000000001013e+00 -7.397047011178697201e-03 1.363600792279663632e-02
2.170000000000000817e+00 -5.922280533455431123e-03 1.323388730719184114e-02
2.200000000000001066e+00 -5.768407551138168658e-03 1.232875866576581270e-02
2.230000000000001315e+00 -4.412988171453900189e-03 1.128077351998469681e-02
2.260000000000001119e+00 -7.664385151789908021e-03 1.022804618062169400e-02
2.290000000000000924e+00 -5.894760626567888476e-03 9.679703849951624278e-03
2.320000000000001172e+00 -6.046168280063525524e-03 9.346608587735437748e-03
2.350000000000001421e+00 -4.752961100566775385e-03 9.080315233028048508e-03
2.380000000000001226e+00 -6.148181473942002789e-03 8.906150291184047191e-03
2.410000000000001030e+00 -7.281976368703225837e-03 4.793595724946785736e-02
2.440000000000001279e+00 -5.933136461961208315e-03 1.036172445324817226e-01
2.470000000000001528e+00 -2.598455976153110983e-03 8.278634858674586289e-03
2.500000000000001332e+00 -3.989708798250068272e-03 8.041534207322028824e-03
2.530000000000001137e+00 -3.737489453415233399e-03 7.896399189033653440e-03
2.560000000000001386e+00 -3.215788769579884434e-03 7.718391093427590978e-03
2.590000000000001634e+00 -5.736069336382508543e-03 7.581879506375122958e-03
2.620000000000001439e+00 -3.922951227178069801e-03 7.455063369458265685e-03
2.650000000000001243e+00 -5.315980292805023814e-03 7.411971445848950478e-03
2.680000000000001492e+00 -3.351156188717885169e-03 7.414395880864219947e-03
2.710000000000001741e+00 -4.514124053815081299e-03 7.247092426196317071e-03
2.740000000000001545e+00 -4.742746025121879344e-03 7.117268677325723665e-03
2.770000000000001350e+00 -1.729870920043064409e-03 6.928153260043033376e-03
2.800000000000001599e+00 -4.307776944085305731e-03 6.705151912992952414e-03
2.830000000000001847e+00 -3.658646350737049420e-03 7.905149333636682721e-03
2.860000000000001652e+00 -4.222805195045209632e-03 6.256893013066433702e-03
2.890000000000001457e+00 -5.239835811610497537e-03 6.022516824624815808e-03
2.920000000000001705e+00 -4.895166921456040217e-03 5.759773420895953656e-03
2.950000000000001954e+00 -2.713405685123860319e-03 5.497576733658605767e-03
2.980000000000001759e+00 -1.286899224707504976e-03 5.232345901626876683e-03
3.010000000000001563e+00 -3.523091295645119393e-03 4.983473017799144519e-03
3.040000000000001812e+00 -3.435311120582774588e-03 4.852546374020824844e-03
3.070000000000002061e+00 -1.588108272130894826e-03 4.524127343092487763e-03
3.100000000000001865e+00 -1.249579872930949758e-03 4.278081445276681397e-03
3.130000000000001670e+00 -1.212984808419690849e-03 3.948672625257851863e-03
3.160000000000001918e+00 -5.209761970996787080e-05 4.053381885863275962e-03
3.190000000000002167e+00 -6.879433900541570470e-04 4.079780747935977774e-03
