# q_A^-1 I sigma_shared_background
5.000000000000000104e-03 4.800600648335186627e+00 3.931087481136976702e+00
6.000000000000000125e-03 3.238848294288081853e+00 1.788286675838743012e+00
7.000000000000000146e-03 3.013629315047923196e+00 8.771170605964639932e-01
8.000000000000000167e-03 2.107084639237191581e+00 4.741376166484465027e-01
9.000000000000001055e-03 1.987450098933060572e+00 2.995481444213806133e-01
1.000000000000000021e-02 1.691529685163320806e+00 2.173238721927727712e-01
1.099999999999999936e-02 1.656202625148560426e+00 1.681749774524082808e-01
1.200000000000000025e-02 1.739223464860742530e+00 1.338522164260119995e-01
1.300000000000000114e-02 1.590178091127835813e+00 1.115388947242884760e-01
1.400000000000000203e-02 1.457842076097733752e+00 9.330309714008262756e-02
1.499999999999999944e-02 1.368582413070001724e+00 8.012579915050625778e-02
1.600000000000000033e-02 1.364453251253970656e+00 7.037171641820780255e-02
1.700000000000000122e-02 1.292840138100639136e+00 6.177332541325349785e-02
1.800000000000000211e-02 1.307906083007213560e+00 5.574718513581063128e-02
1.899999999999999953e-02 1.309383656587676192e+00 5.070818047583754845e-02
2.000000000000000042e-02 1.263999292952098674e+00 4.627232409754258868e-02
2.100000000000000130e-02 1.286880681629439582e+00 4.309740704568148367e-02
2.200000000000000219e-02 1.204420288464914446e+00 4.048291116649802013e-02
2.300000000000000308e-02 1.248492697475818591e+00 3.776794204224347140e-02
2.400000000000000050e-02 1.238017758605798990e+00 3.532279663958631799e-02
2.500000000000000139e-02 1.165463150885363453e+00 3.390855185299103403e-02
2.600000000000000228e-02 1.167609613172069682e+00 3.207753121505796390e-02
2.699999999999999969e-02 1.171903953533403264e+00 3.090874061074469145e-02
2.800000000000000058e-02 1.148831581933942525e+00 2.925238779494464952e-02
2.900000000000000147e-02 1.123747438501980334e+00 2.812802421171075110e-02
3.000000000000000236e-02 1.047794157612503829e+00 2.740405338491676626e-02
3.100000000000000325e-02 1.099493149416480575e+00 2.667601502272694616e-02
3.200000000000000067e-02 1.030937766335615846e+00 2.538867227963743575e-02
3.300000000000000155e-02 1.050386167139438776e+00 2.508722891737415542e-02
3.400000000000000244e-02 9.801323380920037298e-01 2.420897586010264252e-02
3.499999999999999639e-02 9.428601575990639416e-01 2.366017567173847244e-02
3.599999999999999728e-02 9.571661546593656089e-01 2.300745765918401145e-02
3.699999999999999817e-02 9.609389198255404718e-01 2.240842565229748257e-02
3.799999999999999906e-02 9.144911711937094845e-01 2.207426197746780241e-02
3.899999999999999994e-02 9.041010605331015748e-01 2.152183884311394471e-02
4.000000000000000083e-02 8.766985053830572694e-01 2.102737302721649840e-02
4.100000000000000172e-02 8.732990229868502485e-01 2.068620206577736348e-02
4.199999999999999567e-02 8.466781939906815602e-01 2.035728112144175733e-02
4.299999999999999656e-02 8.356699115355524787e-01 1.985355331582132343e-02
4.399999999999999745e-02 8.101707958714222668e-01 1.957527124743947342e-02
4.499999999999999833e-02 7.956921706719447540e-01 1.916684836021635696e-02
4.599999999999999922e-02 7.569484520861543553e-01 1.867939344695586715e-02
4.700000000000000011e-02 7.422763041688397179e-01 1.850232932817609532e-02
4.800000000000000100e-02 7.221106879495590158e-01 1.823657600285621266e-02
4.899999999999999495e-02 7.229651101130945001e-01 1.795711003038968911e-02
5.000000000000000278e-02 7.195281442775112168e-01 1.772736245056541482e-02
5.200000000000000455e-02 6.536734388118882189e-01 1.210024764155709885e-02
5.400000000000000633e-02 6.290818299610339004e-01 1.184214960958214664e-02
5.600000000000000810e-02 6.071713021952968026e-01 1.191810950368663545e-02
5.800000000000000988e-02 5.850031031410259930e-01 1.196861791304588453e-02
6.000000000000001166e-02 5.507981277819535837e-01 1.175666968523745096e-02
6.200000000000001343e-02 5.298470031794669799e-01 1.127662378353728664e-02
6.400000000000001521e-02 4.845503141449085116e-01 1.093636588176462310e-02
6.600000000000001699e-02 4.871639359262014413e-01 1.069628082419718171e-02
6.800000000000001876e-02 4.467389284921298165e-01 1.037165822002996882e-02
7.000000000000002054e-02 4.389810708470941458e-01 1.019930802108146364e-02
7.200000000000002232e-02 4.172158384811642251e-01 1.004640321069942208e-02
7.400000000000002409e-02 3.949748087748481962e-01 1.004178070301177915e-02
7.600000000000002587e-02 3.951173120901985691e-01 9.766071747534769629e-03
7.800000000000002764e-02 3.697191793006857075e-01 9.748923245620121081e-03
8.000000000000002942e-02 3.588755850564702143e-01 9.840458995521045651e-03
8.200000000000003120e-02 3.400916418209049552e-01 9.788458026651170735e-03
8.400000000000003297e-02 3.302867713825285989e-01 9.460536803679581511e-03
8.600000000000003475e-02 3.107733355353967108e-01 9.214575039856285829e-03
8.800000000000003653e-02 3.077567210095942807e-01 9.277438387578556753e-03
9.000000000000003830e-02 2.822309090505700224e-01 9.290036791539344266e-03
9.200000000000004008e-02 2.696504492224077176e-01 9.176638686758928354e-03
9.400000000000004186e-02 2.593716506448810466e-01 9.158854767444428446e-03
9.600000000000004363e-02 2.548035570129699168e-01 9.147781438239474885e-03
9.800000000000004541e-02 2.400230279757824547e-01 9.099477787418187857e-03
1.000000000000000056e-01 2.185531029071121345e-01 9.018702683635027029e-03
1.050000000000000100e-01 2.139555373799863769e-01 5.574497721319748161e-03
1.100000000000000144e-01 1.933856205966295039e-01 5.463793923353172342e-03
1.150000000000000189e-01 1.915909945110945423e-01 5.351965603535172554e-03
1.200000000000000233e-01 1.710879825941322152e-01 5.249258146751469185e-03
1.250000000000000278e-01 1.597439995349572983e-01 5.304501630660923318e-03
1.300000000000000322e-01 1.455827065381762320e-01 5.350401951515800468e-03
1.350000000000000366e-01 1.361643068919615451e-01 5.147486564259347308e-03
1.400000000000000411e-01 1.258514300825007426e-01 5.054730029705960248e-03
1.450000000000000455e-01 1.172042194067006299e-01 4.985458350974684115e-03
1.500000000000000500e-01 1.136723402108281850e-01 5.170657297538004162e-03
1.550000000000000544e-01 1.042205626308612687e-01 5.203421161185438001e-03
1.600000000000000588e-01 9.552040657071490803e-02 5.245225391850795796e-03
1.650000000000000633e-01 8.970810384382953140e-02 5.273854426283716354e-03
1.700000000000000677e-01 8.432764782562600370e-02 5.303100237197197475e-03
1.750000000000000722e-01 8.616119277457226500e-02 5.259009508575671413e-03
1.800000000000000766e-01 7.938906381170655890e-02 4.587411625723936646e-03
1.850000000000000810e-01 7.746647842861996425e-02 4.530190728112714130e-03
1.900000000000000855e-01 7.072742117556997388e-02 4.420197202870299394e-03
1.950000000000000899e-01 6.840278718701868488e-02 4.471553212315258763e-03
2.000000000000000944e-01 6.367884446013720445e-02 4.549470114355426073e-03
2.050000000000000988e-01 5.890181637522354241e-02 4.601520559190730615e-03
2.100000000000001033e-01 6.044946946365381546e-02 4.497308253753086460e-03
2.150000000000001077e-01 5.318511887176203407e-02 4.569003866713137324e-03
2.200000000000001121e-01 6.001047921443271316e-02 4.544535831133836822e-03
2.250000000000001166e-01 4.583002109944436103e-02 4.437379606861330261e-03
2.300000000000001210e-01 5.209571123388567065e-02 4.353840408995758582e-03
2.350000000000001255e-01 4.393327473923207271e-02 4.570878034064009866e-03
2.400000000000001299e-01 4.352355707555551068e-02 4.839238252542637890e-03
2.450000000000001343e-01 4.596011212830336534e-02 4.649339055191732857e-03
2.500000000000001110e-01 4.375319457977500104e-02 4.951052249801458222e-03
2.550000000000001155e-01 4.778483458343547874e-02 4.777718797294129398e-03
2.600000000000001199e-01 4.020887008922156142e-02 4.997069802286458438e-03
2.650000000000001243e-01 3.900143753714150480e-02 4.895582125659605870e-03
2.700000000000001288e-01 3.659977463148906401e-02 5.040614086456449323e-03
2.750000000000001332e-01 3.769282289440716721e-02 4.938799019875914076e-03
2.800000000000001377e-01 3.794815652516123766e-02 5.008864270445680632e-03
2.850000000000001421e-01 3.708807963407354663e-02 4.950189469684132537e-03
2.900000000000001465e-01 3.616356838039576360e-02 4.873699875654220574e-03
2.950000000000001510e-01 3.447634084830239476e-02 4.876780921566872991e-03
3.000000000000001554e-01 3.228856531430004256e-02 4.947196681337116125e-03
3.050000000000001599e-01 2.960358204420944495e-02 4.946049890486353164e-03
3.100000000000001643e-01 2.748643156540459334e-02 4.886315680893179962e-03
3.150000000000001688e-01 3.028241181984010766e-02 4.983406748840343153e-03
3.200000000000001732e-01 3.208424656268457631e-02 4.749705051186783877e-03
3.250000000000001776e-01 2.810173030437698380e-02 4.643454563471296516e-03
3.300000000000001821e-01 2.859795143475479806e-02 4.592509917972949218e-03
3.350000000000001865e-01 3.059474356154423536e-02 4.694498096407768127e-03
3.400000000000001910e-01 2.479848725869975359e-02 4.465744604203608810e-03
3.450000000000001954e-01 2.567989195702572933e-02 4.627735047425134141e-03
3.500000000000001998e-01 2.408090600769664455e-02 4.263573497561341623e-03
3.550000000000002043e-01 2.643317240588467440e-02 4.463205669741531802e-03
3.600000000000002087e-01 2.625595741423284585e-02 4.470832547807721165e-03
3.650000000000002132e-01 2.710844193283695053e-02 4.389571879699390687e-03
3.700000000000002176e-01 2.464889086284731759e-02 4.423918858876353492e-03
3.750000000000002220e-01 2.872796165627553716e-02 4.384824793441335911e-03
3.800000000000002265e-01 2.783945812690952204e-02 4.442908640085224160e-03
3.850000000000002309e-01 2.603488204569416598e-02 4.213870066280341227e-03
3.900000000000002354e-01 2.813570749728725243e-02 4.521136201134467840e-03
3.950000000000002398e-01 2.560045022009741628e-02 4.441982839191080910e-03
4.000000000000002442e-01 2.529078936175709058e-02 4.188885000731847573e-03
4.050000000000002487e-01 2.010175454393201694e-02 4.027560456566337162e-03
4.100000000000002531e-01 2.604781489691804230e-02 4.000609331696504053e-03
4.150000000000002576e-01 1.757665152781502649e-02 3.945180317326219509e-03
4.200000000000002620e-01 2.511551080126949234e-02 3.999411264939990544e-03
4.250000000000002665e-01 2.127813535317588794e-02 4.055120719763136844e-03
4.300000000000002709e-01 2.391132171068694953e-02 3.943079288064188330e-03
4.350000000000002753e-01 1.919915525943874032e-02 3.978932141903679040e-03
4.400000000000002798e-01 2.490755201128557264e-02 3.876664262579094470e-03
4.450000000000002842e-01 2.254791626833767618e-02 3.885521689427492813e-03
4.500000000000002887e-01 2.324344963875202286e-02 3.713459400351197624e-03
4.550000000000002931e-01 2.386531499289149677e-02 3.613930601898134205e-03
4.600000000000002975e-01 2.386005840918446058e-02 3.693620093785840962e-03
4.650000000000003020e-01 2.328859215949621170e-02 3.792284539745198121e-03
4.700000000000003064e-01 2.196135823220878372e-02 3.707423224289126823e-03
4.750000000000003109e-01 2.259653504961164558e-02 3.755496972735918818e-03
4.800000000000003153e-01 1.963783890726775866e-02 3.974446229565948251e-03
4.850000000000003197e-01 1.316179583341833305e-02 4.160237688664204445e-03
4.900000000000003242e-01 1.929901554999540261e-02 3.697987793478138031e-03
4.950000000000003286e-01 2.160429272360975261e-02 3.616288569473323153e-03
5.000000000000000000e-01 2.016842675510811464e-02 3.592844504507153487e-03
5.100000000000000089e-01 2.039478438339027352e-02 2.489488808839450049e-03
5.200000000000000178e-01 1.734164073856024960e-02 2.476681541265022060e-03
5.300000000000000266e-01 2.057160879273578491e-02 2.406470700362817183e-03
5.400000000000000355e-01 1.835362021027811194e-02 2.427859196845706495e-03
5.500000000000000444e-01 2.139003311783727046e-02 2.365506417739167335e-03
5.600000000000000533e-01 1.662346065503409603e-02 2.334574773041073713e-03
5.700000000000000622e-01 2.025527754316163234e-02 2.317342533779314165e-03
5.800000000000000711e-01 1.727102077364684948e-02 2.307423331345550242e-03
5.900000000000000799e-01 1.548452539783669139e-02 2.258690520562646638e-03
6.000000000000000888e-01 1.678895535493165822e-02 2.239829336364228176e-03
6.100000000000000977e-01 1.340112591384727894e-02 2.212057426501034922e-03
6.200000000000001066e-01 1.255905719285181979e-02 2.142078040061289740e-03
6.300000000000001155e-01 1.641116943335840794e-02 2.167676899774007796e-03
6.400000000000001243e-01 1.670979312332781033e-02 2.123283388106449437e-03
6.500000000000001332e-01 1.421160150478712955e-02 2.145467873231676065e-03
6.600000000000001421e-01 1.530836526826519044e-02 2.125149282173132738e-03
6.700000000000001510e-01 1.531938035568392205e-02 2.125028704161458469e-03
6.800000000000001599e-01 1.267663614553781251e-02 2.101287385894192762e-03
6.900000000000001688e-01 1.253366883618635234e-02 2.064847931411612197e-03
7.000000000000001776e-01 1.352710921938333859e-02 2.028862431852958541e-03
7.100000000000001865e-01 1.223396192903729481e-02 2.039356660547839498e-03
7.200000000000001954e-01 1.422293471399522884e-02 2.024464589710565660e-03
7.300000000000002043e-01 1.557286868614935448e-02 2.028036014267823022e-03
7.400000000000002132e-01 1.381729596104771390e-02 1.986766390031519721e-03
7.500000000000002220e-01 1.239983089107084095e-02 1.958252998420592032e-03
7.600000000000002309e-01 1.263573147382336496e-02 1.964946480305422138e-03
7.700000000000002398e-01 1.306676328465427098e-02 1.950389226735714694e-03
7.800000000000002487e-01 1.444692077615308302e-02 1.966422901752871814e-03
7.900000000000002576e-01 1.303040102035593270e-02 1.959922948028661877e-03
8.000000000000002665e-01 1.170569785135066113e-02 1.936856458080841092e-03
8.100000000000002753e-01 1.264014684605373542e-02 1.904171762422088863e-03
8.200000000000002842e-01 1.202550609367665328e-02 1.886460125971090290e-03
8.300000000000002931e-01 1.143750353195076806e-02 1.916628966275865393e-03
8.400000000000003020e-01 1.263242440076277687e-02 1.905515480531905269e-03
8.500000000000003109e-01 1.014036808334519736e-02 1.897171743056079787e-03
8.600000000000003197e-01 1.050757165737191759e-02 1.886898569004215190e-03
8.700000000000003286e-01 1.321362760983513414e-02 1.878692624440836878e-03
8.800000000000003375e-01 1.138890067700174674e-02 1.912072254002635018e-03
8.900000000000003464e-01 9.324208789565613040e-03 1.804227633757038429e-03
9.000000000000003553e-01 9.548566418280016177e-03 1.759178632964412785e-03
9.100000000000003642e-01 1.114980972931632966e-02 1.715877637815307064e-03
9.200000000000003730e-01 1.071817640846952843e-02 1.685591534704993563e-03
9.300000000000003819e-01 1.060731474103503505e-02 1.696433453614484528e-03
9.400000000000003908e-01 1.093259680729866644e-02 1.673138782740408526e-03
9.500000000000003997e-01 9.939687727190473637e-03 1.662792260702884587e-03
9.600000000000004086e-01 1.024607677405778988e-02 1.619539986153897175e-03
9.700000000000004174e-01 9.821736522564484054e-03 1.603211945822934515e-03
9.800000000000004263e-01 1.201804747092103352e-02 1.612367158516832873e-03
9.900000000000004352e-01 8.173295834179807387e-03 1.616844714034237863e-03
1.000000000000000000e+00 9.911349162322103529e-03 1.596582745702492846e-03
1.030000000000000027e+00 1.050334939619715878e-02 9.251204005778738016e-04
1.060000000000000053e+00 9.881295289010860391e-03 9.481260160686350111e-04
1.090000000000000080e+00 1.033900316260597668e-02 9.720866570203051758e-04
1.120000000000000107e+00 1.105970082556579845e-02 9.805746760436495624e-04
1.150000000000000133e+00 1.012314173971583589e-02 9.896910700442499223e-04
1.180000000000000160e+00 1.110437183151668193e-02 9.858254783887149958e-04
1.210000000000000187e+00 1.071239965228510012e-02 1.010485398859721929e-03
1.240000000000000213e+00 1.126577775498287595e-02 1.043126543745405812e-03
1.270000000000000240e+00 1.075557571021934500e-02 1.110672148791618614e-03
1.300000000000000266e+00 1.188930566811226275e-02 1.181611773275065887e-03
1.330000000000000293e+00 1.341776290161362899e-02 1.293264734813494472e-03
1.360000000000000320e+00 1.376642235181801954e-02 4.138608713352726932e-03
1.390000000000000346e+00 1.678581643450880248e-02 2.088172457508432334e-01
1.420000000000000373e+00 1.294610047631654728e-02 1.917697980168188042e-03
1.450000000000000400e+00 1.311849909347768961e-02 2.029476027658139777e-03
1.480000000000000426e+00 1.369168534978137952e-02 2.311352273900996526e-03
1.510000000000000453e+00 1.334754363781187440e-02 2.623729482756591638e-03
1.540000000000000480e+00 1.473788339302046536e-02 3.021685038641708405e-03
1.570000000000000506e+00 1.386613045956451053e-02 3.474132501075360892e-03
1.600000000000000533e+00 1.267622356362028274e-02 3.987763788863933449e-03
1.630000000000000560e+00 1.190882557182626651e-02 4.538392727014344159e-03
1.660000000000000586e+00 1.281318948198517660e-02 5.147950984867408208e-03
1.690000000000000613e+00 1.189282981574937316e-02 5.843634442074870095e-03
1.720000000000000639e+00 1.053216019614162946e-02 6.615306616174165127e-03
1.750000000000000666e+00 8.732244457834022547e-03 7.432609465108845279e-03
1.780000000000000693e+00 9.013440949580345946e-03 8.811110858422290318e-03
1.810000000000000719e+00 7.273998390488811694e-03 1.015339992289080069e-02
1.840000000000000746e+00 8.523556010350534506e-03 1.092569342286242758e-02
1.870000000000000773e+00 3.307659832382061835e-03 1.137740693088125192e-02
1.900000000000000799e+00 2.904758507536399532e-03 1.202510003421161308e-02
1.930000000000000826e+00 2.276327526698682796e-03 1.256929010015065198e-02
1.960000000000000853e+00 2.262229663935894693e-03 1.309387779883436180e-02
1.990000000000000879e+00 5.548606585191974069e-04 1.363174435193801465e-02
2.020000000000000906e+00 -1.178979312903511914e-04 1.352205633566109545e-02
2.050000000000000711e+00 -1.423221429436960939e-03 1.336851352400359252e-02
2.080000000000000959e+00 -1.533567339084747046e-03 1.354588435218518142e-02
2.110000000000001208e+00 -3.468069083194657599e-03 1.366044102402154577e-02
2.140000000000001013e+00 -4.763080406054423857e-03 1.364164992519757875e-02
2.170000000000000817e+00 -1.788687342305862434e-03 1.324359565487706267e-02
2.200000000000001066e+00 -5.658192160545009617e-05 1.233828651542416208e-02
2.230000000000001315e+00 -2.462305009763055951e-03 1.127653842160150112e-02
2.260000000000001119e+00 -3.472913812472324443e-03 1.023439382609497156e-02
2.290000000000000924e+00 -2.714586652686312718e-03 9.685092047624556388e-03
2.320000000000001172e+00 -3.013969891382431866e-03 9.345767264699291615e-03
2.350000000000001421e+00 -1.555326803798307098e-03 9.080085789617272501e-03
2.380000000000001226e+00 -3.191415223729566087e-03 8.905941307202520918e-03
2.410000000000001030e+00 -4.609818923681486234e-03 4.799520865987943335e-02
2.440000000000001279e+00 -1.287881442680660193e-03 1.037112255232675168e-01
2.470000000000001528e+00 -3.909833437157360370e-03 8.280846523101056955e-03
2.500000000000001332e+00 -2.956490327091420341e-03 8.044164773794005782e-03
2.530000000000001137e+00 -2.289522791353969765e-03 7.893275966309759584e-03
2.560000000000001386e+00 -2.263911497818282218e-03 7.720238693145147976e-03
2.590000000000001634e+00 -2.919539992548168730e-03 7.582881818139926983e-03
2.620000000000001439e+00 -2.956653269746518150e-03 7.454924631791650172e-03
2.650000000000001243e+00 -3.643659091821051677e-03 7.413694663216636310e-03
2.680000000000001492e+00 -2.806591786459610750e-03 7.419523906337862316e-03
2.710000000000001741e+00 -1.744870816306985477e-03 7.250243440044212839e-03
2.740000000000001545e+00 -2.428138053056859511e-03 7.114635039192441189e-03
2.770000000000001350e+00 -1.332147375032600349e-03 6.929544052860828716e-03
2.800000000000001599e+00 -2.328867019358194391e-03 6.707131841166100172e-03
2.830000000000001847e+00 -2.311891741133596280e-03 7.901814678148598101e-03
2.860000000000001652e+00 -2.024417835528381868e-03 6.263741532108738769e-03
2.890000000000001457e+00 -4.425643413896997343e-03 6.020671426949999669e-03
2.920000000000001705e+00 -2.173373812603831157e-03 5.762374186832312437e-03
2.950000000000001954e+00 -2.041075473617493148e-03 5.498160496603225755e-03
2.980000000000001759e+00 -2.201334893685412668e-03 5.228236777586770835e-03
3.010000000000001563e+00 -1.740007316031544696e-03 4.985209998481530090e-03
3.040000000000001812e+00 -3.580603414424012379e-03 4.849257688404311033e-03
3.070000000000002061e+00 -1.393230850595082943e-03 4.525262827090394818e-03
3.100000000000001865e+00 -1.325662519219838803e-03 4.275589117246948040e-03
3.130000000000001670e+00 -2.883082175541539557e-03 3.950177678937035093e-03
3.160000000000001918e+00 -2.525455828435308869e-03 4.055012737937474347e-03
3.190000000000002167e+00 -2.338385846155755822e-03 4.088037743624988937e-03
