# q I sigma_saved_BIFT_input
1.200000000000000025e-02 4.417584930555850775e+00 1.165998653730295764e-01
1.300000000000000114e-02 4.445016763015877004e+00 9.684677610834598049e-02
1.400000000000000203e-02 4.298883679650487899e+00 8.304329636080788613e-02
1.499999999999999944e-02 4.238450796765021344e+00 7.062886911760063446e-02
1.600000000000000033e-02 4.209806085452775015e+00 6.146475019735213319e-02
1.700000000000000122e-02 4.128658954388707336e+00 5.450053979673515070e-02
1.800000000000000211e-02 4.140984091377585941e+00 4.932788753157341805e-02
1.899999999999999953e-02 3.991539294875616317e+00 4.555682390893178030e-02
2.000000000000000042e-02 3.955282935385072918e+00 4.124840232072370105e-02
2.100000000000000130e-02 3.886701777832255900e+00 3.857229669844735448e-02
2.200000000000000219e-02 3.815319163154959892e+00 3.623441508901851377e-02
2.300000000000000308e-02 3.804849197411569239e+00 3.371128409715661023e-02
2.400000000000000050e-02 3.735527335932195214e+00 3.191330123071708935e-02
2.500000000000000139e-02 3.641539317212190596e+00 3.056488093648635981e-02
2.600000000000000228e-02 3.594566001346247486e+00 2.904218250387755051e-02
2.699999999999999969e-02 3.560649785614675711e+00 2.798827778848272940e-02
2.800000000000000058e-02 3.475206563191000075e+00 2.626720639684325051e-02
2.900000000000000147e-02 3.402744170227154363e+00 2.564745481691211096e-02
3.000000000000000236e-02 3.352378374843321573e+00 2.495013818699903449e-02
3.100000000000000325e-02 3.299766257679281001e+00 2.417221856518441889e-02
3.200000000000000067e-02 3.178265952691670115e+00 2.303817549217578378e-02
3.300000000000000155e-02 3.162642980125155656e+00 2.269135816981365100e-02
3.400000000000000244e-02 3.062084250730552792e+00 2.203711094715610566e-02
3.499999999999999639e-02 3.023592189989984025e+00 2.138730530143642672e-02
3.599999999999999728e-02 2.969132281664228046e+00 2.105975410962770966e-02
3.699999999999999817e-02 2.906060514166228348e+00 2.042323632911489245e-02
3.799999999999999906e-02 2.845099582048970177e+00 2.004680217449412993e-02
3.899999999999999994e-02 2.745130135459612930e+00 1.952798457896292444e-02
4.000000000000000083e-02 2.714028817531328297e+00 1.906813632462706076e-02
4.100000000000000172e-02 2.641399446388823957e+00 1.869668125452377677e-02
4.199999999999999567e-02 2.576298121151571419e+00 1.842454239180143366e-02
4.299999999999999656e-02 2.537146382215622165e+00 1.806358615835440898e-02
4.399999999999999745e-02 2.451985761537923469e+00 1.773324445599641988e-02
4.499999999999999833e-02 2.399574072081847032e+00 1.737471076012877050e-02
4.599999999999999922e-02 2.348583295680466865e+00 1.695556647149075793e-02
4.700000000000000011e-02 2.310370510505852959e+00 1.672742146021845983e-02
4.800000000000000100e-02 2.260839492221023317e+00 1.645687067902712464e-02
4.899999999999999495e-02 2.195049255666491561e+00 1.619803204770137173e-02
5.000000000000000278e-02 2.165078637494478819e+00 1.607107846346313498e-02
5.200000000000000455e-02 2.035833692371789017e+00 1.091667380592327430e-02
5.400000000000000633e-02 1.937500018724198858e+00 1.065000838134701200e-02
5.600000000000000810e-02 1.845748115574814774e+00 1.071658716923739631e-02
5.800000000000000988e-02 1.750008663336014569e+00 1.072599963571416355e-02
6.000000000000001166e-02 1.680655766333055023e+00 1.055687392240553003e-02
6.200000000000001343e-02 1.613420058783286981e+00 1.005715989311644840e-02
6.400000000000001521e-02 1.545175108463357594e+00 9.775924457268844389e-03
6.600000000000001699e-02 1.457736014012765979e+00 9.509396556261781250e-03
6.800000000000001876e-02 1.387561829346991127e+00 9.251407316391031116e-03
7.000000000000002054e-02 1.319366369090892777e+00 9.076234727840810923e-03
7.200000000000002232e-02 1.264936183756392607e+00 8.961925030240047371e-03
7.400000000000002409e-02 1.222814959679042524e+00 8.907605798433804178e-03
7.600000000000002587e-02 1.164594237404944943e+00 8.675382671871652643e-03
7.800000000000002764e-02 1.106322285864651311e+00 8.618271168479118075e-03
8.000000000000002942e-02 1.066522636903594723e+00 8.704730293856034057e-03
8.200000000000003120e-02 1.012509356851590603e+00 8.653875721840658536e-03
8.400000000000003297e-02 9.782115506992202780e-01 8.348641096795063679e-03
8.600000000000003475e-02 9.542620104280484794e-01 8.149730039353531713e-03
8.800000000000003653e-02 8.963167034128077804e-01 8.222428161373744604e-03
9.000000000000003830e-02 8.665410200296931320e-01 8.216289628812253887e-03
9.200000000000004008e-02 8.470323573432243514e-01 8.102777472099843836e-03
9.400000000000004186e-02 8.057867217709904217e-01 8.064753104188901456e-03
9.600000000000004363e-02 7.814269238670057405e-01 8.059652312513172073e-03
9.800000000000004541e-02 7.454351880807785768e-01 8.019845407773224313e-03
1.000000000000000056e-01 7.157325088086311515e-01 7.934903869351117231e-03
1.050000000000000100e-01 6.610348947998851976e-01 4.893593016438743497e-03
1.100000000000000144e-01 6.071588214804287675e-01 4.788055485013890424e-03
1.150000000000000189e-01 5.655670354745200301e-01 4.681097230197256605e-03
1.200000000000000233e-01 5.078759081388265484e-01 4.593456421060050643e-03
1.250000000000000278e-01 4.834701905058296223e-01 4.640215769464876849e-03
1.300000000000000322e-01 4.450965626845027612e-01 4.678044230678074858e-03
1.350000000000000366e-01 4.221182141059895421e-01 4.491891988200396972e-03
1.400000000000000411e-01 3.898722826599118618e-01 4.408515674494802028e-03
1.450000000000000455e-01 3.652352187994525323e-01 4.337417389961333719e-03
1.500000000000000500e-01 3.453344132330673499e-01 4.504387818033158894e-03
1.550000000000000544e-01 3.170788827197650317e-01 4.529222511940688908e-03
1.600000000000000588e-01 2.960293097858745504e-01 4.554537164963414451e-03
1.650000000000000633e-01 2.884702205664738672e-01 4.588050731256337368e-03
1.700000000000000677e-01 2.659423570737295406e-01 4.607776336318122716e-03
1.750000000000000722e-01 2.530401559947310641e-01 4.568128032372938824e-03
1.800000000000000766e-01 2.441549581678073844e-01 3.980759609858073277e-03
1.850000000000000810e-01 2.301924013666089008e-01 3.934265652491740484e-03
1.900000000000000855e-01 2.181184363384966463e-01 3.835214037635237359e-03
1.950000000000000899e-01 2.043633964168990735e-01 3.830829343265087800e-03
2.000000000000000944e-01 2.011899920906184969e-01 3.933501121822143357e-03
2.050000000000000988e-01 1.889345080158024714e-01 3.985771916606128604e-03
2.100000000000001033e-01 1.806068152533331361e-01 3.927454901460432704e-03
2.150000000000001077e-01 1.794042872518383236e-01 4.004995498605452842e-03
2.200000000000001121e-01 1.697121830840857548e-01 3.881354038638447530e-03
2.250000000000001166e-01 1.624048694629954825e-01 3.894024265060602209e-03
2.300000000000001210e-01 1.568071831759288992e-01 3.769192645735802705e-03
2.350000000000001255e-01 1.560418048256256851e-01 3.943475417017222075e-03
2.400000000000001299e-01 1.401696230233550056e-01 4.203768855037814077e-03
2.450000000000001343e-01 1.392898083952111843e-01 4.066954463621654317e-03
