# q I sigma_shared_baseline
5.000000000000000104e-03 4.461635339036834402e+00 5.396909220938516327e+00
6.000000000000000125e-03 5.274413118518344490e+00 2.479028001494034239e+00
7.000000000000000146e-03 5.612821841743636853e+00 1.208990910148174391e+00
8.000000000000000167e-03 5.285140742227898869e+00 6.596588411392547702e-01
9.000000000000001055e-03 5.357110282300967974e+00 4.109119581979914781e-01
1.000000000000000021e-02 5.532001296613136887e+00 2.995885497708553613e-01
1.099999999999999936e-02 5.245653043508241353e+00 2.339970483264142143e-01
1.200000000000000025e-02 5.280349749532488701e+00 1.895958436024217375e-01
1.300000000000000114e-02 5.089598907342591794e+00 1.592617719340619631e-01
1.400000000000000203e-02 5.177165998944787795e+00 1.372403296682809248e-01
1.499999999999999944e-02 5.044680525182685393e+00 1.171828202616454206e-01
1.600000000000000033e-02 5.116844029147889827e+00 1.024985267858460475e-01
1.700000000000000122e-02 5.055501823313673704e+00 9.107987066693482014e-02
1.800000000000000211e-02 4.972566500948634172e+00 8.429022774433500564e-02
1.899999999999999953e-02 4.782224888045494282e+00 7.661724850820784971e-02
2.000000000000000042e-02 4.798842244576789540e+00 6.976132595437413431e-02
2.100000000000000130e-02 4.730941479130652105e+00 6.615782052391380730e-02
2.200000000000000219e-02 4.636482983031567251e+00 6.232710282283107639e-02
2.300000000000000308e-02 4.608989105157960786e+00 5.874360344841118159e-02
2.400000000000000050e-02 4.644635683511971536e+00 5.529862908278008332e-02
2.500000000000000139e-02 4.450797365445748888e+00 5.308125746947722767e-02
2.600000000000000228e-02 4.286033967149291968e+00 5.083552792110437868e-02
2.699999999999999969e-02 4.265767469436037906e+00 4.840272540822134623e-02
2.800000000000000058e-02 4.242725747904137812e+00 4.616177925718203262e-02
2.900000000000000147e-02 4.105126305279145349e+00 4.486261832684260153e-02
3.000000000000000236e-02 4.085433296840051298e+00 4.350090017706404605e-02
3.100000000000000325e-02 3.991292974972316721e+00 4.256088038346847457e-02
3.200000000000000067e-02 3.879617725300897213e+00 4.007022776595690200e-02
3.300000000000000155e-02 3.783571232390421812e+00 3.988882238295685806e-02
3.400000000000000244e-02 3.752117062198764064e+00 3.867469391090085779e-02
3.499999999999999639e-02 3.628671506018170678e+00 3.756386981053779633e-02
3.599999999999999728e-02 3.574293411302226442e+00 3.723951129888015271e-02
3.699999999999999817e-02 3.498449627403219964e+00 3.576738395861248782e-02
3.799999999999999906e-02 3.455188946774152114e+00 3.528757172239500861e-02
3.899999999999999994e-02 3.270035487466831370e+00 3.422291675868631422e-02
4.000000000000000083e-02 3.294913497618367604e+00 3.338925269720291467e-02
4.100000000000000172e-02 3.192278072980352821e+00 3.272605257637534182e-02
4.199999999999999567e-02 3.126649657575534036e+00 3.236703120092599556e-02
4.299999999999999656e-02 3.072474367070463064e+00 3.181588457062395348e-02
4.399999999999999745e-02 2.955596054703987452e+00 3.109946513687357125e-02
4.499999999999999833e-02 2.889147622871268251e+00 3.031374988210739155e-02
4.599999999999999922e-02 2.820238073612650886e+00 2.931434896637595544e-02
4.700000000000000011e-02 2.835588825009939917e+00 2.945371187899613330e-02
4.800000000000000100e-02 2.712056496502455616e+00 2.876534766806154719e-02
4.899999999999999495e-02 2.672078241977627666e+00 2.828765490967801235e-02
5.000000000000000278e-02 2.645234507391811984e+00 2.796965597602290785e-02
5.200000000000000455e-02 2.450155900452048119e+00 1.891766237055168137e-02
5.400000000000000633e-02 2.323547916831674609e+00 1.850237003106205980e-02
5.600000000000000810e-02 2.229607082560825404e+00 1.859644301337600933e-02
5.800000000000000988e-02 2.085981227296628493e+00 1.844165953335321489e-02
6.000000000000001166e-02 2.010816847701630383e+00 1.808007699184546388e-02
6.200000000000001343e-02 1.943883472381681132e+00 1.731712396871957355e-02
6.400000000000001521e-02 1.860881394995192784e+00 1.677054166084750164e-02
6.600000000000001699e-02 1.750180785828461483e+00 1.621341917854650719e-02
6.800000000000001876e-02 1.644845703440336981e+00 1.571995575801245909e-02
7.000000000000002054e-02 1.583103204057910274e+00 1.540581041377390992e-02
7.200000000000002232e-02 1.523823339781126940e+00 1.518157326489716005e-02
7.400000000000002409e-02 1.469830448979139392e+00 1.507610300957340152e-02
7.600000000000002587e-02 1.387468262995964929e+00 1.456125545832181664e-02
7.800000000000002764e-02 1.335010459659043969e+00 1.450517531118168495e-02
8.000000000000002942e-02 1.285586369004480645e+00 1.463259832432188372e-02
8.200000000000003120e-02 1.205839002434676122e+00 1.452526275866559968e-02
8.400000000000003297e-02 1.184380251834233899e+00 1.396666121434561592e-02
8.600000000000003475e-02 1.139201780763928085e+00 1.361209867819217732e-02
8.800000000000003653e-02 1.080687185804795059e+00 1.373425185264716408e-02
9.000000000000003830e-02 1.052615264426786990e+00 1.366797564608237397e-02
9.200000000000004008e-02 1.005495118027269763e+00 1.346830866058813456e-02
9.400000000000004186e-02 9.756763588660217756e-01 1.338616832448291140e-02
9.600000000000004363e-02 9.124953156653407005e-01 1.341162359585295824e-02
9.800000000000004541e-02 9.030384019021943098e-01 1.329006040037164840e-02
1.000000000000000056e-01 8.654959450562026424e-01 1.311235926067452762e-02
1.050000000000000100e-01 7.906002459410270689e-01 8.062639285274040418e-03
1.100000000000000144e-01 7.237429630583130935e-01 7.858735209712471720e-03
1.150000000000000189e-01 6.752508423516192515e-01 7.674991648820007201e-03
1.200000000000000233e-01 6.211496468224118050e-01 7.518030926448725226e-03
1.250000000000000278e-01 5.746929950486852068e-01 7.582078823939505073e-03
1.300000000000000322e-01 5.367502242917412403e-01 7.637872382839161825e-03
1.350000000000000366e-01 4.988267475876891899e-01 7.311733116097282777e-03
1.400000000000000411e-01 4.732907709529948770e-01 7.182057847175010203e-03
1.450000000000000455e-01 4.413501832811882464e-01 7.035851859929645805e-03
1.500000000000000500e-01 4.062640979034234379e-01 7.304993795841470058e-03
1.550000000000000544e-01 3.727688611723371515e-01 7.334433274539013496e-03
1.600000000000000588e-01 3.601592899985096019e-01 7.363454876422671595e-03
1.650000000000000633e-01 3.348328369020003303e-01 7.400747355745065405e-03
1.700000000000000677e-01 3.171598889745332328e-01 7.426340875942679526e-03
1.750000000000000722e-01 3.115677484851889223e-01 7.364763449648119818e-03
1.800000000000000766e-01 2.800896786951102002e-01 6.351184348482519053e-03
1.850000000000000810e-01 2.681448231271131299e-01 6.437470729955947941e-03
1.900000000000000855e-01 2.597856855258337538e-01 6.236463970606185084e-03
1.950000000000000899e-01 2.434341457114697349e-01 6.262282561991718878e-03
2.000000000000000944e-01 2.360447075138943085e-01 6.344292765608893631e-03
2.050000000000000988e-01 2.220467195078450751e-01 6.427732032829087776e-03
2.100000000000001033e-01 2.154669415543732092e-01 6.228370054517336392e-03
2.150000000000001077e-01 2.263656366967977118e-01 6.481649436922206665e-03
2.200000000000001121e-01 2.041286575342569076e-01 6.043602563846606907e-03
2.250000000000001166e-01 1.972999522033471453e-01 6.323994159096665846e-03
2.300000000000001210e-01 1.847389676782373313e-01 6.092707149033249441e-03
2.350000000000001255e-01 1.835165111451078079e-01 6.324727501503412189e-03
2.400000000000001299e-01 1.677923607706284514e-01 6.524896698401303451e-03
2.450000000000001343e-01 1.532272229274949937e-01 6.521478426253848014e-03
2.500000000000001110e-01 1.657081802879096510e-01 6.836778223269006534e-03
2.550000000000001155e-01 1.562257946126137942e-01 6.738140925486910300e-03
2.600000000000001199e-01 1.480238214688862075e-01 6.941059398686874604e-03
2.650000000000001243e-01 1.445428639904970669e-01 6.758384843320969573e-03
2.700000000000001288e-01 1.423451826972707002e-01 7.070571566812616261e-03
2.750000000000001332e-01 1.470673407712257963e-01 6.738833771713067210e-03
2.800000000000001377e-01 1.311742272011446886e-01 6.795567359372337198e-03
2.850000000000001421e-01 1.308089016649921776e-01 6.899113365239926098e-03
2.900000000000001465e-01 1.417054259854895470e-01 6.826435722529814246e-03
2.950000000000001510e-01 1.197189861573574043e-01 6.864966307007358028e-03
3.000000000000001554e-01 1.235409302882892330e-01 6.745464733298680952e-03
3.050000000000001599e-01 1.193519143910891922e-01 6.790253728358651604e-03
3.100000000000001643e-01 1.182764856840259060e-01 6.707195720575304283e-03
3.150000000000001688e-01 1.103944387437636315e-01 6.748609404447857181e-03
3.200000000000001732e-01 1.156689462666571078e-01 6.537524861219345257e-03
3.250000000000001776e-01 1.141753232961262160e-01 6.450627895952973714e-03
3.300000000000001821e-01 1.044724134430191215e-01 6.274909524410830254e-03
3.350000000000001865e-01 1.094770650245130150e-01 6.192678839374458899e-03
3.400000000000001910e-01 9.410632234099776394e-02 6.078238877398348117e-03
3.450000000000001954e-01 9.777009775778781886e-02 6.370107274856201887e-03
3.500000000000001998e-01 9.556792424547322362e-02 5.841930168526256704e-03
3.550000000000002043e-01 1.022185301074128305e-01 6.271982766699303602e-03
3.600000000000002087e-01 1.005200927697807167e-01 5.988469337376099884e-03
3.650000000000002132e-01 9.075223670584642299e-02 5.928720606235907131e-03
3.700000000000002176e-01 1.044710356625364878e-01 5.958618912872444898e-03
3.750000000000002220e-01 9.934092025481626453e-02 5.894706852487829885e-03
3.800000000000002265e-01 9.540586149348631584e-02 6.125086364884870654e-03
3.850000000000002309e-01 8.943154720823556780e-02 5.666382096858210010e-03
3.900000000000002354e-01 8.257532400587806742e-02 6.253841451665778130e-03
3.950000000000002398e-01 8.848728627764983201e-02 6.156356965698423986e-03
4.000000000000002442e-01 8.092883720364386912e-02 5.859045707497306625e-03
4.050000000000002487e-01 8.575646747427320693e-02 5.673789147382895214e-03
4.100000000000002531e-01 8.816638552078488733e-02 5.543128909645872113e-03
4.150000000000002576e-01 8.372576261638411954e-02 5.317426892520316431e-03
4.200000000000002620e-01 8.444459628812360508e-02 5.432710901519762804e-03
4.250000000000002665e-01 8.420435086852753881e-02 5.532470889317121082e-03
4.300000000000002709e-01 8.015618811611426031e-02 5.415540351775494088e-03
4.350000000000002753e-01 8.414693854321210476e-02 5.568653794446675777e-03
4.400000000000002798e-01 8.544108912578435300e-02 5.285169966618048776e-03
4.450000000000002842e-01 7.582486424239912037e-02 5.206806629880195332e-03
4.500000000000002887e-01 7.728127736892045907e-02 5.129898224370732854e-03
4.550000000000002931e-01 8.244831831715034032e-02 5.151616358963840778e-03
4.600000000000002975e-01 7.808833088046183979e-02 4.987311694919263107e-03
4.650000000000003020e-01 7.159235833152476081e-02 5.158291628488385211e-03
4.700000000000003064e-01 7.823713674234654414e-02 5.065995948524185631e-03
4.750000000000003109e-01 7.808770713669783980e-02 5.121938637573471807e-03
4.800000000000003153e-01 7.190655096996685647e-02 5.500079502385833187e-03
4.850000000000003197e-01 7.158934509829700810e-02 5.830522503295530561e-03
4.900000000000003242e-01 6.808920879921012692e-02 5.042068453920810905e-03
4.950000000000003286e-01 7.500988265995767179e-02 4.963162620300047567e-03
5.000000000000000000e-01 7.057315152199111763e-02 4.842409463470015614e-03
5.100000000000000089e-01 6.724398593912808697e-02 3.440417297083522580e-03
5.200000000000000178e-01 7.187348024396565671e-02 3.405410429409920590e-03
5.300000000000000266e-01 6.545709073260380650e-02 3.380408494583582533e-03
5.400000000000000355e-01 6.820774160163063649e-02 3.319704681162773899e-03
5.500000000000000444e-01 6.426049010275168560e-02 3.235381755620660941e-03
5.600000000000000533e-01 6.490403885015322283e-02 3.231933167976386041e-03
5.700000000000000622e-01 6.352567605553224861e-02 3.226906040889809205e-03
5.800000000000000711e-01 6.118279777134469355e-02 3.155614475607492787e-03
5.900000000000000799e-01 6.017102588031194438e-02 3.054716072331366012e-03
6.000000000000000888e-01 6.252796753497447124e-02 3.087479568325693109e-03
6.100000000000000977e-01 5.891727039416642941e-02 3.051081202109418369e-03
6.200000000000001066e-01 5.514421109429228085e-02 2.967619356984186035e-03
6.300000000000001155e-01 5.627336098570993178e-02 3.020140311642810667e-03
6.400000000000001243e-01 5.687108741985961308e-02 2.908566628309662127e-03
6.500000000000001332e-01 5.532858786806485463e-02 2.929623913319598892e-03
6.600000000000001421e-01 5.481837898189440006e-02 2.921768203927029711e-03
6.700000000000001510e-01 5.519022822880284562e-02 2.925876707925760545e-03
6.800000000000001599e-01 5.101356908077654684e-02 2.837053892770695016e-03
6.900000000000001688e-01 5.401027778974693688e-02 2.839823043763646786e-03
7.000000000000001776e-01 5.089993693109812894e-02 2.764337817964596621e-03
7.100000000000001865e-01 5.237189263867991079e-02 2.811658818642341282e-03
7.200000000000001954e-01 4.811604116165060785e-02 2.743922971529118640e-03
7.300000000000002043e-01 5.000157847368061348e-02 2.795936283360156687e-03
7.400000000000002132e-01 4.721695288939975477e-02 2.684734514153820899e-03
7.500000000000002220e-01 4.746728845957105120e-02 2.698121096411226164e-03
7.600000000000002309e-01 5.057607149844674937e-02 2.684212097455775711e-03
7.700000000000002398e-01 4.507027184917236640e-02 2.671798454137374809e-03
7.800000000000002487e-01 4.507736816083953574e-02 2.677355152731032435e-03
7.900000000000002576e-01 4.328741246936150533e-02 2.664246890925085331e-03
8.000000000000002665e-01 4.525491518287319548e-02 2.649061313637394131e-03
8.100000000000002753e-01 4.260294388939808025e-02 2.585090218424737022e-03
8.200000000000002842e-01 4.517661098612060083e-02 2.586138030870840151e-03
8.300000000000002931e-01 4.483343342609635851e-02 2.639906441378329742e-03
8.400000000000003020e-01 3.984617999861525539e-02 2.614711798840541924e-03
8.500000000000003109e-01 3.970143419690148195e-02 2.607677477159200691e-03
8.600000000000003197e-01 3.816989777283358309e-02 2.584347986890069091e-03
8.700000000000003286e-01 4.024763162418061591e-02 2.552937812861705378e-03
8.800000000000003375e-01 3.712037954752175906e-02 2.603226811990041762e-03
8.900000000000003464e-01 4.070074440298527413e-02 2.473088722217160664e-03
9.000000000000003553e-01 3.964010743442382412e-02 2.421305254888955327e-03
9.100000000000003642e-01 3.912308567710511692e-02 2.338396419224586433e-03
9.200000000000003730e-01 3.966635453142783319e-02 2.296747300365652514e-03
9.300000000000003819e-01 3.619228746479400544e-02 2.330462264644140094e-03
9.400000000000003908e-01 3.683061790367152255e-02 2.285081438632016997e-03
9.500000000000003997e-01 3.975525527891023148e-02 2.289454014814490575e-03
9.600000000000004086e-01 3.941042482427965787e-02 2.212990986553016546e-03
9.700000000000004174e-01 3.883114763959112647e-02 2.202978692485882406e-03
9.800000000000004263e-01 3.897075915454477346e-02 2.206183539616941858e-03
9.900000000000004352e-01 3.828555494374986240e-02 2.203175123578482442e-03
1.000000000000000000e+00 3.839766890155185686e-02 2.183497538244776829e-03
1.030000000000000027e+00 3.693755035527791081e-02 1.263962701193441403e-03
1.060000000000000053e+00 3.828260023171017185e-02 1.296822488095574150e-03
1.090000000000000080e+00 3.862404326515575526e-02 1.331635831658202658e-03
1.120000000000000107e+00 3.784300214684956087e-02 1.340885929712558886e-03
1.150000000000000133e+00 3.897885527574367764e-02 1.356339185797569846e-03
1.180000000000000160e+00 3.922024374292854693e-02 1.348566280146862783e-03
1.210000000000000187e+00 3.986003684533356156e-02 1.385809869526114305e-03
1.240000000000000213e+00 4.077021494701679738e-02 1.427536237401236772e-03
1.270000000000000240e+00 4.257124688724438916e-02 1.518271997642735641e-03
1.300000000000000266e+00 4.168013802613393382e-02 1.618643590299161236e-03
1.330000000000000293e+00 4.433002807210326135e-02 1.771026385056550861e-03
1.360000000000000320e+00 4.591111381658452562e-02 5.676151614062795343e-03
1.390000000000000346e+00 4.682014287325027974e-02 2.856833589134994966e-01
1.420000000000000373e+00 4.545366551501336255e-02 2.625263988364442014e-03
1.450000000000000400e+00 4.748329397318975381e-02 2.773483816738240605e-03
1.480000000000000426e+00 4.921248706794507238e-02 3.167811685717884795e-03
1.510000000000000453e+00 4.740417949691252270e-02 3.590541108171126615e-03
1.540000000000000480e+00 4.679421205100253028e-02 4.144637665415971950e-03
1.570000000000000506e+00 4.751017963241554315e-02 4.759654360762920720e-03
1.600000000000000533e+00 4.692103309254114230e-02 5.454380092141777707e-03
1.630000000000000560e+00 4.587665469774512839e-02 6.222000015490574201e-03
1.660000000000000586e+00 4.163401870302846364e-02 7.039042176735846139e-03
1.690000000000000613e+00 3.936882203547065889e-02 7.990692863058122125e-03
1.720000000000000639e+00 3.766370412732674561e-02 9.049267526736510039e-03
1.750000000000000666e+00 3.365758836533376541e-02 1.016601419149696685e-02
1.780000000000000693e+00 2.874966173110304890e-02 1.204634027981200083e-02
1.810000000000000719e+00 2.359418941419436783e-02 1.388268381325997482e-02
1.840000000000000746e+00 1.914543622833566119e-02 1.492986266515825000e-02
1.870000000000000773e+00 1.151078669477835319e-02 1.555721780993445276e-02
1.900000000000000799e+00 9.891531833540412322e-03 1.642999409205950570e-02
1.930000000000000826e+00 5.064998115827989804e-03 1.716343548591385548e-02
1.960000000000000853e+00 1.350323219284927084e-03 1.787375399988485464e-02
1.990000000000000879e+00 -1.245852463055104444e-03 1.861234345705444285e-02
2.020000000000000906e+00 -3.766069581421345458e-03 1.845962712826778457e-02
2.050000000000000711e+00 -4.764278213665682632e-03 1.824810775848025729e-02
2.080000000000000959e+00 -5.554851389718072456e-03 1.849154856373780298e-02
2.110000000000001208e+00 -7.093360109973484255e-03 1.866747694651967743e-02
2.140000000000001013e+00 -5.393228105590413927e-03 1.862908333274694919e-02
2.170000000000000817e+00 -8.075029751767756614e-03 1.808134082953159402e-02
2.200000000000001066e+00 -6.722212766405694095e-03 1.684930174638486766e-02
2.230000000000001315e+00 -8.760201405409577882e-03 1.542185489506207700e-02
2.260000000000001119e+00 -4.969413810238935622e-03 1.397680574497540441e-02
2.290000000000000924e+00 -4.439189809050721018e-03 1.322235729887456454e-02
2.320000000000001172e+00 -2.792721397193235512e-03 1.277193842646129514e-02
2.350000000000001421e+00 -2.302955771148458650e-03 1.240512537901154733e-02
2.380000000000001226e+00 -5.797504078617165928e-03 1.216104671632886429e-02
2.410000000000001030e+00 -2.879886220508371883e-03 6.546101521535942214e-02
2.440000000000001279e+00 -2.697595153912619309e-03 1.414767177228921369e-01
2.470000000000001528e+00 1.006988116933745349e-03 1.131566102516494768e-02
2.500000000000001332e+00 -3.175393452460716342e-03 1.098349398706545410e-02
2.530000000000001137e+00 -1.469541068087919624e-03 1.079107119998876617e-02
2.560000000000001386e+00 -2.928689564205260581e-03 1.054406177143736231e-02
2.590000000000001634e+00 -1.417496907990489080e-03 1.035601493260792164e-02
2.620000000000001439e+00 -1.357458356735879307e-03 1.018290588298364704e-02
2.650000000000001243e+00 -4.467338028512429999e-04 1.012758994171174438e-02
2.680000000000001492e+00 -9.125156948733469326e-04 1.013185423403787852e-02
2.710000000000001741e+00 -6.098431106292288633e-04 9.901023418952333011e-03
2.740000000000001545e+00 -3.870337633160758368e-03 9.720004152235891398e-03
2.770000000000001350e+00 -2.016496586741981390e-03 9.468625084746992021e-03
2.800000000000001599e+00 5.620936893281573265e-04 9.161630869250916506e-03
2.830000000000001847e+00 -1.436540779813454518e-03 1.079953899467460919e-02
2.860000000000001652e+00 -3.362485791063581520e-03 8.545543716393499273e-03
2.890000000000001457e+00 -1.848120233286880236e-03 8.228549404512876253e-03
2.920000000000001705e+00 -4.336772557325703622e-04 7.867704916003203514e-03
2.950000000000001954e+00 -1.307039509935078178e-03 7.510129643237899513e-03
2.980000000000001759e+00 -1.591530203726214138e-03 7.146564116690390205e-03
3.010000000000001563e+00 -1.734447340204278666e-03 6.803369536164061149e-03
3.040000000000001812e+00 -1.411693388225372806e-05 6.626687171999809389e-03
3.070000000000002061e+00 -1.928826399009863799e-03 6.180760261381756937e-03
3.100000000000001865e+00 -2.884228904203832867e-03 5.851729852571345078e-03
3.130000000000001670e+00 -1.354609826267013034e-03 5.390278486549367719e-03
3.160000000000001918e+00 1.360621470831831431e-03 5.537418175949221887e-03
3.190000000000002167e+00 1.491372892567058165e-03 5.587883200832437572e-03
