# q I conditional_sigma_fixed_C_no_cross_frame_covariance
5.000000000000000104e-03 -7.744251998705178153e+01 8.693343279406367401e+02
6.000000000000000125e-03 1.734095006287541452e+01 3.956300426606086376e+02
7.000000000000000146e-03 -1.093733789546033535e+02 1.916137326885572350e+02
8.000000000000000167e-03 -5.408734793989312806e+01 1.039210627366718143e+02
9.000000000000001055e-03 -4.044955099910491469e+01 6.649478482113869404e+01
1.000000000000000021e-02 -4.967884169414027440e+01 4.783370435365935691e+01
1.099999999999999936e-02 -5.184258510263652653e+01 3.707402108664075513e+01
1.200000000000000025e-02 -6.181430227581182635e+01 2.953170999284299825e+01
1.300000000000000114e-02 -7.403405351609054108e+00 2.513907811345772458e+01
1.400000000000000203e-02 -9.947859598368108180e+00 2.128377123114720604e+01
1.499999999999999944e-02 1.880108897226701714e+00 1.827298810594524525e+01
1.600000000000000033e-02 9.419832267337691079e-01 1.582365455132402232e+01
1.700000000000000122e-02 -3.562896733430609419e+00 1.408104447207405308e+01
1.800000000000000211e-02 -4.873945195925514895e+00 1.270383333604013387e+01
1.899999999999999953e-02 3.081130069725547926e+00 1.171146547592659815e+01
2.000000000000000042e-02 7.072054253817419145e-01 1.066963087040728198e+01
2.100000000000000130e-02 -3.364404450857809259e+00 9.986279311219785626e+00
2.200000000000000219e-02 8.232151999783576812e+00 9.433110087757325957e+00
2.300000000000000308e-02 -8.903768646203388926e+00 8.776158304819471567e+00
2.400000000000000050e-02 -5.956136957300262935e+00 8.327885949223025719e+00
2.500000000000000139e-02 5.683916133192792181e-02 7.979893389595547504e+00
2.600000000000000228e-02 1.001348590138809724e+00 7.590076873107760136e+00
2.699999999999999969e-02 1.097625297955596402e+01 7.301398755855045941e+00
2.800000000000000058e-02 1.121898661097815442e+00 6.902693424067074091e+00
2.900000000000000147e-02 -2.620537364716365225e+00 6.714067053802653895e+00
3.000000000000000236e-02 7.858847236751143051e+00 6.497681763095365604e+00
3.100000000000000325e-02 -6.820132310341258552e+00 6.281091022118432399e+00
3.200000000000000067e-02 9.019931060740098872e+00 6.012907850068819116e+00
3.300000000000000155e-02 -2.432231912624788883e+00 5.950018023792251753e+00
3.400000000000000244e-02 -4.934832250421251842e+00 5.761633387566480913e+00
3.499999999999999639e-02 -1.207981689374809209e+00 5.566791171202257971e+00
3.599999999999999728e-02 -8.857102607910283254e+00 5.493927945916915689e+00
3.699999999999999817e-02 -1.462416777880453722e+01 5.339676102446580863e+00
3.799999999999999906e-02 -6.898286026944855820e+00 5.208763737646725289e+00
3.899999999999999994e-02 -9.525260638345221409e+00 5.109913220588671479e+00
4.000000000000000083e-02 -1.084280372944664561e-01 4.987066322711019239e+00
4.100000000000000172e-02 6.716793935400498405e+00 4.867105647163289639e+00
4.199999999999999567e-02 -3.848349893709443137e+00 4.794926132029094568e+00
4.299999999999999656e-02 8.341492060335122360e+00 4.692124834968056213e+00
4.399999999999999745e-02 6.335473805254523860e+00 4.624960051962990093e+00
4.499999999999999833e-02 3.152612757550585787e+00 4.555291043243054006e+00
4.599999999999999922e-02 -9.004256108326087471e-01 4.435261990595230408e+00
4.700000000000000011e-02 -5.863640738792807561e+00 4.358532447903053608e+00
4.800000000000000100e-02 -6.922759756166361633e+00 4.288017817193884973e+00
4.899999999999999495e-02 4.374037204557878589e+00 4.206522164567624955e+00
5.000000000000000278e-02 -6.504287754715745606e+00 4.202243804502155733e+00
5.200000000000000455e-02 8.836513828298159234e-01 2.836493997899055763e+00
5.400000000000000633e-02 4.250052702558066442e-01 2.776522409752641085e+00
5.600000000000000810e-02 -6.289414490504618094e+00 2.787396137964741616e+00
5.800000000000000988e-02 -1.947949692151633938e+00 2.791502048738804920e+00
6.000000000000001166e-02 5.061237485879817477e+00 2.743484616297498846e+00
6.200000000000001343e-02 -2.714537931387420056e+00 2.605955011632576035e+00
6.400000000000001521e-02 -6.986437428616958378e+00 2.537624741463087030e+00
6.600000000000001699e-02 -3.704736399855934170e+00 2.468655281194963802e+00
6.800000000000001876e-02 3.764298244787224412e+00 2.392443692619241169e+00
7.000000000000002054e-02 -4.975334719158516772e-01 2.349867900736861692e+00
7.200000000000002232e-02 2.901817093065939268e+00 2.317804880631866737e+00
7.400000000000002409e-02 1.514853949269301392e-01 2.300657465152326608e+00
7.600000000000002587e-02 8.871889261981040775e-01 2.241865273457916974e+00
7.800000000000002764e-02 -5.048805954035626264e+00 2.224333340163919814e+00
8.000000000000002942e-02 -4.460238293956328981e+00 2.247817362330823965e+00
8.200000000000003120e-02 -3.522168481981742705e+00 2.235157698193207754e+00
8.400000000000003297e-02 -1.819455672478299091e+00 2.149864355583213094e+00
8.600000000000003475e-02 1.419978212009740615e+00 2.104833595163682958e+00
8.800000000000003653e-02 -4.462026350104691397e-01 2.117893973077389802e+00
9.000000000000003830e-02 -2.094958691425155006e-01 2.115256126425826722e+00
9.200000000000004008e-02 -1.868230541491003649e+00 2.086637292948991362e+00
9.400000000000004186e-02 3.128896085185048914e+00 2.070030825486411263e+00
9.600000000000004363e-02 -1.167527923469308337e+00 2.076874871196832117e+00
9.800000000000004541e-02 -2.587435597297432555e+00 2.059850278255367151e+00
1.000000000000000056e-01 3.908381161940265525e+00 2.040039742353364716e+00
1.050000000000000100e-01 -3.285742039727265751e-01 1.257133214733010762e+00
1.100000000000000144e-01 -1.166583501624053110e+00 1.228257183615842685e+00
1.150000000000000189e-01 1.835407188304319037e+00 1.200229580804087259e+00
1.200000000000000233e-01 -1.651976935420358672e-01 1.176030130092849069e+00
1.250000000000000278e-01 -3.012769866710229838e+00 1.189796553847574767e+00
1.300000000000000322e-01 -8.185505341954288916e-01 1.196841014082685950e+00
1.350000000000000366e-01 -1.395276354130661867e+00 1.146878303068245453e+00
1.400000000000000411e-01 -5.431896166361939171e-01 1.128733543270696638e+00
1.450000000000000455e-01 -8.456744828463685915e-01 1.110022966606213135e+00
1.500000000000000500e-01 3.128328112168358710e-01 1.151011500956204303e+00
1.550000000000000544e-01 -7.644429473159035648e-01 1.159809704830976340e+00
1.600000000000000588e-01 -9.304784956105272009e-01 1.162394882813249319e+00
1.650000000000000633e-01 -1.950940989902514300e+00 1.173390576010974407e+00
1.700000000000000677e-01 -1.876399174820081228e+00 1.177837674719850236e+00
1.750000000000000722e-01 3.093037696073167586e-01 1.166387089183764658e+00
1.800000000000000766e-01 -4.263954797861483903e-01 1.016951277953969557e+00
1.850000000000000810e-01 -2.878669283246032551e-01 1.008962083360634976e+00
1.900000000000000855e-01 -3.117831801574124859e-02 9.756254436795890328e-01
1.950000000000000899e-01 4.942110613581828793e-01 9.792661435059123454e-01
2.000000000000000944e-01 -1.173590959676089618e-01 1.005596933715676933e+00
2.050000000000000988e-01 -4.322495108475017944e-01 1.018370167930648051e+00
2.100000000000001033e-01 1.251917347930026736e+00 9.939391060082420903e-01
2.150000000000001077e-01 -2.367186694161357519e+00 1.010868576110788508e+00
2.200000000000001121e-01 -2.038215532479722703e-01 1.000347414423543357e+00
2.250000000000001166e-01 2.976884140062653339e-01 9.848130681605067327e-01
2.300000000000001210e-01 1.295455926683790060e-01 9.652777252873345759e-01
2.350000000000001255e-01 -1.048521463921757713e+00 1.006028158202525002e+00
2.400000000000001299e-01 7.464405538246340344e-01 1.069245172935583632e+00
2.450000000000001343e-01 1.271157485894695238e+00 1.043684446561131018e+00
2.500000000000001110e-01 8.895391557670141724e-02 1.088939425736524358e+00
2.550000000000001155e-01 -1.428507609235021736e+00 1.067722226197103330e+00
2.600000000000001199e-01 -4.911185355067466118e-01 1.122609379678773944e+00
2.650000000000001243e-01 -1.996767895148901628e+00 1.066640258015345344e+00
2.700000000000001288e-01 -1.020269025285344799e+00 1.132823866590880302e+00
2.750000000000001332e-01 -1.083638582397905697e-01 1.084059349261712990e+00
2.800000000000001377e-01 -1.876227730759126411e+00 1.112791569716090168e+00
2.850000000000001421e-01 -7.763485659261883942e-01 1.089759236709298307e+00
2.900000000000001465e-01 -6.821817138655569823e-02 1.063832361940669324e+00
2.950000000000001510e-01 -1.967037104600173336e+00 1.051145668597680993e+00
3.000000000000001554e-01 1.321399076791958116e+00 1.097241116281380879e+00
3.050000000000001599e-01 5.685716893682177808e-01 1.100141465739508995e+00
3.100000000000001643e-01 2.496644244161521364e-01 1.087367500945315202e+00
3.150000000000001688e-01 -6.227430689909376760e-01 1.072250493022585349e+00
3.200000000000001732e-01 -5.657116509731593412e-01 1.028121677917911869e+00
3.250000000000001776e-01 -1.831443703894531094e-01 1.019097133008114664e+00
3.300000000000001821e-01 -1.133781829235299243e+00 1.022579079525352208e+00
3.350000000000001865e-01 -1.296364400807473283e+00 1.034918620563270775e+00
3.400000000000001910e-01 1.603279640552780716e+00 9.706268799144660564e-01
3.450000000000001954e-01 1.435850702640570686e+00 1.020117412607415952e+00
3.500000000000001998e-01 -9.324928061944280921e-01 9.490677528718540756e-01
3.550000000000002043e-01 -5.282804551476968369e-01 9.717757448629689154e-01
3.600000000000002087e-01 -7.555528561897428830e-01 9.876477685213079782e-01
3.650000000000002132e-01 7.490495553189863154e-01 9.681326005353020347e-01
3.700000000000002176e-01 -1.194540354440039032e+00 9.589991061875687839e-01
3.750000000000002220e-01 -5.691684224123401137e-01 9.651374410481663446e-01
3.800000000000002265e-01 -6.495742622330848981e-01 9.948796058222041383e-01
3.850000000000002309e-01 -1.409471914812499005e+00 9.103570455750139567e-01
3.900000000000002354e-01 2.371671336963077081e-02 1.009057481667179346e+00
3.950000000000002398e-01 5.131560409481585872e-01 9.866922816422644127e-01
4.000000000000002442e-01 6.403129893022359020e-01 9.426742289028015032e-01
4.050000000000002487e-01 1.035104749409944402e-01 8.824042307014835496e-01
4.100000000000002531e-01 3.428176882194318154e-01 8.926344268135470994e-01
4.150000000000002576e-01 -3.470082035438927792e-01 8.698015001805468049e-01
4.200000000000002620e-01 -1.182527199826761688e+00 8.840942475700187542e-01
4.250000000000002665e-01 -1.251597027717954447e-01 8.943866454627482643e-01
4.300000000000002709e-01 -2.331967758474602359e-01 8.655056611106310971e-01
4.350000000000002753e-01 -5.864533308287310787e-01 8.816380754579749013e-01
4.400000000000002798e-01 -5.137755087854281033e-01 8.539985614843832451e-01
4.450000000000002842e-01 6.917740986162633499e-02 8.450647608182511039e-01
4.500000000000002887e-01 2.792797153373309804e-01 8.209708932059417430e-01
4.550000000000002931e-01 -4.948842040620939908e-01 8.107877663534195367e-01
4.600000000000002975e-01 -1.248525742405307481e-03 8.112844496335414046e-01
4.650000000000003020e-01 2.275306985563069484e-01 8.255267141110479434e-01
4.700000000000003064e-01 -2.017903113179302099e-01 8.133748460600145336e-01
4.750000000000003109e-01 -1.347199804116031574e+00 8.215443813163815223e-01
4.800000000000003153e-01 -2.552986920676058036e-01 8.859896330675222087e-01
4.850000000000003197e-01 -2.066690855451487063e-01 9.143292603368057270e-01
4.900000000000003242e-01 -3.961597818131685211e-01 7.994642718183223584e-01
4.950000000000003286e-01 -9.017863328372734966e-01 7.883384823581597312e-01
5.000000000000000000e-01 -5.410178138607770748e-01 7.967540880472762099e-01
5.100000000000000089e-01 1.304213236569496011e-02 5.485313748729361283e-01
5.200000000000000178e-01 1.458765311251624119e-01 5.409757195139068831e-01
5.300000000000000266e-01 -5.643717619166573884e-01 5.307480641933353116e-01
5.400000000000000355e-01 -3.267817079011017117e-02 5.340525450938015117e-01
5.500000000000000444e-01 -6.026261595991907472e-01 5.198898913502170149e-01
5.600000000000000533e-01 -7.131067447862247111e-01 5.196444559972992483e-01
5.700000000000000622e-01 -5.233243737521479089e-01 5.180026393477266122e-01
5.800000000000000711e-01 -8.869585871702205526e-02 5.021672861148184230e-01
5.900000000000000799e-01 -1.837176832195271670e-01 4.944788041141613411e-01
6.000000000000000888e-01 -4.476657950374856448e-02 4.907983533213627347e-01
6.100000000000000977e-01 4.595755761607646095e-01 4.883536540275475457e-01
6.200000000000001066e-01 5.472269134287401915e-01 4.734067988108870417e-01
6.300000000000001155e-01 1.725865609986690086e-01 4.773934091853358486e-01
6.400000000000001243e-01 -5.294963454686991700e-01 4.674317071482536057e-01
6.500000000000001332e-01 -1.582683584520525044e-01 4.672899678221003050e-01
6.600000000000001421e-01 -1.882852030978381386e-01 4.658645920973013554e-01
6.700000000000001510e-01 -4.765267094774754408e-01 4.632705475817852636e-01
6.800000000000001599e-01 4.165374176723788402e-01 4.603603844405483869e-01
6.900000000000001688e-01 3.044766471465130131e-01 4.572636762405057897e-01
7.000000000000001776e-01 -4.764888022178878635e-02 4.415577023214665164e-01
7.100000000000001865e-01 3.805845778538642366e-01 4.502615242493460679e-01
7.200000000000001954e-01 3.135251876831278151e-01 4.397324990544956291e-01
7.300000000000002043e-01 -6.291478861329470318e-01 4.441637034961741781e-01
7.400000000000002132e-01 -4.124920497044694961e-02 4.363648297160656608e-01
7.500000000000002220e-01 -8.567311506658447096e-01 4.302123812368676137e-01
7.600000000000002309e-01 -5.533447376688803709e-01 4.295764047555795107e-01
7.700000000000002398e-01 -2.299858493877051102e-01 4.288136548995218345e-01
7.800000000000002487e-01 -1.711099687598517383e-01 4.315443604901428309e-01
7.900000000000002576e-01 1.690251053296432104e-01 4.282275979755588713e-01
8.000000000000002665e-01 1.478212128872370135e-01 4.217613582001821237e-01
8.100000000000002753e-01 -3.138696007496022955e-01 4.165450770859490115e-01
8.200000000000002842e-01 1.971386571650971808e-01 4.164781996103163464e-01
8.300000000000002931e-01 -3.352873399403604182e-01 4.198330676117972837e-01
8.400000000000003020e-01 -1.871233200900783711e-01 4.193115722490268760e-01
8.500000000000003109e-01 1.949759929875439779e-01 4.137846555132935755e-01
8.600000000000003197e-01 5.879186805372752511e-01 4.121583165662794923e-01
8.700000000000003286e-01 3.197534859791673761e-02 4.144346497534904250e-01
8.800000000000003375e-01 3.120700587153209526e-01 4.211766167559389262e-01
8.900000000000003464e-01 -5.520692598631857934e-02 3.977904385071441284e-01
9.000000000000003553e-01 1.508551049146769629e-01 3.852016036582134872e-01
9.100000000000003642e-01 -1.299911921707618823e-01 3.752129092426636503e-01
9.200000000000003730e-01 3.404072724296788865e-01 3.707188622460309557e-01
9.300000000000003819e-01 -1.301730332813556823e-01 3.743488107526185549e-01
9.400000000000003908e-01 -9.384496651390504818e-01 3.666951678312552199e-01
9.500000000000003997e-01 -2.926662711072929302e-01 3.655810165268529865e-01
9.600000000000004086e-01 3.436432759884438526e-01 3.546454883019041771e-01
9.700000000000004174e-01 3.228224670011298758e-01 3.546815365621544536e-01
9.800000000000004263e-01 -2.475549145226230707e-01 3.544463517239554995e-01
9.900000000000004352e-01 -1.375250898938185362e-01 3.552249777045853874e-01
1.000000000000000000e+00 -5.207770747009303827e-04 3.497548364162592627e-01
1.030000000000000027e+00 4.388036155773752944e-02 2.027905920401419093e-01
1.060000000000000053e+00 -5.087522589275323553e-02 2.079374909642429936e-01
1.090000000000000080e+00 -1.987271252970780056e-01 2.132248596861588685e-01
1.120000000000000107e+00 -1.599493499197627289e-01 2.152747561168446011e-01
1.150000000000000133e+00 1.214400041138755382e-01 2.172953053734530959e-01
1.180000000000000160e+00 -5.727821727721713607e-01 2.165846139938000514e-01
1.210000000000000187e+00 -4.660051528771754770e-01 2.216699872521158132e-01
1.240000000000000213e+00 -6.344062020812307745e-02 2.295269097852070950e-01
1.270000000000000240e+00 -4.581326117388184738e-01 2.439726740016656681e-01
1.300000000000000266e+00 -1.441409657564327873e-01 2.593705157805329953e-01
1.330000000000000293e+00 -2.865447799818714447e-01 2.840714271311042260e-01
1.360000000000000320e+00 -1.586617843992538801e-01 9.082404030942152762e-01
1.390000000000000346e+00 -9.180093316680250082e-01 4.585383395929735428e+01
1.420000000000000373e+00 -1.464512489235798576e-01 4.203972042109201390e-01
1.450000000000000400e+00 -2.446983130602540524e-01 4.456839262324673867e-01
1.480000000000000426e+00 -2.340153081517509226e-01 5.073787473334093745e-01
1.510000000000000453e+00 -2.581779857325699479e-01 5.763010765948716196e-01
1.540000000000000480e+00 -2.069912952103944437e-02 6.641150804516298134e-01
1.570000000000000506e+00 -1.978794119719273423e-02 7.630253914705396046e-01
1.600000000000000533e+00 -8.388124942111925553e-02 8.751363053174151529e-01
1.630000000000000560e+00 -1.593090483752793163e-01 9.969472098814751160e-01
1.660000000000000586e+00 -1.222676277788914967e-01 1.129859145878469917e+00
1.690000000000000613e+00 -3.365811299991400274e-01 1.282747701829987097e+00
1.720000000000000639e+00 -3.371185029495624152e-01 1.451490999562611961e+00
1.750000000000000666e+00 -3.580555706483981582e-02 1.631069259376030089e+00
1.780000000000000693e+00 -1.010566392195915986e-01 1.933140498533781892e+00
1.810000000000000719e+00 -7.783798019212098684e-02 2.226854661932682777e+00
1.840000000000000746e+00 -2.278128381481586695e-01 2.396619310219897159e+00
1.870000000000000773e+00 1.010538840872072797e-01 2.495690763538846113e+00
1.900000000000000799e+00 -3.166858383139446037e-02 2.637241305351041287e+00
1.930000000000000826e+00 7.389789152229758740e-02 2.756053612462168623e+00
1.960000000000000853e+00 -9.025503940180566731e-02 2.871077238667593790e+00
1.990000000000000879e+00 -2.497027198338333531e-01 2.988941787326351296e+00
2.020000000000000906e+00 2.227326701513695217e-01 2.965411070320415732e+00
2.050000000000000711e+00 -2.080891638177763403e-01 2.931090531609458427e+00
2.080000000000000959e+00 -1.418393461658294316e-02 2.969322297913324693e+00
2.110000000000001208e+00 -3.196913660307103000e-01 2.997668339506576629e+00
2.140000000000001013e+00 5.151155564303848688e-01 2.992392538112401912e+00
2.170000000000000817e+00 5.936669319322691180e-02 2.902752350465080955e+00
2.200000000000001066e+00 -3.137199930857483277e-01 2.705503438929353965e+00
2.230000000000001315e+00 5.241782948534862152e-02 2.473831066436610548e+00
2.260000000000001119e+00 1.587615514000009775e-01 2.243863363749069695e+00
2.290000000000000924e+00 2.948948791223534593e-01 2.123769306729061057e+00
2.320000000000001172e+00 2.117852198304092659e-01 2.050452122419207157e+00
2.350000000000001421e+00 6.641811877657134433e-01 1.992044501703931436e+00
2.380000000000001226e+00 6.290474208703097370e-01 1.953069662962628072e+00
2.410000000000001030e+00 3.358844893530755216e-01 1.051427445824028517e+01
2.440000000000001279e+00 -3.469595444923117000e-01 2.274525798963554379e+01
2.470000000000001528e+00 1.973680379857596645e-01 1.816578535681096840e+00
2.500000000000001332e+00 3.718905081979947957e-01 1.764663256021367532e+00
2.530000000000001137e+00 4.680244146551730267e-01 1.731793239483487623e+00
2.560000000000001386e+00 4.889776916226287184e-01 1.693181606690538299e+00
2.590000000000001634e+00 3.359644380612400449e-01 1.663432690517367751e+00
2.620000000000001439e+00 4.052673489340785640e-01 1.635458630717641304e+00
2.650000000000001243e+00 4.017843083738900645e-01 1.625650980773889920e+00
2.680000000000001492e+00 6.016053278379842606e-01 1.627321171121332899e+00
2.710000000000001741e+00 3.366648616961444018e-01 1.589226380693400165e+00
2.740000000000001545e+00 7.682132159547649941e-01 1.560519868042611780e+00
2.770000000000001350e+00 2.928716564306408920e-01 1.520156067401523758e+00
2.800000000000001599e+00 4.207764973558883459e-01 1.470589603271035273e+00
2.830000000000001847e+00 5.500694695177329452e-01 1.734263689005558273e+00
2.860000000000001652e+00 6.768316078082989851e-01 1.372749040633601370e+00
2.890000000000001457e+00 6.870442956713985749e-01 1.319879503255816600e+00
2.920000000000001705e+00 2.186557896871110518e-01 1.263406925911699341e+00
2.950000000000001954e+00 3.403865478715113468e-01 1.205577971897356271e+00
2.980000000000001759e+00 2.109526339615635238e-01 1.146682567479677672e+00
3.010000000000001563e+00 4.030374366703087796e-01 1.093247550390593847e+00
3.040000000000001812e+00 6.319932989270781176e-01 1.064295674358175514e+00
3.070000000000002061e+00 1.189092186935293699e-01 9.916414249628532351e-01
3.100000000000001865e+00 3.837340210844116251e-01 9.383033769223797504e-01
3.130000000000001670e+00 3.792578870526652213e-01 8.666440352059070484e-01
3.160000000000001918e+00 3.196791245037730045e-01 8.890096525616703049e-01
3.190000000000002167e+00 1.645891220959004864e-01 8.957838042304379078e-01
