# q I sigma_shared_baseline
5.000000000000000104e-03 3.991433290106842335e+00 5.219158103105666413e+00
6.000000000000000125e-03 2.565618462556473300e+00 2.341746574363635869e+00
7.000000000000000146e-03 3.318056790537101897e+00 1.157680418805453915e+00
8.000000000000000167e-03 2.329953742567810071e+00 6.259246074227492462e-01
9.000000000000001055e-03 2.655339000177760589e+00 3.968107003787775255e-01
1.000000000000000021e-02 2.464601292924315068e+00 2.891997724880562837e-01
1.099999999999999936e-02 2.368921760885610350e+00 2.216484956331762068e-01
1.200000000000000025e-02 2.575770853331887267e+00 1.760887120150589624e-01
1.300000000000000114e-02 2.464557522037572390e+00 1.480745747488237951e-01
1.400000000000000203e-02 2.335145910063626928e+00 1.240300531745645446e-01
1.499999999999999944e-02 2.174584309612967559e+00 1.076512392625892656e-01
1.600000000000000033e-02 2.245417505465897356e+00 9.511299632326591924e-02
1.700000000000000122e-02 2.144948972577161328e+00 8.311508965899835899e-02
1.800000000000000211e-02 2.182919769088380146e+00 7.587406284806830215e-02
1.899999999999999953e-02 2.228926330201484340e+00 6.870384941225772535e-02
2.000000000000000042e-02 2.108302252777433328e+00 6.343874388610880322e-02
2.100000000000000130e-02 2.099162563941592285e+00 5.903800870808006973e-02
2.200000000000000219e-02 1.931352059447918990e+00 5.514743110656230435e-02
2.300000000000000308e-02 2.067141941015526285e+00 5.200081861026120689e-02
2.400000000000000050e-02 2.005222689961802640e+00 4.887199376361716502e-02
2.500000000000000139e-02 1.970111183260082832e+00 4.705240997659038138e-02
2.600000000000000228e-02 1.962733162942088549e+00 4.464341777095680308e-02
2.699999999999999969e-02 1.888464113404718425e+00 4.271933259276364941e-02
2.800000000000000058e-02 1.869998603156057149e+00 4.098261079767546999e-02
2.900000000000000147e-02 1.844055945637856464e+00 3.908184459858435322e-02
3.000000000000000236e-02 1.760764000906641646e+00 3.767935078947028116e-02
3.100000000000000325e-02 1.822481052484559605e+00 3.724433473273999068e-02
3.200000000000000067e-02 1.693319314321527269e+00 3.516497046422647349e-02
3.300000000000000155e-02 1.727870239878148917e+00 3.514056421833005456e-02
3.400000000000000244e-02 1.664537566700321936e+00 3.367144874011372691e-02
3.499999999999999639e-02 1.568145450170354449e+00 3.282735554995112187e-02
3.599999999999999728e-02 1.592796789938165203e+00 3.199477009093616015e-02
3.699999999999999817e-02 1.601809218124129464e+00 3.118786441762886816e-02
3.799999999999999906e-02 1.534122091566414658e+00 3.074402068363446885e-02
3.899999999999999994e-02 1.491488177541474336e+00 2.981336037078698847e-02
4.000000000000000083e-02 1.470244827852500435e+00 2.911599674079251229e-02
4.100000000000000172e-02 1.455629730247194553e+00 2.884109362196238258e-02
4.199999999999999567e-02 1.403391892386016693e+00 2.831337150016768542e-02
4.299999999999999656e-02 1.402059028829564680e+00 2.758374097432820388e-02
4.399999999999999745e-02 1.316234838322310807e+00 2.708552453230953644e-02
4.499999999999999833e-02 1.319946991891851606e+00 2.660054920153997679e-02
4.599999999999999922e-02 1.274644376335853035e+00 2.566935363204376694e-02
4.700000000000000011e-02 1.243515779965920887e+00 2.553584590790348649e-02
4.800000000000000100e-02 1.217017276898642475e+00 2.533061329953603322e-02
4.899999999999999495e-02 1.183122701901201834e+00 2.484940640599867662e-02
5.000000000000000278e-02 1.188404419503274800e+00 2.441967929051132649e-02
5.200000000000000455e-02 1.101824691252877519e+00 1.671287664559074557e-02
5.400000000000000633e-02 1.049389550177252994e+00 1.631336861394450805e-02
5.600000000000000810e-02 1.005311327007264000e+00 1.640351070216294546e-02
5.800000000000000988e-02 9.556466174915512202e-01 1.644930632471783630e-02
6.000000000000001166e-02 9.035450419813060297e-01 1.615154484033705720e-02
6.200000000000001343e-02 8.824986034653390377e-01 1.541725965578999609e-02
6.400000000000001521e-02 8.372068144664102096e-01 1.499737250873013107e-02
6.600000000000001699e-02 7.956429916025277160e-01 1.458675957341142200e-02
6.800000000000001876e-02 7.450348726465708671e-01 1.417100835752073407e-02
7.000000000000002054e-02 7.311166985153852993e-01 1.388094433099857673e-02
7.200000000000002232e-02 6.905206771980394453e-01 1.363335850879028414e-02
7.400000000000002409e-02 6.676590454488262605e-01 1.366594064388372554e-02
7.600000000000002587e-02 6.463141296126184709e-01 1.326985726015590152e-02
7.800000000000002764e-02 5.995237414786550589e-01 1.316905705871099577e-02
8.000000000000002942e-02 5.884644589042979934e-01 1.334114353070833640e-02
8.200000000000003120e-02 5.701597711432372373e-01 1.323185673593321038e-02
8.400000000000003297e-02 5.563715760793950249e-01 1.281531649999951075e-02
8.600000000000003475e-02 5.245229045958640368e-01 1.243663590348944789e-02
8.800000000000003653e-02 5.055553147099250966e-01 1.254754892515817614e-02
9.000000000000003830e-02 4.692357556438401800e-01 1.251066128737457830e-02
9.200000000000004008e-02 4.560825147495023990e-01 1.237569272179018035e-02
9.400000000000004186e-02 4.281191471852388575e-01 1.233478620474721087e-02
9.600000000000004363e-02 4.259349090019389772e-01 1.230902840912590814e-02
9.800000000000004541e-02 4.160961728087859690e-01 1.224392040001430308e-02
1.000000000000000056e-01 3.837576430629012214e-01 1.211868378860973990e-02
1.050000000000000100e-01 3.596516194112127640e-01 7.462776718905861015e-03
1.100000000000000144e-01 3.346417961909162742e-01 7.321691561905692078e-03
1.150000000000000189e-01 3.116713464901361141e-01 7.146583526022140531e-03
1.200000000000000233e-01 2.788691660999526589e-01 6.999964306335547219e-03
1.250000000000000278e-01 2.604221565701909658e-01 7.072428376659193813e-03
1.300000000000000322e-01 2.447352980695743641e-01 7.132782473680416777e-03
1.350000000000000366e-01 2.303695628932563855e-01 6.854625023046873912e-03
1.400000000000000411e-01 2.107514709976986700e-01 6.723274977863179756e-03
1.450000000000000455e-01 1.942914325720774826e-01 6.631470857442567021e-03
1.500000000000000500e-01 1.927446345405308681e-01 6.880634140746235902e-03
1.550000000000000544e-01 1.723020143418527717e-01 6.900711425426106146e-03
1.600000000000000588e-01 1.552153776995204570e-01 6.968127676952859395e-03
1.650000000000000633e-01 1.485175021637268333e-01 6.994115290434158028e-03
1.700000000000000677e-01 1.414512962396740348e-01 7.035690635160555921e-03
1.750000000000000722e-01 1.379515749042671824e-01 6.968849711094629411e-03
1.800000000000000766e-01 1.307522882536341358e-01 6.126652976006965144e-03
1.850000000000000810e-01 1.245833279067191240e-01 5.930634880595033256e-03
1.900000000000000855e-01 1.213680909596974861e-01 5.810474554911952694e-03
1.950000000000000899e-01 1.142883228787567318e-01 5.958819253085885330e-03
2.000000000000000944e-01 1.058064017285733766e-01 6.096871097722935014e-03
2.050000000000000988e-01 1.034705671521147785e-01 6.080948116441304598e-03
2.100000000000001033e-01 9.856036145477259369e-02 5.922732316997525448e-03
2.150000000000001077e-01 9.298816621812242000e-02 5.988387551017201015e-03
2.200000000000001121e-01 9.611727971848950391e-02 6.052018251339295885e-03
2.250000000000001166e-01 8.624916685650439729e-02 5.804565344329247652e-03
2.300000000000001210e-01 8.439657388035526342e-02 5.792893523383717790e-03
2.350000000000001255e-01 7.958257506290357386e-02 6.101642172120377849e-03
2.400000000000001299e-01 7.858579125725051462e-02 6.277243878134339608e-03
2.450000000000001343e-01 8.089702824256972402e-02 6.249525660363642807e-03
2.500000000000001110e-01 6.745474100099221881e-02 6.652811428171315038e-03
2.550000000000001155e-01 7.964038988785203388e-02 6.410869477867265319e-03
2.600000000000001199e-01 6.639097314502075131e-02 6.707009249702902340e-03
2.650000000000001243e-01 6.994906692080433974e-02 6.355572782236728821e-03
2.700000000000001288e-01 6.528586340470787786e-02 6.641350234640968839e-03
2.750000000000001332e-01 6.655983316036570563e-02 6.434192922876762026e-03
2.800000000000001377e-01 6.559412613065271347e-02 6.555786893166546878e-03
2.850000000000001421e-01 6.599508650219737538e-02 6.523936180398198260e-03
2.900000000000001465e-01 6.024401852839433164e-02 6.423868733591819348e-03
2.950000000000001510e-01 5.471209305761755987e-02 6.520866903973851665e-03
3.000000000000001554e-01 4.961478511521740659e-02 6.531787107095649025e-03
3.050000000000001599e-01 5.497216842135901199e-02 6.429814467562124276e-03
3.100000000000001643e-01 4.149733135203578088e-02 6.571052049762575974e-03
3.150000000000001688e-01 5.907658314469636102e-02 6.705969957210661421e-03
3.200000000000001732e-01 5.483707284153722245e-02 6.062821825007337975e-03
3.250000000000001776e-01 5.333178909803508450e-02 6.088477732942650274e-03
3.300000000000001821e-01 4.225205475507983616e-02 6.091208078507699339e-03
3.350000000000001865e-01 5.242315289532725048e-02 6.218894736494168587e-03
3.400000000000001910e-01 4.323894878358625071e-02 5.783711687641455469e-03
3.450000000000001954e-01 4.846697403856205927e-02 6.193878397414885606e-03
3.500000000000001998e-01 4.065824895115477400e-02 5.646479441719925649e-03
3.550000000000002043e-01 4.489655668397823235e-02 5.941328794047235143e-03
3.600000000000002087e-01 4.317498862516037234e-02 5.969292952173796581e-03
3.650000000000002132e-01 4.593581218070266758e-02 5.887317671191831699e-03
3.700000000000002176e-01 3.698537326802590203e-02 5.916749311431115065e-03
3.750000000000002220e-01 4.615345682741839317e-02 5.807889233495257958e-03
3.800000000000002265e-01 4.550004549660574549e-02 5.823190971804714615e-03
3.850000000000002309e-01 4.252381918351192530e-02 5.476750070129272029e-03
3.900000000000002354e-01 4.239869058564157273e-02 5.964455734917122401e-03
3.950000000000002398e-01 4.109165545673918590e-02 5.877685753776409894e-03
4.000000000000002442e-01 4.633254891773616602e-02 5.642915623349113730e-03
4.050000000000002487e-01 3.433213815971357386e-02 5.274658673534876954e-03
4.100000000000002531e-01 3.914795573949698265e-02 5.174767934442165394e-03
4.150000000000002576e-01 3.276402233501254924e-02 5.221891228360285749e-03
4.200000000000002620e-01 4.405010157491937028e-02 5.323910384955632749e-03
4.250000000000002665e-01 3.697513505435950226e-02 5.385528981011094077e-03
4.300000000000002709e-01 3.946766634841163829e-02 5.252227983819097307e-03
4.350000000000002753e-01 3.482295522306381313e-02 5.263095518716859149e-03
4.400000000000002798e-01 4.110141501265026504e-02 5.137864660169890775e-03
4.450000000000002842e-01 3.323890784477257637e-02 5.231661292183274400e-03
4.500000000000002887e-01 3.952568755652284549e-02 4.894879252894490489e-03
4.550000000000002931e-01 3.608903518955752093e-02 4.755907808987804020e-03
4.600000000000002975e-01 3.934463183725937091e-02 4.836349919954662131e-03
4.650000000000003020e-01 3.362383504556629849e-02 5.034094130446011874e-03
4.700000000000003064e-01 3.603744632260322961e-02 4.942114628751625473e-03
4.750000000000003109e-01 3.693687766570211140e-02 4.981409454967717157e-03
4.800000000000003153e-01 3.424622089700098820e-02 5.233975434592932040e-03
4.850000000000003197e-01 2.775612468861664989e-02 5.447407339587606763e-03
4.900000000000003242e-01 3.605819001650872879e-02 4.921665580116292224e-03
4.950000000000003286e-01 3.310405044885447734e-02 4.822120515555488977e-03
5.000000000000000000e-01 2.933971560206771051e-02 4.727253827917223331e-03
5.100000000000000089e-01 3.196621148377239152e-02 3.296456557677226572e-03
5.200000000000000178e-01 3.099860611748665035e-02 3.297013256263385626e-03
5.300000000000000266e-01 3.357602967933494970e-02 3.163377903983082169e-03
5.400000000000000355e-01 2.983470640176890884e-02 3.214723393947787212e-03
5.500000000000000444e-01 3.195870894824472813e-02 3.108303190844194375e-03
5.600000000000000533e-01 2.883681221706628495e-02 3.055461254776841752e-03
5.700000000000000622e-01 3.224803902613485040e-02 3.043338674885485203e-03
5.800000000000000711e-01 3.007972094050399489e-02 3.046394263109102659e-03
5.900000000000000799e-01 2.598798615505572632e-02 2.955276714673310285e-03
6.000000000000000888e-01 2.939586568422210625e-02 2.955932735291758560e-03
6.100000000000000977e-01 2.302390085182148133e-02 2.872315214577855769e-03
6.200000000000001066e-01 2.492994869975369981e-02 2.830661945665639487e-03
6.300000000000001155e-01 2.607186260649115364e-02 2.856774389805155894e-03
6.400000000000001243e-01 2.916862096846027652e-02 2.783800550919330891e-03
6.500000000000001332e-01 2.673482365157614157e-02 2.826891978147033635e-03
6.600000000000001421e-01 2.541208879127777182e-02 2.792916361861331152e-03
6.700000000000001510e-01 2.464146123580794254e-02 2.783618061146913344e-03
6.800000000000001599e-01 2.071335110872979737e-02 2.773885628298456037e-03
6.900000000000001688e-01 2.319471148537046584e-02 2.725980531285494574e-03
7.000000000000001776e-01 2.321579830691178348e-02 2.665601909034881305e-03
7.100000000000001865e-01 2.012219138709572461e-02 2.694265078684087832e-03
7.200000000000001954e-01 2.363908254691575797e-02 2.665262791738303230e-03
7.300000000000002043e-01 2.571700498408965863e-02 2.671246912894061944e-03
7.400000000000002132e-01 2.404152289190030975e-02 2.613245278542564599e-03
7.500000000000002220e-01 1.957251625488228008e-02 2.579959980835933031e-03
7.600000000000002309e-01 2.261964648028149186e-02 2.576814590473125877e-03
7.700000000000002398e-01 2.078687216122387937e-02 2.588006422785703916e-03
7.800000000000002487e-01 2.416660349084017931e-02 2.585254786571060392e-03
7.900000000000002576e-01 2.167676372212940655e-02 2.592987510967588276e-03
8.000000000000002665e-01 2.220764731587095489e-02 2.543359143544332047e-03
8.100000000000002753e-01 2.035825950733035836e-02 2.503986160032667385e-03
8.200000000000002842e-01 2.002099933299096579e-02 2.483572122137497461e-03
8.300000000000002931e-01 1.733987785802751022e-02 2.516035203344438309e-03
8.400000000000003020e-01 2.123225100811008265e-02 2.509592502822426217e-03
8.500000000000003109e-01 1.827494359972589924e-02 2.494794839219175754e-03
8.600000000000003197e-01 1.746732191489288114e-02 2.480193000898492112e-03
8.700000000000003286e-01 2.239988969200960509e-02 2.469277125095303230e-03
8.800000000000003375e-01 1.779182231681261661e-02 2.514923234473458082e-03
8.900000000000003464e-01 1.618830663570425960e-02 2.395161623417017913e-03
9.000000000000003553e-01 1.694234525025917551e-02 2.321359193158756187e-03
9.100000000000003642e-01 1.948384077650783947e-02 2.267787965375926175e-03
9.200000000000003730e-01 1.764602047821116348e-02 2.219752716846393192e-03
9.300000000000003819e-01 1.629047771242168527e-02 2.242528552904442425e-03
9.400000000000003908e-01 1.887136385408391681e-02 2.205399458354757609e-03
9.500000000000003997e-01 1.661486161488755914e-02 2.184938103209348170e-03
9.600000000000004086e-01 1.894365983814970747e-02 2.123667662303635635e-03
9.700000000000004174e-01 1.544973435621183229e-02 2.108551888095044295e-03
9.800000000000004263e-01 1.861410003220831041e-02 2.125466532557429913e-03
9.900000000000004352e-01 1.466091429838432304e-02 2.135027408018946599e-03
1.000000000000000000e+00 1.672907706929089786e-02 2.113959339517708109e-03
1.030000000000000027e+00 1.815883296310069964e-02 1.215596466230843857e-03
1.060000000000000053e+00 1.697761302773720046e-02 1.249184263840648302e-03
1.090000000000000080e+00 1.749364375002145089e-02 1.279522193136450577e-03
1.120000000000000107e+00 1.892319985397769230e-02 1.288148817495844266e-03
1.150000000000000133e+00 1.679132077749049060e-02 1.302686624788710083e-03
1.180000000000000160e+00 1.936358620287746343e-02 1.299219541260206038e-03
1.210000000000000187e+00 1.875930655967390781e-02 1.328393321303277365e-03
1.240000000000000213e+00 1.930352721516076162e-02 1.373797767133012665e-03
1.270000000000000240e+00 1.875958021571681386e-02 1.460875368141317061e-03
1.300000000000000266e+00 1.948647801905566829e-02 1.546182712451937401e-03
1.330000000000000293e+00 2.212781669516375796e-02 1.703877983687243983e-03
1.360000000000000320e+00 2.184916188058133243e-02 5.441219608978197474e-03
1.390000000000000346e+00 2.323752377591745827e-02 2.746755510170295622e-01
1.420000000000000373e+00 2.047811649815588220e-02 2.520754334414419817e-03
1.450000000000000400e+00 2.229913501348353491e-02 2.672852165066900987e-03
1.480000000000000426e+00 2.180298663063391651e-02 3.039261984325621578e-03
1.510000000000000453e+00 2.191212145725171534e-02 3.452692600713053780e-03
1.540000000000000480e+00 2.384451922060253429e-02 3.971754410104918857e-03
1.570000000000000506e+00 2.213558566344909009e-02 4.572246849647378791e-03
1.600000000000000533e+00 2.088460538208418427e-02 5.246000148392728456e-03
1.630000000000000560e+00 2.078311711447490551e-02 5.969142583136354506e-03
1.660000000000000586e+00 1.984224594047142437e-02 6.768932285651291757e-03
1.690000000000000613e+00 1.972518460923341349e-02 7.688007878538471312e-03
1.720000000000000639e+00 1.767007105113044263e-02 8.699115172811380109e-03
1.750000000000000666e+00 1.374664685496607142e-02 9.775851177202709436e-03
1.780000000000000693e+00 1.417712079355751970e-02 1.159089977476862598e-02
1.810000000000000719e+00 1.095410100155269281e-02 1.334816079403090307e-02
1.840000000000000746e+00 9.845192884710309358e-03 1.437417470063433698e-02
1.870000000000000773e+00 5.306105536161096620e-03 1.496233286393590899e-02
1.900000000000000799e+00 4.774958651577752844e-03 1.581058599571093237e-02
1.930000000000000826e+00 1.399040888957031083e-03 1.652412036912855389e-02
1.960000000000000853e+00 1.887129035294494951e-03 1.721800715690430597e-02
1.990000000000000879e+00 -1.865922904735972340e-04 1.791960944813517434e-02
2.020000000000000906e+00 -5.812730655999651195e-04 1.778302358974557379e-02
2.050000000000000711e+00 -1.515880984741344072e-03 1.757608706477562649e-02
2.080000000000000959e+00 -3.249879776684447448e-03 1.781109641413948855e-02
2.110000000000001208e+00 -2.527689899381053637e-03 1.796396078661910770e-02
2.140000000000001013e+00 -5.305918095099914668e-03 1.793775242967429046e-02
2.170000000000000817e+00 -1.160096210014127834e-03 1.741346226385897394e-02
2.200000000000001066e+00 -1.679752066947414585e-04 1.622747973081339196e-02
2.230000000000001315e+00 -5.189975712270918778e-03 1.482884504201590486e-02
2.260000000000001119e+00 -3.332691389346091864e-03 1.345472933871295386e-02
2.290000000000000924e+00 4.361354881529069696e-04 1.274054519038290804e-02
2.320000000000001172e+00 -3.654169076617432639e-04 1.229011344139427538e-02
2.350000000000001421e+00 -4.771702140973282588e-04 1.193831670937367528e-02
2.380000000000001226e+00 -1.607405765848795957e-03 1.170972003916079252e-02
2.410000000000001030e+00 -2.067815238219782633e-03 6.308151100866458971e-02
2.440000000000001279e+00 1.762162264984476262e-03 1.363994607502156398e-01
2.470000000000001528e+00 -9.025828893658435293e-04 1.089460863642764156e-02
2.500000000000001332e+00 -1.321587411124441067e-03 1.058400679300874024e-02
2.530000000000001137e+00 -1.365055887020314839e-03 1.037770640124088817e-02
2.560000000000001386e+00 -7.741656919834124639e-04 1.015251199974620371e-02
2.590000000000001634e+00 -6.082100503661935081e-04 9.967054140663482095e-03
2.620000000000001439e+00 -1.437206109458584674e-03 9.808461390579774342e-03
2.650000000000001243e+00 -1.011225694945972224e-03 9.749113318732453848e-03
2.680000000000001492e+00 -1.068910942701795271e-03 9.757326663080259296e-03
2.710000000000001741e+00 -1.939186612133953847e-03 9.532907690056468750e-03
2.740000000000001545e+00 -1.406772196437111730e-03 9.356422580149124577e-03
2.770000000000001350e+00 -1.310602698699832487e-04 9.110984730530031356e-03
2.800000000000001599e+00 -1.613765411676189310e-03 8.817355475760882758e-03
2.830000000000001847e+00 -2.637102348635313002e-03 1.039494636127766963e-02
2.860000000000001652e+00 -8.659987116590416858e-04 8.242125138028065859e-03
2.890000000000001457e+00 -5.020475421692923573e-03 7.916269282403257113e-03
2.920000000000001705e+00 -1.904396770099931347e-03 7.573015577938951685e-03
2.950000000000001954e+00 -6.676442941635610294e-04 7.231802829149690595e-03
2.980000000000001759e+00 -5.178099640024760864e-04 6.873622416899475250e-03
3.010000000000001563e+00 -2.625472738239721313e-03 6.555265391191738948e-03
3.040000000000001812e+00 -1.979388574438578196e-03 6.368176286688512037e-03
3.070000000000002061e+00 -1.114418375989850848e-03 5.946505993363979982e-03
3.100000000000001865e+00 -1.379708106725839861e-03 5.619880303380855868e-03
3.130000000000001670e+00 -1.819510225744771711e-03 5.190732899739728019e-03
3.160000000000001918e+00 -2.237912782679585526e-03 5.327920331627506584e-03
3.190000000000002167e+00 -9.967948082390946409e-04 5.377003898276579846e-03
