# q I conditional_sigma_fixed_C_no_cross_frame_covariance
1.200000000000000025e-02 1.339457839636095287e+02 6.549418453854196187e+00
1.300000000000000114e-02 1.369471471220784906e+02 5.521921909072077916e+00
1.400000000000000203e-02 1.226999850691273508e+02 4.696937133146602328e+00
1.499999999999999944e-02 1.210407359439595467e+02 4.035433804783624900e+00
1.600000000000000033e-02 1.186707897630117117e+02 3.522318498846072288e+00
1.700000000000000122e-02 1.096771933341158274e+02 3.099180167875694725e+00
1.800000000000000211e-02 1.207483509657434411e+02 2.815449186670762938e+00
1.899999999999999953e-02 1.134716741193698368e+02 2.593313350662276306e+00
2.000000000000000042e-02 1.127763892348672385e+02 2.374110531883405706e+00
2.100000000000000130e-02 1.088440409644229305e+02 2.202396826303762989e+00
2.200000000000000219e-02 1.061444708322386532e+02 2.070663474970195317e+00
2.300000000000000308e-02 1.111579031311707695e+02 1.935824564128542535e+00
2.400000000000000050e-02 1.048824866051522946e+02 1.837623704887813680e+00
2.500000000000000139e-02 1.048364873034159643e+02 1.774786246697420466e+00
2.600000000000000228e-02 1.067854320685677294e+02 1.692357989766761772e+00
2.699999999999999969e-02 1.004914583802170824e+02 1.613866019382672823e+00
2.800000000000000058e-02 9.983892915216823383e+01 1.518544732635858541e+00
2.900000000000000147e-02 1.003096751547797680e+02 1.482348890751998383e+00
3.000000000000000236e-02 9.510082594029795189e+01 1.428768772610097715e+00
3.100000000000000325e-02 9.864634690079822121e+01 1.395992454251266945e+00
3.200000000000000067e-02 8.904396320626432271e+01 1.331860136797726080e+00
3.300000000000000155e-02 9.249702035390915000e+01 1.318159276198516139e+00
3.400000000000000244e-02 8.827716528261025530e+01 1.275355120922049057e+00
3.499999999999999639e-02 8.624253558780354467e+01 1.236906613991280102e+00
3.599999999999999728e-02 8.562422677363893797e+01 1.208007198394508652e+00
3.699999999999999817e-02 8.606764190770702783e+01 1.181504729037943680e+00
3.799999999999999906e-02 8.108118870816637980e+01 1.156299404614986814e+00
3.899999999999999994e-02 8.110024840292324200e+01 1.131031633625251054e+00
4.000000000000000083e-02 7.844250333305403444e+01 1.106398191949371501e+00
4.100000000000000172e-02 7.497485542604070474e+01 1.080430531960884899e+00
4.199999999999999567e-02 7.207915563232575096e+01 1.065074313923686677e+00
4.299999999999999656e-02 7.207258068580367194e+01 1.043353572780266525e+00
4.399999999999999745e-02 7.079697731176514708e+01 1.019652086544555747e+00
4.499999999999999833e-02 6.895012932750081802e+01 1.002453132752452403e+00
4.599999999999999922e-02 6.819717363277239031e+01 9.774427586573511961e-01
4.700000000000000011e-02 6.590065336686252806e+01 9.643723456779073056e-01
4.800000000000000100e-02 6.690509069360740568e+01 9.518046810714664296e-01
4.899999999999999495e-02 6.167200125093324203e+01 9.306762663998304763e-01
5.000000000000000278e-02 6.432075395230513948e+01 9.277450957623979422e-01
5.200000000000000455e-02 5.968432098414712073e+01 6.285448668961208796e-01
5.400000000000000633e-02 5.662933175083799853e+01 6.137992225136041924e-01
5.600000000000000810e-02 5.412375592227168397e+01 6.157248965400849983e-01
5.800000000000000988e-02 5.238269786660784888e+01 6.176901992577948919e-01
6.000000000000001166e-02 4.843415107853401480e+01 6.064736745489771597e-01
6.200000000000001343e-02 4.834471070338607745e+01 5.772911378471338173e-01
6.400000000000001521e-02 4.617803227425125101e+01 5.617184458790309698e-01
6.600000000000001699e-02 4.304670797736092425e+01 5.463105153362147748e-01
6.800000000000001876e-02 4.090358147379466658e+01 5.305357009592018835e-01
7.000000000000002054e-02 3.929851065592558257e+01 5.193274904737250619e-01
7.200000000000002232e-02 3.756370154182780396e+01 5.129580038673374753e-01
7.400000000000002409e-02 3.541636657665617349e+01 5.107673948127048336e-01
7.600000000000002587e-02 3.472271455799281625e+01 4.964175186625770508e-01
7.800000000000002764e-02 3.285140047660127749e+01 4.930847788001151422e-01
8.000000000000002942e-02 3.099581828825651542e+01 4.978006003347907882e-01
8.200000000000003120e-02 3.006008344148731126e+01 4.941538283556457523e-01
8.400000000000003297e-02 2.883552010586183201e+01 4.775730663148805566e-01
8.600000000000003475e-02 2.834597804035495372e+01 4.653593588365838030e-01
8.800000000000003653e-02 2.665366883375159190e+01 4.697664321650022456e-01
9.000000000000003830e-02 2.572222087084987763e+01 4.683456818073844508e-01
9.200000000000004008e-02 2.502488643908458243e+01 4.629929057738324527e-01
9.400000000000004186e-02 2.343510071976833586e+01 4.597420704771151834e-01
9.600000000000004363e-02 2.323963715108610728e+01 4.592942971951081144e-01
9.800000000000004541e-02 2.178592044447340470e+01 4.559806663164248097e-01
1.000000000000000056e-01 2.090590377806001499e+01 4.512981078214447495e-01
1.050000000000000100e-01 1.949538086803593018e+01 2.783381319819748789e-01
1.100000000000000144e-01 1.846257887859957947e+01 2.724869276977542887e-01
1.150000000000000189e-01 1.697484768113401188e+01 2.662459287189918866e-01
1.200000000000000233e-01 1.493991375778300323e+01 2.603923111760720888e-01
1.250000000000000278e-01 1.456869479786895383e+01 2.635660917147871762e-01
1.300000000000000322e-01 1.282620840163654563e+01 2.646787559145141744e-01
1.350000000000000366e-01 1.276013607648516945e+01 2.546622984917694676e-01
1.400000000000000411e-01 1.171211590516201717e+01 2.500455657436847501e-01
1.450000000000000455e-01 1.093657962756653035e+01 2.461506192557140482e-01
1.500000000000000500e-01 1.033946655558197492e+01 2.551051518807341822e-01
1.550000000000000544e-01 9.785558056785854220e+00 2.564454842674356305e-01
1.600000000000000588e-01 8.815221128917663407e+00 2.580987651972895813e-01
1.650000000000000633e-01 8.486317459530791751e+00 2.599265348808836862e-01
1.700000000000000677e-01 7.817287664430052629e+00 2.608859454862394456e-01
1.750000000000000722e-01 7.280787049877944561e+00 2.585836548263384382e-01
1.800000000000000766e-01 7.453369011084196138e+00 2.256048877066315073e-01
1.850000000000000810e-01 7.208842310757098915e+00 2.233777284643082284e-01
1.900000000000000855e-01 6.750488392380396441e+00 2.172199804379887911e-01
1.950000000000000899e-01 6.033188273170428495e+00 2.191169221425722513e-01
2.000000000000000944e-01 5.977215619877314090e+00 2.235070517393207834e-01
2.050000000000000988e-01 5.795729502188178728e+00 2.248107039064022872e-01
2.100000000000001033e-01 5.245974505891486395e+00 2.214958982315496927e-01
2.150000000000001077e-01 5.287897240505783358e+00 2.246521393351726681e-01
2.200000000000001121e-01 4.947868676792594123e+00 2.230110733796967781e-01
2.250000000000001166e-01 4.433066237169632551e+00 2.200738708068603333e-01
2.300000000000001210e-01 4.798757677490952389e+00 2.146686630085049563e-01
2.350000000000001255e-01 4.865615584519483505e+00 2.241188625488093333e-01
2.400000000000001299e-01 4.125690791356325882e+00 2.369768836169734438e-01
2.450000000000001343e-01 4.239275406589236184e+00 2.311931920482790115e-01
