# q I sigma_shared_baseline
5.000000000000000104e-03 6.081435477739760564e+00 5.320673870711286391e+00
6.000000000000000125e-03 3.820635327298552486e+00 2.388004215481934089e+00
7.000000000000000146e-03 4.216085509993671820e+00 1.180691261434944961e+00
8.000000000000000167e-03 2.924288054888850574e+00 6.384125547431674930e-01
9.000000000000001055e-03 2.949609214482571851e+00 4.044784042803759028e-01
1.000000000000000021e-02 2.735478494907641167e+00 2.947635275129524279e-01
1.099999999999999936e-02 2.581008591990525680e+00 2.260455627601853923e-01
1.200000000000000025e-02 2.709257364014309388e+00 1.795049255957703316e-01
1.300000000000000114e-02 2.585897224665372640e+00 1.508992005978618267e-01
1.400000000000000203e-02 2.457457871151323747e+00 1.264668605446249705e-01
1.499999999999999944e-02 2.273629878377468660e+00 1.096175165944764662e-01
1.600000000000000033e-02 2.327508876742031774e+00 9.674956186024623317e-02
1.700000000000000122e-02 2.218735016620788869e+00 8.463317002407452772e-02
1.800000000000000211e-02 2.213951991653696272e+00 7.720893806030369733e-02
1.899999999999999953e-02 2.271186930398595649e+00 6.992666487252695295e-02
2.000000000000000042e-02 2.161117200720705345e+00 6.450185367481159338e-02
2.100000000000000130e-02 2.179931053215219627e+00 6.002572655734195878e-02
2.200000000000000219e-02 1.969807830486909328e+00 5.610102013933816745e-02
2.300000000000000308e-02 2.108020557281609531e+00 5.285343509507718640e-02
2.400000000000000050e-02 2.048201986834293109e+00 4.966193389540991820e-02
2.500000000000000139e-02 2.006296475355969555e+00 4.781046074703988735e-02
2.600000000000000228e-02 2.004214565110796098e+00 4.534023923354651292e-02
2.699999999999999969e-02 1.929187276421410635e+00 4.339713924082249513e-02
2.800000000000000058e-02 1.905398810469847382e+00 4.160971537491200273e-02
2.900000000000000147e-02 1.884493295586696426e+00 3.969899374831947769e-02
3.000000000000000236e-02 1.788015211661119874e+00 3.830434598243744743e-02
3.100000000000000325e-02 1.862543922060315271e+00 3.780915524930098665e-02
3.200000000000000067e-02 1.723940395973165840e+00 3.573067835365757033e-02
3.300000000000000155e-02 1.759656167932959647e+00 3.568724143738267324e-02
3.400000000000000244e-02 1.699467948110298554e+00 3.421231073342339418e-02
3.499999999999999639e-02 1.594480798806096722e+00 3.334622678538758794e-02
3.599999999999999728e-02 1.632814170491559080e+00 3.249605641749051671e-02
3.699999999999999817e-02 1.624767166115290484e+00 3.168331296371998396e-02
3.799999999999999906e-02 1.558936259493258758e+00 3.121631206056338717e-02
3.899999999999999994e-02 1.525560242004269096e+00 3.028784293334029626e-02
4.000000000000000083e-02 1.495845186825799367e+00 2.957598251301221323e-02
4.100000000000000172e-02 1.482330457138983038e+00 2.929317069730776393e-02
4.199999999999999567e-02 1.425703090770022330e+00 2.875097701172252274e-02
4.299999999999999656e-02 1.425754008797665007e+00 2.801969615433568678e-02
4.399999999999999745e-02 1.346911477788998335e+00 2.752495660888458831e-02
4.499999999999999833e-02 1.349337476706266914e+00 2.702172819532648249e-02
4.599999999999999922e-02 1.293939505081035390e+00 2.609601723937406137e-02
4.700000000000000011e-02 1.259074260098847597e+00 2.595439369827467688e-02
4.800000000000000100e-02 1.247301856331745284e+00 2.573867604313020974e-02
4.899999999999999495e-02 1.211357908936828931e+00 2.525174702878377198e-02
5.000000000000000278e-02 1.210754481472485322e+00 2.482827833827794956e-02
5.200000000000000455e-02 1.117941032433531046e+00 1.698762593313197025e-02
5.400000000000000633e-02 1.073027977902452301e+00 1.658517126100757938e-02
5.600000000000000810e-02 1.028246330979646350e+00 1.667470903801945500e-02
5.800000000000000988e-02 9.822727195744593853e-01 1.672324070727389256e-02
6.000000000000001166e-02 9.259535570630118562e-01 1.642186289156185447e-02
6.200000000000001343e-02 9.003278087232304827e-01 1.567884637721236873e-02
6.400000000000001521e-02 8.486093908691436649e-01 1.525243546053761667e-02
6.600000000000001699e-02 8.142755878575949069e-01 1.483699834382324473e-02
6.800000000000001876e-02 7.636106291795596857e-01 1.441683412222971236e-02
7.000000000000002054e-02 7.463737708907940416e-01 1.412179140080994412e-02
7.200000000000002232e-02 7.050337652509566233e-01 1.387293959190996281e-02
7.400000000000002409e-02 6.765523054154178872e-01 1.390346197494839002e-02
7.600000000000002587e-02 6.631933361011954631e-01 1.350323830496453874e-02
7.800000000000002764e-02 6.142821043806542258e-01 1.340454333174549706e-02
8.000000000000002942e-02 5.996155928996234064e-01 1.357837228769191197e-02
8.200000000000003120e-02 5.820019557122686482e-01 1.347141591363744742e-02
8.400000000000003297e-02 5.658540975398183015e-01 1.304611869844985068e-02
8.600000000000003475e-02 5.347064412333683014e-01 1.266159289705003597e-02
8.800000000000003653e-02 5.173599005180468113e-01 1.277485608040284520e-02
9.000000000000003830e-02 4.785452329903042701e-01 1.274071033637928785e-02
9.200000000000004008e-02 4.677601097763948723e-01 1.260466803671409647e-02
9.400000000000004186e-02 4.346458991867593324e-01 1.255966904408127929e-02
9.600000000000004363e-02 4.353560036868967531e-01 1.253700829698015974e-02
9.800000000000004541e-02 4.219620051060379851e-01 1.247117007280955543e-02
1.000000000000000056e-01 3.878263213719256863e-01 1.234337890639013689e-02
1.050000000000000100e-01 3.656342060119714410e-01 7.602852795429560981e-03
1.100000000000000144e-01 3.390548024234946722e-01 7.459310352364727052e-03
1.150000000000000189e-01 3.179840460290117576e-01 7.281915945457875100e-03
1.200000000000000233e-01 2.864650620131142800e-01 7.133226888684112733e-03
1.250000000000000278e-01 2.684737593919572785e-01 7.208460677527078579e-03
1.300000000000000322e-01 2.491296570718771197e-01 7.269472346916906573e-03
1.350000000000000366e-01 2.337093469421960001e-01 6.986515393862992133e-03
1.400000000000000411e-01 2.144324028914199876e-01 6.852997766385678438e-03
1.450000000000000455e-01 1.973712209061981027e-01 6.759991075314076940e-03
1.500000000000000500e-01 1.949010239489155638e-01 7.014115553980657808e-03
1.550000000000000544e-01 1.750921730949279997e-01 7.034848608273154731e-03
1.600000000000000588e-01 1.586590722377586304e-01 7.103806317919652245e-03
1.650000000000000633e-01 1.528647180059487520e-01 7.131543646698811426e-03
1.700000000000000677e-01 1.442098160197982093e-01 7.173417637527159177e-03
1.750000000000000722e-01 1.401458464233311108e-01 7.105346193872517230e-03
1.800000000000000766e-01 1.353738066946441332e-01 6.247422990529672912e-03
1.850000000000000810e-01 1.276535648870675554e-01 6.053506516276815734e-03
1.900000000000000855e-01 1.238515502915176897e-01 5.924556760702833283e-03
1.950000000000000899e-01 1.169839173471146632e-01 6.070906220918619381e-03
2.000000000000000944e-01 1.065496798541671758e-01 6.205981207384473480e-03
2.050000000000000988e-01 1.038661685986642241e-01 6.200036749604390628e-03
2.100000000000001033e-01 1.007156253297338683e-01 6.038549033219915360e-03
2.150000000000001077e-01 9.113239888044533110e-02 6.108685303990285184e-03
2.200000000000001121e-01 9.844274364950209022e-02 6.172005645816884718e-03
2.250000000000001166e-01 8.566573114428299718e-02 5.920567851017563554e-03
2.300000000000001210e-01 8.568850166263006218e-02 5.907048598213596527e-03
2.350000000000001255e-01 7.907801242221661198e-02 6.223183933300073696e-03
2.400000000000001299e-01 7.817564587670740306e-02 6.412546794339877600e-03
2.450000000000001343e-01 8.278775108502851865e-02 6.372943131349429434e-03
2.500000000000001110e-01 6.943763087485328722e-02 6.784009239092693259e-03
2.550000000000001155e-01 8.176805788742390335e-02 6.531177836885282417e-03
2.600000000000001199e-01 6.766953522697545520e-02 6.836934512876986780e-03
2.650000000000001243e-01 7.273851207579763722e-02 6.487168880271664342e-03
2.700000000000001288e-01 6.633626485623739244e-02 6.772003360192720665e-03
2.750000000000001332e-01 6.710129449913782018e-02 6.569998272494392139e-03
2.800000000000001377e-01 6.548581211588903883e-02 6.684406331914598612e-03
2.850000000000001421e-01 6.697040625299227612e-02 6.654069388088781900e-03
2.900000000000001465e-01 5.981273603589474380e-02 6.544039981832934158e-03
2.950000000000001510e-01 5.710040988773116416e-02 6.637623830399019126e-03
3.000000000000001554e-01 5.214447653684679829e-02 6.661456008704371920e-03
3.050000000000001599e-01 5.362169741306707649e-02 6.558660585091488290e-03
3.100000000000001643e-01 4.286383592945911675e-02 6.698314002516022464e-03
3.150000000000001688e-01 5.891336339843022962e-02 6.827834612856836100e-03
3.200000000000001732e-01 5.657942710689981697e-02 6.201875108178252737e-03
3.250000000000001776e-01 5.409400021873968234e-02 6.219740949059348115e-03
3.300000000000001821e-01 4.421859138428031744e-02 6.211303457510295757e-03
3.350000000000001865e-01 5.169349100207923375e-02 6.343272353361952172e-03
3.400000000000001910e-01 4.434035842965844409e-02 5.899231344220380938e-03
3.450000000000001954e-01 4.805164606487630219e-02 6.311245586618857706e-03
3.500000000000001998e-01 4.214779453328899861e-02 5.762337716066921224e-03
3.550000000000002043e-01 4.576043511239358264e-02 6.060198827306980014e-03
3.600000000000002087e-01 4.530577182282350540e-02 6.078362045843029374e-03
3.650000000000002132e-01 4.659544212412854158e-02 6.000668168005175544e-03
3.700000000000002176e-01 3.801687674245401993e-02 6.025769780144375580e-03
3.750000000000002220e-01 4.710065700162981844e-02 5.921292622432078843e-03
3.800000000000002265e-01 4.690453394334525433e-02 5.945222112629630455e-03
3.850000000000002309e-01 4.387812609575846706e-02 5.588843329376588093e-03
3.900000000000002354e-01 4.419501476393870865e-02 6.089886104357633730e-03
3.950000000000002398e-01 4.225255333881345471e-02 5.998498740200686012e-03
4.000000000000002442e-01 4.723609969449732437e-02 5.749095158012441746e-03
4.050000000000002487e-01 3.267777159260814440e-02 5.386167141733826796e-03
4.100000000000002531e-01 4.105111838685905623e-02 5.283845503140420508e-03
4.150000000000002576e-01 3.317847092839314865e-02 5.324186364600373179e-03
4.200000000000002620e-01 4.285765617397240684e-02 5.425921299391046025e-03
4.250000000000002665e-01 3.733058893622696189e-02 5.493502922324627197e-03
4.300000000000002709e-01 3.870015512368816385e-02 5.358141009514107676e-03
4.350000000000002753e-01 3.453862174027540199e-02 5.369527039020122010e-03
4.400000000000002798e-01 4.045208865009896487e-02 5.245322094393035234e-03
4.450000000000002842e-01 3.572702304198414197e-02 5.330635169658693578e-03
4.500000000000002887e-01 3.892313305181260841e-02 4.992276376203895645e-03
4.550000000000002931e-01 3.724676345806356148e-02 4.856587232813983253e-03
4.600000000000002975e-01 3.869754401465313326e-02 4.935758953876306226e-03
4.650000000000003020e-01 3.417085257054108816e-02 5.124331330051416951e-03
4.700000000000003064e-01 3.508962246146338226e-02 5.033333509812634894e-03
4.750000000000003109e-01 3.692936946623936317e-02 5.081192013629349385e-03
4.800000000000003153e-01 3.476177700400169546e-02 5.342043075853210310e-03
4.850000000000003197e-01 2.732845144881576246e-02 5.557521001768490898e-03
4.900000000000003242e-01 3.616359281103161127e-02 5.022884270650783065e-03
4.950000000000003286e-01 3.281326370739443693e-02 4.911240180288022235e-03
5.000000000000000000e-01 3.172756067145067471e-02 4.828979414431822798e-03
5.100000000000000089e-01 3.221753801905637149e-02 3.361600286626221200e-03
5.200000000000000178e-01 3.080120707834001215e-02 3.360166518646388791e-03
5.300000000000000266e-01 3.428410858791280241e-02 3.227436041996373153e-03
5.400000000000000355e-01 3.038020226247615391e-02 3.276922557335850035e-03
5.500000000000000444e-01 3.217596832458491374e-02 3.170420693765403815e-03
5.600000000000000533e-01 2.812088333324999287e-02 3.118833207042970117e-03
5.700000000000000622e-01 3.303465334800662068e-02 3.105695332404935938e-03
5.800000000000000711e-01 3.046456220085286271e-02 3.105427533653809524e-03
5.900000000000000799e-01 2.722067783420254600e-02 3.014985226643447473e-03
6.000000000000000888e-01 2.909655991398822986e-02 3.014470275053150825e-03
6.100000000000000977e-01 2.273714646964213396e-02 2.933036763660280388e-03
6.200000000000001066e-01 2.532983780304012486e-02 2.887619267665302806e-03
6.300000000000001155e-01 2.654519615304766836e-02 2.913897353988417500e-03
6.400000000000001243e-01 2.930136401351340208e-02 2.841206558555730080e-03
6.500000000000001332e-01 2.642799017708752363e-02 2.882565724844888232e-03
6.600000000000001421e-01 2.608108202513509735e-02 2.849229107130979866e-03
6.700000000000001510e-01 2.509904087458156990e-02 2.840864720096537756e-03
6.800000000000001599e-01 2.025792933734914952e-02 2.829691562010068755e-03
6.900000000000001688e-01 2.234329986769131512e-02 2.781554448472822565e-03
7.000000000000001776e-01 2.293115130408738406e-02 2.718503636210790799e-03
7.100000000000001865e-01 2.132668209829327241e-02 2.748120148566948837e-03
7.200000000000001954e-01 2.448814217131438722e-02 2.718740399249649272e-03
7.300000000000002043e-01 2.524245708997450294e-02 2.724390448173976374e-03
7.400000000000002132e-01 2.439444785567536009e-02 2.665088184893056079e-03
7.500000000000002220e-01 2.006037261680697695e-02 2.630728345089295393e-03
7.600000000000002309e-01 2.210293495391292551e-02 2.628177500377853505e-03
7.700000000000002398e-01 2.228392930129065308e-02 2.640647318059414182e-03
7.800000000000002487e-01 2.364136072262066485e-02 2.636926901101344523e-03
7.900000000000002576e-01 2.198559177004668838e-02 2.644442607933307314e-03
8.000000000000002665e-01 2.141210448778136169e-02 2.594279374325613157e-03
8.100000000000002753e-01 2.203616881690043799e-02 2.554001636394541853e-03
8.200000000000002842e-01 1.996557199126139034e-02 2.533902880909948488e-03
8.300000000000002931e-01 1.795410496875416220e-02 2.566713539685649883e-03
8.400000000000003020e-01 2.115750722787117580e-02 2.558826718574629643e-03
8.500000000000003109e-01 1.824283783827256381e-02 2.544520788543252598e-03
8.600000000000003197e-01 1.825147790205558160e-02 2.530187837555188980e-03
8.700000000000003286e-01 2.279078848927507464e-02 2.519134350181251314e-03
8.800000000000003375e-01 1.872027735990978992e-02 2.566757527244631007e-03
8.900000000000003464e-01 1.645811546505729014e-02 2.440982490963479901e-03
9.000000000000003553e-01 1.738825968349087120e-02 2.368271005504416285e-03
9.100000000000003642e-01 1.939946293779212447e-02 2.312868397427080870e-03
9.200000000000003730e-01 1.791831862605200096e-02 2.264202473752493713e-03
9.300000000000003819e-01 1.755091167654695278e-02 2.287199683714617217e-03
9.400000000000003908e-01 1.929872989136488873e-02 2.250001885837304288e-03
9.500000000000003997e-01 1.662938803694402612e-02 2.229132970390615941e-03
9.600000000000004086e-01 1.825933333090395960e-02 2.165893479175767539e-03
9.700000000000004174e-01 1.542897075175457891e-02 2.151273558577977696e-03
9.800000000000004263e-01 1.929709830755570524e-02 2.168659285498864431e-03
9.900000000000004352e-01 1.435233973779399645e-02 2.178113944799195227e-03
1.000000000000000000e+00 1.638085265226132264e-02 2.156419183735591976e-03
1.030000000000000027e+00 1.852314589078855184e-02 1.240279653067293550e-03
1.060000000000000053e+00 1.706883890656455544e-02 1.274238136466964268e-03
1.090000000000000080e+00 1.733341625540162426e-02 1.305295323984944061e-03
1.120000000000000107e+00 1.894433179201586784e-02 1.314380821507258462e-03
1.150000000000000133e+00 1.689882449009586646e-02 1.329071677017621246e-03
1.180000000000000160e+00 1.900618057255773138e-02 1.325206487895472067e-03
1.210000000000000187e+00 1.873293341037319051e-02 1.355384979880629170e-03
1.240000000000000213e+00 1.948548306313571329e-02 1.401525142992708205e-03
1.270000000000000240e+00 1.844800662598094013e-02 1.490624196877946743e-03
1.300000000000000266e+00 1.980083803555670111e-02 1.578056116902595450e-03
1.330000000000000293e+00 2.270309940563004780e-02 1.738146423612914370e-03
1.360000000000000320e+00 2.218124022226988096e-02 5.549656057934246843e-03
1.390000000000000346e+00 2.623832625683193351e-02 2.801890509642615545e-01
1.420000000000000373e+00 2.048461402327128936e-02 2.572015216198844396e-03
1.450000000000000400e+00 2.265000114277418083e-02 2.727285742349607866e-03
1.480000000000000426e+00 2.210118725430338868e-02 3.101626751671766186e-03
1.510000000000000453e+00 2.225870416696911283e-02 3.523327541861203619e-03
1.540000000000000480e+00 2.442543326028836365e-02 4.052711699531763752e-03
1.570000000000000506e+00 2.274320466178738828e-02 4.665214163105146569e-03
1.600000000000000533e+00 2.151013220361171208e-02 5.352473075787967868e-03
1.630000000000000560e+00 2.091486695365483289e-02 6.090617707887488637e-03
1.660000000000000586e+00 2.050041747870370509e-02 6.906641249033569629e-03
1.690000000000000613e+00 2.062454350330434130e-02 7.844155063382096671e-03
1.720000000000000639e+00 1.856326858035708613e-02 8.875632779448760362e-03
1.750000000000000666e+00 1.435818238098920258e-02 9.974683336557193386e-03
1.780000000000000693e+00 1.587063241901898528e-02 1.182638031629187209e-02
1.810000000000000719e+00 1.228831486565726966e-02 1.361933497930800131e-02
1.840000000000000746e+00 1.136700446718950583e-02 1.466608125255845947e-02
1.870000000000000773e+00 6.711421851626878793e-03 1.526632581943632681e-02
1.900000000000000799e+00 5.554411764207990709e-03 1.613188885868780537e-02
1.930000000000000826e+00 2.313676815809583270e-03 1.686009586639908298e-02
1.960000000000000853e+00 2.172306669541731669e-03 1.756748555568656694e-02
1.990000000000000879e+00 3.153546279545341321e-04 1.828392959512788879e-02
2.020000000000000906e+00 -8.208403548873594979e-04 1.814398861035238300e-02
2.050000000000000711e+00 -2.517839217373118652e-03 1.793369090534273000e-02
2.080000000000000959e+00 -2.563458992264607082e-03 1.817364789468015399e-02
2.110000000000001208e+00 -4.216530162631616958e-03 1.832867377134838119e-02
2.140000000000001013e+00 -6.948503001973454357e-03 1.830113494252515183e-02
2.170000000000000817e+00 -1.660705253150097840e-03 1.776615372069502777e-02
2.200000000000001066e+00 7.723173684052975999e-05 1.655719114799186070e-02
2.230000000000001315e+00 -5.631162242571318387e-03 1.513001958433108675e-02
2.260000000000001119e+00 -5.501876825419894056e-03 1.372773699109202349e-02
2.290000000000000924e+00 -1.771610022575619827e-03 1.299822721947331734e-02
2.320000000000001172e+00 -2.336052166325999335e-03 1.253843523058482436e-02
2.350000000000001421e+00 -1.862655379604615706e-03 1.217977629184152644e-02
2.380000000000001226e+00 -3.617124050615182825e-03 1.194724602597063180e-02
2.410000000000001030e+00 -4.537492372245167591e-03 6.437907468605888472e-02
2.440000000000001279e+00 -2.664313648371500988e-04 1.391593472284285427e-01
2.470000000000001528e+00 -2.730783863215830928e-03 1.111476829303739179e-02
2.500000000000001332e+00 -3.429854306350987089e-03 1.079801972227127475e-02
2.530000000000001137e+00 -3.155534876199883251e-03 1.058785249919392060e-02
2.560000000000001386e+00 -2.216071002916519903e-03 1.035777810588833087e-02
2.590000000000001634e+00 -3.058697544628239187e-03 1.016937434879396432e-02
2.620000000000001439e+00 -3.034864408528600236e-03 1.000675460442634022e-02
2.650000000000001243e+00 -3.517137839369866188e-03 9.946539170367712027e-03
2.680000000000001492e+00 -2.829053544007243542e-03 9.954709692400561319e-03
2.710000000000001741e+00 -2.781189721933372341e-03 9.725630673899084838e-03
2.740000000000001545e+00 -2.601299069309659200e-03 9.545649507034091596e-03
2.770000000000001350e+00 -1.085336297222784475e-03 9.295788093096989460e-03
2.800000000000001599e+00 -3.426896981502782283e-03 8.995793122364540567e-03
2.830000000000001847e+00 -3.307954075203544449e-03 1.060468809525880532e-02
2.860000000000001652e+00 -1.665333595389695623e-03 8.408930028198011858e-03
2.890000000000001457e+00 -6.412100289542000189e-03 8.077250918872489610e-03
2.920000000000001705e+00 -3.129926105723559136e-03 7.726728242944856488e-03
2.950000000000001954e+00 -2.338334419729725874e-03 7.378100401101191606e-03
2.980000000000001759e+00 -1.160957404265715526e-03 7.013659732797672582e-03
3.010000000000001563e+00 -3.208840084021070613e-03 6.688303462510805306e-03
3.040000000000001812e+00 -3.369406410320487794e-03 6.497982227158174452e-03
3.070000000000002061e+00 -1.951753843069580375e-03 6.067224301082640991e-03
3.100000000000001865e+00 -1.795884873844566564e-03 5.734089158672154782e-03
3.130000000000001670e+00 -2.607450477593918278e-03 5.296643313887027665e-03
3.160000000000001918e+00 -3.149427453842591762e-03 5.437921699767381267e-03
3.190000000000002167e+00 -1.941775716732396925e-03 5.486053857717348818e-03
