# q I sigma_shared_baseline
6.000000000000000125e-03 3.858537139326896792e+00 9.319258721992407235e-01
7.000000000000000146e-03 2.848806323595810319e+00 4.364802088759001664e-01
8.000000000000000167e-03 2.662427874167580644e+00 2.655386779476314740e-01
9.000000000000001055e-03 2.405421937474896410e+00 1.742658014912211450e-01
1.000000000000000021e-02 2.389215183341919957e+00 1.291114266235639241e-01
1.099999999999999936e-02 2.053992580480397123e+00 1.072387535221698412e-01
1.200000000000000025e-02 2.032254689614032550e+00 9.341592599184049550e-02
1.300000000000000114e-02 1.900576188416809309e+00 8.045039687991178967e-02
1.400000000000000203e-02 2.101327348672250128e+00 7.287673997183881369e-02
1.499999999999999944e-02 2.005639936528227363e+00 6.725379360813810159e-02
1.600000000000000033e-02 2.010305364438750075e+00 6.135530960173041920e-02
1.700000000000000122e-02 1.964936600597243288e+00 5.557888204285526407e-02
1.800000000000000211e-02 1.941361534046739612e+00 5.179876757005265342e-02
1.899999999999999953e-02 1.838094277940608867e+00 4.966792307301823306e-02
2.000000000000000042e-02 1.911984190660792393e+00 4.782538203790853010e-02
2.100000000000000130e-02 1.875509602522407393e+00 4.444754955641818522e-02
2.200000000000000219e-02 1.797484583530385871e+00 4.306567707589040866e-02
2.300000000000000308e-02 1.796974659581256351e+00 4.082235218099279639e-02
2.400000000000000050e-02 1.718522203957836281e+00 3.963364278382939393e-02
2.500000000000000139e-02 1.748463358683827851e+00 3.824530076787669569e-02
2.600000000000000228e-02 1.672480393078422223e+00 3.758306412341801128e-02
2.699999999999999969e-02 1.709742911291381340e+00 3.649750891758709453e-02
2.800000000000000058e-02 1.719481900041583522e+00 3.508831385357594895e-02
2.900000000000000147e-02 1.661298746534354054e+00 3.441886767289308730e-02
3.000000000000000236e-02 1.632965556393105366e+00 3.402116965328721293e-02
3.100000000000000325e-02 1.665226291863353802e+00 3.330147255848343868e-02
3.200000000000000067e-02 1.603242546789060086e+00 3.206151377847837186e-02
3.300000000000000155e-02 1.552757933717157313e+00 3.165995204755431280e-02
3.400000000000000244e-02 1.520097711118364003e+00 3.073774365766378941e-02
3.499999999999999639e-02 1.590786723260426694e+00 3.060797344156870881e-02
3.599999999999999728e-02 1.508232906546769003e+00 3.003148816446895783e-02
3.699999999999999817e-02 1.494449253346878281e+00 2.950662338712909186e-02
3.799999999999999906e-02 1.429342540281466789e+00 2.880702155144343468e-02
3.899999999999999994e-02 1.365288359282261110e+00 2.815260252464788643e-02
4.000000000000000083e-02 1.412382070666229117e+00 2.828629243481825539e-02
4.100000000000000172e-02 1.345953745812463298e+00 2.748136953120364559e-02
4.199999999999999567e-02 1.386075178223367566e+00 2.731785011508469641e-02
4.299999999999999656e-02 1.317169846183691817e+00 2.632818098346107263e-02
4.399999999999999745e-02 1.258044180079225249e+00 2.630777826774382058e-02
4.499999999999999833e-02 1.255536055972738207e+00 2.589839254185110490e-02
4.599999999999999922e-02 1.253278340395673540e+00 2.538798095198409668e-02
4.700000000000000011e-02 1.203466737248368279e+00 2.479971045185760600e-02
4.800000000000000100e-02 1.176150727172568633e+00 2.443747268183879898e-02
4.899999999999999495e-02 1.162752940819852254e+00 2.408366871907689430e-02
5.000000000000000278e-02 1.120633565949734400e+00 2.390466113467762041e-02
5.200000000000000455e-02 1.113031869626498027e+00 1.656436768868884205e-02
5.400000000000000633e-02 1.069139951593136795e+00 1.623792303958730698e-02
5.600000000000000810e-02 9.950728227400862380e-01 1.604840240357053444e-02
5.800000000000000988e-02 9.870560700293995460e-01 1.646058904258850333e-02
6.000000000000001166e-02 9.216308278456069036e-01 1.625441902496160135e-02
6.200000000000001343e-02 8.893251478325822079e-01 1.557468631075674403e-02
6.400000000000001521e-02 8.783269604133535635e-01 1.513216865531142805e-02
6.600000000000001699e-02 8.309517248906624909e-01 1.480787136421440366e-02
6.800000000000001876e-02 7.809264605995782649e-01 1.439566195259108297e-02
7.000000000000002054e-02 7.545737307334680066e-01 1.409206985914192127e-02
7.200000000000002232e-02 7.403141419941918766e-01 1.375063284226879512e-02
7.400000000000002409e-02 6.912948241142444772e-01 1.385709212207254619e-02
7.600000000000002587e-02 6.713395384614826433e-01 1.371258314443762720e-02
7.800000000000002764e-02 6.404818082978174232e-01 1.322393584020988000e-02
8.000000000000002942e-02 6.388168667213236507e-01 1.338074842400953195e-02
8.200000000000003120e-02 5.945466262086976927e-01 1.345912686322918092e-02
8.400000000000003297e-02 5.869234747959813925e-01 1.343558029607600131e-02
8.600000000000003475e-02 5.616874606956283600e-01 1.293647560104868588e-02
8.800000000000003653e-02 5.434357652679515649e-01 1.281512687228821175e-02
9.000000000000003830e-02 5.090491224960136396e-01 1.293196575006799916e-02
9.200000000000004008e-02 4.916413865126335048e-01 1.283542425210210808e-02
9.400000000000004186e-02 4.728891706653384763e-01 1.276994342674727008e-02
9.600000000000004363e-02 4.645790344001335948e-01 1.266424002306478988e-02
9.800000000000004541e-02 4.479614421539346303e-01 1.264284246251085042e-02
1.000000000000000056e-01 4.338156161113492226e-01 1.258338354150373602e-02
1.050000000000000100e-01 3.919105230452096800e-01 7.805217246732453623e-03
1.100000000000000144e-01 3.605002114752832165e-01 7.638639359138596485e-03
1.150000000000000189e-01 3.357800260926779856e-01 7.502068739855777962e-03
1.200000000000000233e-01 3.077309715164914250e-01 7.334975812377277082e-03
1.250000000000000278e-01 2.901809930701642615e-01 7.307471042703615229e-03
1.300000000000000322e-01 2.618319522823713275e-01 7.483122918124079405e-03
1.350000000000000366e-01 2.263627527894960800e-01 7.199749074352780089e-03
1.400000000000000411e-01 2.173546586942479986e-01 7.068015561395891121e-03
1.450000000000000455e-01 2.077574490123293705e-01 6.954624397280170095e-03
1.500000000000000500e-01 2.023849860231269615e-01 6.996274384274862174e-03
1.550000000000000544e-01 1.764386220790860327e-01 7.182418347987255640e-03
1.600000000000000588e-01 1.665772942689163483e-01 7.293893950815728312e-03
1.650000000000000633e-01 1.586939697526290327e-01 7.256165637831424146e-03
1.700000000000000677e-01 1.453703044187882598e-01 7.332437255393698186e-03
1.750000000000000722e-01 1.175524568001924813e-01 7.301270031560429946e-03
1.800000000000000766e-01 1.211123476568403412e-01 7.268908029689795033e-03
1.850000000000000810e-01 1.153741615254888914e-01 7.235937113138458249e-03
1.900000000000000855e-01 1.008133801332243423e-01 7.179310751722041764e-03
1.950000000000000899e-01 9.910085488246457575e-02 7.249649316080113842e-03
2.000000000000000944e-01 1.030699967167311160e-01 6.806480503867579773e-03
2.050000000000000988e-01 1.018427957484075858e-01 6.931928050365523779e-03
2.100000000000001033e-01 8.470931263186015636e-02 6.840125525361920485e-03
2.150000000000001077e-01 7.157674491339970080e-02 6.675316730577417722e-03
2.200000000000001121e-01 6.723615021829404403e-02 6.614626980545308330e-03
2.250000000000001166e-01 7.101885744118052735e-02 6.560662645620611751e-03
2.300000000000001210e-01 7.380612680401513193e-02 6.471900136257116749e-03
2.350000000000001255e-01 6.862286854811976144e-02 6.373233252753357156e-03
2.400000000000001299e-01 8.076714020537432981e-02 6.698386634248649010e-03
2.450000000000001343e-01 6.600239830356162407e-02 6.990391729551173258e-03
2.500000000000001110e-01 6.061875110388462162e-02 6.673390340398395633e-03
2.550000000000001155e-01 5.622201123360501956e-02 6.904402294003862510e-03
2.600000000000001199e-01 5.407455432937070816e-02 6.876057402133357518e-03
2.650000000000001243e-01 4.682954695775971149e-02 7.196907695790888231e-03
2.700000000000001288e-01 5.668393517059314851e-02 7.263420380281568854e-03
2.750000000000001332e-01 4.167628801660700627e-02 6.883540632340610053e-03
2.800000000000001377e-01 4.878617330878136371e-02 7.598633398707519727e-03
2.850000000000001421e-01 4.469059136391060477e-02 7.099015733643715409e-03
2.900000000000001465e-01 4.514596925176640740e-02 7.377389430191292133e-03
2.950000000000001510e-01 4.525709680706653526e-02 7.440112167751169320e-03
3.000000000000001554e-01 4.349593511106624594e-02 7.303834899011034387e-03
3.050000000000001599e-01 3.892826395375510035e-02 7.557040098434453408e-03
3.100000000000001643e-01 4.504391592656487725e-02 7.119120744465613770e-03
3.150000000000001688e-01 4.593392237085131002e-02 7.266698094491957916e-03
3.200000000000001732e-01 3.312690805195189075e-02 6.626924265096879527e-03
3.250000000000001776e-01 3.380050476196518744e-02 6.801128614508398194e-03
3.300000000000001821e-01 3.280453482247022018e-02 6.856777567757879437e-03
3.350000000000001865e-01 3.789617406394017035e-02 6.645313328417105057e-03
3.400000000000001910e-01 3.173453136313777317e-02 6.763165954322488023e-03
3.450000000000001954e-01 3.476612956700513707e-02 6.743678437495869739e-03
3.500000000000001998e-01 3.607629870576611192e-02 6.408773700015918916e-03
3.550000000000002043e-01 4.030273358591648231e-02 6.985910623857729054e-03
3.600000000000002087e-01 2.978018810551720519e-02 6.419485850882509365e-03
3.650000000000002132e-01 3.048693474620670779e-02 6.589603330060899919e-03
3.700000000000002176e-01 3.335435701414690007e-02 6.334859469927223846e-03
3.750000000000002220e-01 2.575080385530201937e-02 6.144154055612374710e-03
3.800000000000002265e-01 3.199151527737859046e-02 5.964294522958792782e-03
3.850000000000002309e-01 3.414634056306430077e-02 6.187098712330876826e-03
3.900000000000002354e-01 2.590321368793093923e-02 5.909697750479222383e-03
3.950000000000002398e-01 3.243254589389743536e-02 6.032895097433710330e-03
4.000000000000002442e-01 3.135839816134244201e-02 6.064828659188408258e-03
4.050000000000002487e-01 3.000816872064212756e-02 6.753654461883532717e-03
4.100000000000002531e-01 2.414058477667997346e-02 6.449176757496534289e-03
4.150000000000002576e-01 2.657611344927317959e-02 6.736165232681418091e-03
4.200000000000002620e-01 2.834713701726666868e-02 5.723584213681232741e-03
4.250000000000002665e-01 2.951711728096562126e-02 5.827891669400279105e-03
4.300000000000002709e-01 2.810779328393087084e-02 6.024372494160222351e-03
4.350000000000002753e-01 3.356106814716842968e-02 5.774660932120584747e-03
4.400000000000002798e-01 2.730939028176674471e-02 5.572824636751207844e-03
4.450000000000002842e-01 2.926849794448311073e-02 5.506530226972008828e-03
4.500000000000002887e-01 2.734636531797754108e-02 5.673333095157019439e-03
4.550000000000002931e-01 1.539679147786197390e-02 5.475041270465093833e-03
4.600000000000002975e-01 2.835540854409571848e-02 5.531960048816956382e-03
4.650000000000003020e-01 2.487164827398770373e-02 5.345278144207081354e-03
4.700000000000003064e-01 3.008706464348763834e-02 5.469127564552244206e-03
4.750000000000003109e-01 2.546148894468649657e-02 5.201621356817961485e-03
4.800000000000003153e-01 2.222272546872403401e-02 5.622463043090819394e-03
4.850000000000003197e-01 2.439719800792321258e-02 5.336228924544056916e-03
4.900000000000003242e-01 2.442323140205361620e-02 5.286987827849596970e-03
4.950000000000003286e-01 2.138232601922260626e-02 5.072881544734021350e-03
5.000000000000000000e-01 2.220184591688392078e-02 6.047353669606650613e-03
5.100000000000000089e-01 2.563222440616566913e-02 3.780681218930867071e-03
5.200000000000000178e-01 2.128350661026963409e-02 3.479302052462570401e-03
5.300000000000000266e-01 1.914781592016669143e-02 3.566371896060732596e-03
5.400000000000000355e-01 2.483917530573931734e-02 3.502321496092176099e-03
5.500000000000000444e-01 2.255623852229055037e-02 3.483769200606129206e-03
5.600000000000000533e-01 2.292015362861975561e-02 3.313564992341548957e-03
5.700000000000000622e-01 2.214722930060945144e-02 3.250403727469622101e-03
5.800000000000000711e-01 2.003034018582094955e-02 3.325976141705271668e-03
5.900000000000000799e-01 1.914720812502017713e-02 3.314549962758584628e-03
6.000000000000000888e-01 2.168397028501257984e-02 3.427439074225791318e-03
6.100000000000000977e-01 2.068790216303139154e-02 3.284513160275129295e-03
6.200000000000001066e-01 1.480293053843453714e-02 3.229695823961307912e-03
6.300000000000001155e-01 1.687083126703086203e-02 3.238470839125099938e-03
6.400000000000001243e-01 1.986737251212287308e-02 3.175107034036174416e-03
6.500000000000001332e-01 2.070792743907798675e-02 3.121026570512368085e-03
6.600000000000001421e-01 2.019355111031092762e-02 3.076231526535605498e-03
6.700000000000001510e-01 1.928297219896989503e-02 3.207215338450893419e-03
6.800000000000001599e-01 1.733817260575432409e-02 3.127114844425942647e-03
6.900000000000001688e-01 1.838680325129526949e-02 3.081016213229808166e-03
7.000000000000001776e-01 1.797204704375551451e-02 3.208252930891835383e-03
7.100000000000001865e-01 1.605926630240223085e-02 3.107049922899825321e-03
7.200000000000001954e-01 1.510218242737653219e-02 3.099442080101343089e-03
7.300000000000002043e-01 1.547302827124747045e-02 3.122285762858422083e-03
7.400000000000002132e-01 1.564494505216875928e-02 3.135450303419439876e-03
7.500000000000002220e-01 1.086856495928019070e-02 3.114779874721571029e-03
7.600000000000002309e-01 1.760518257644746315e-02 3.139004658394647755e-03
7.700000000000002398e-01 1.765478610576241142e-02 3.146826737604230002e-03
7.800000000000002487e-01 1.833662377449173445e-02 3.234380329516810346e-03
7.900000000000002576e-01 1.495109517948554206e-02 3.243202376888514038e-03
8.000000000000002665e-01 1.662938134082345837e-02 3.181534031171089766e-03
8.100000000000002753e-01 1.990455765377799682e-02 3.131290306718407298e-03
8.200000000000002842e-01 1.279255223553802528e-02 3.239308376572797455e-03
8.300000000000002931e-01 1.532853580086778432e-02 3.254265767492150237e-03
8.400000000000003020e-01 1.221991589187961663e-02 3.291658368342356873e-03
8.500000000000003109e-01 1.539798664308443879e-02 3.293639985561108968e-03
8.600000000000003197e-01 1.369277310747153351e-02 3.347115826117598274e-03
8.700000000000003286e-01 1.481820662458164378e-02 3.346877797753054426e-03
8.800000000000003375e-01 1.629842526101017708e-02 3.213757364505792982e-03
8.900000000000003464e-01 1.474471225873752629e-02 3.102498915399618928e-03
9.000000000000003553e-01 1.532635265645815315e-02 3.090406280802512722e-03
9.100000000000003642e-01 1.485632799254046552e-02 3.175977785576790651e-03
9.200000000000003730e-01 1.545031024229828395e-02 3.102263740653078434e-03
9.300000000000003819e-01 1.550907275454320791e-02 3.130213545925917499e-03
9.400000000000003908e-01 1.234008882442525629e-02 3.133067809800490783e-03
9.500000000000003997e-01 1.357364991032599007e-02 3.170729777514390713e-03
9.600000000000004086e-01 1.122741581903436911e-02 3.174856602314991925e-03
9.700000000000004174e-01 1.368540153997714962e-02 3.240166345365918209e-03
9.800000000000004263e-01 1.265964741895166980e-02 3.304706538115098190e-03
9.900000000000004352e-01 1.268003708141627467e-02 3.331745691718203221e-03
1.000000000000000000e+00 1.302491188480621280e-02 3.363169118964879668e-03
1.030000000000000027e+00 1.356469747431385785e-02 2.085736878994513387e-03
1.060000000000000053e+00 1.217883753088684282e-02 2.215057584350818478e-03
1.090000000000000080e+00 1.332066210195774827e-02 2.336949967093317378e-03
1.120000000000000107e+00 1.245905357791403725e-02 2.336399803673660895e-03
1.150000000000000133e+00 1.550876476651499337e-02 2.348571705383813244e-03
1.180000000000000160e+00 1.378366614289583403e-02 2.689084647904490914e-03
1.210000000000000187e+00 1.578045582778790992e-02 3.016598435989636430e-03
1.240000000000000213e+00 1.522051079839552810e-02 3.242907060758908923e-03
1.270000000000000240e+00 1.378309324130482308e-02 3.530743964520501911e-03
1.300000000000000266e+00 1.610822886199196960e-02 3.864033200428508216e-03
1.330000000000000293e+00 1.585842499847627332e-02 4.347289436501641097e-03
1.360000000000000320e+00 1.512460612490735753e-02 4.887347489769164680e-03
1.390000000000000346e+00 1.739200312634556905e-02 6.313465421460428932e-03
1.420000000000000373e+00 1.484300058231853396e-02 6.662327057380462367e-03
1.450000000000000400e+00 1.708214707517106273e-02 6.849887402363035935e-03
1.480000000000000426e+00 1.731390083992958781e-02 7.520327188399970365e-03
1.510000000000000453e+00 1.623162165238683022e-02 8.381056119895114245e-03
1.540000000000000480e+00 1.855368169455040572e-02 9.419562706523826670e-03
1.570000000000000506e+00 1.574853160140796821e-02 1.057623747981419060e-02
1.600000000000000533e+00 1.609003651409990701e-02 1.184150078045955248e-02
1.630000000000000560e+00 1.495498726306752381e-02 1.326779692646046400e-02
1.660000000000000586e+00 1.569047221488250807e-02 1.482296095435735317e-02
1.690000000000000613e+00 1.560189107273033532e-02 1.636553568167511616e-02
1.720000000000000639e+00 1.344712390692599617e-02 1.796455786831897133e-02
1.750000000000000666e+00 1.012734925090504057e-02 1.980160705023691764e-02
1.780000000000000693e+00 6.845169519857746167e-03 2.287935281366096363e-02
1.810000000000000719e+00 8.891649195199672132e-03 2.572138913528061038e-02
1.840000000000000746e+00 5.887984056589439484e-03 2.729204121636076216e-02
1.870000000000000773e+00 2.303116080169604479e-03 2.803262817022334971e-02
1.900000000000000799e+00 4.374195536242363874e-03 2.914959016542037137e-02
1.930000000000000826e+00 1.511024607159148830e-03 3.013674143448950501e-02
1.960000000000000853e+00 -7.852603574181536402e-04 3.097985857658653100e-02
1.990000000000000879e+00 -6.626956815977410676e-04 4.364574892563669040e-02
2.020000000000000906e+00 6.389019071419524713e-04 3.251904868796989118e-02
2.050000000000000711e+00 1.048602095106779264e-03 3.236458806105581981e-02
2.080000000000000959e+00 -4.280046134445656889e-03 3.153259325089254050e-02
2.110000000000001208e+00 3.567919198315961109e-04 3.018591211642420238e-02
2.140000000000001013e+00 -4.504629972210243312e-03 2.887611323446708997e-02
2.170000000000000817e+00 -4.518816042932097266e-03 2.708978337838977013e-02
2.200000000000001066e+00 -3.301821028899626972e-03 2.543802906367764738e-02
2.230000000000001315e+00 -1.919805997216528443e-03 2.415438840538754531e-02
2.260000000000001119e+00 -2.458912841048869493e-04 2.315925322014526777e-02
2.290000000000000924e+00 -2.455190519170103065e-03 2.214106828434619575e-02
2.320000000000001172e+00 -4.588793867368679349e-03 2.122768674249393694e-02
2.350000000000001421e+00 -7.007269065077551852e-04 2.044374544221345957e-02
2.380000000000001226e+00 -1.651163892822534634e-03 2.055859563318004207e-02
2.410000000000001030e+00 -2.952051049214169005e-03 2.083242992431884669e-02
2.440000000000001279e+00 -2.301971197926634162e-03 1.973651620842052298e-02
2.470000000000001528e+00 1.994969704518286945e-04 1.944286170560440702e-02
2.500000000000001332e+00 1.917544845150362647e-03 1.895027093704671275e-02
2.530000000000001137e+00 -3.268091656810413769e-04 1.880917949549533452e-02
2.560000000000001386e+00 -1.212991357396870062e-04 1.883593356715627942e-02
2.590000000000001634e+00 -1.452755432397049391e-03 1.892678889125723463e-02
2.620000000000001439e+00 8.222238017153467434e-04 1.902720355577926237e-02
2.650000000000001243e+00 1.651431689655468365e-05 1.927746308752339641e-02
2.680000000000001492e+00 -6.961156438078006624e-04 1.999728771442092767e-02
2.710000000000001741e+00 1.914246685663739634e-03 2.053672490875727702e-02
2.740000000000001545e+00 -3.896420008208733438e-03 2.087057120269323121e-02
2.770000000000001350e+00 5.482668262607641799e-04 2.105723422376847703e-02
2.800000000000001599e+00 1.840941023267961361e-03 2.110602483064867932e-02
2.830000000000001847e+00 2.172811374862072126e-03 2.105116764452810013e-02
2.860000000000001652e+00 1.872140632244709063e-03 2.090331090151813578e-02
2.890000000000001457e+00 1.134006844072884624e-03 2.067594378451681827e-02
2.920000000000001705e+00 2.291185832811858266e-04 2.034519807685445866e-02
2.950000000000001954e+00 2.360948992139455527e-04 2.001136213042465847e-02
2.980000000000001759e+00 -1.565474719561073345e-03 1.981556370994789346e-02
3.010000000000001563e+00 1.521359835175228794e-03 1.920499032328235739e-02
3.040000000000001812e+00 -1.367357871071719286e-05 1.885055778949731517e-02
3.070000000000002061e+00 2.165162126688760600e-03 1.797203127838298276e-02
3.100000000000001865e+00 1.049714066197315844e-03 1.787629820792279930e-02
3.130000000000001670e+00 8.245560653275876839e-04 1.896452088932083085e-02
3.160000000000001918e+00 3.042396949505564181e-03 1.842478237860254581e-02
3.190000000000002167e+00 4.158150385551676737e-03 1.880848482896030349e-02
