# q I sigma_saved_BIFT_input
1.200000000000000025e-02 1.553254634178536486e+00 6.338405671115614204e-02
1.300000000000000114e-02 1.602209083225086594e+00 5.497422703064917121e-02
1.400000000000000203e-02 1.556026467364287846e+00 5.006050913863115820e-02
1.499999999999999944e-02 1.530108278826857182e+00 4.513201757617071180e-02
1.600000000000000033e-02 1.489594970786663808e+00 4.121053899623162986e-02
1.700000000000000122e-02 1.508845723874939537e+00 3.745194134097703381e-02
1.800000000000000211e-02 1.471587839634541650e+00 3.502603903825726034e-02
1.899999999999999953e-02 1.493229641935085894e+00 3.310581995838795394e-02
2.000000000000000042e-02 1.457020861286838720e+00 3.123648724713479555e-02
2.100000000000000130e-02 1.494077980696042030e+00 2.967393228443800449e-02
2.200000000000000219e-02 1.446984204992345591e+00 2.836561331895364260e-02
2.300000000000000308e-02 1.404696405569900719e+00 2.722962914704610618e-02
2.400000000000000050e-02 1.370437581552399031e+00 2.634026396941104367e-02
2.500000000000000139e-02 1.364730109425325910e+00 2.534157508474867843e-02
2.600000000000000228e-02 1.357411594420774525e+00 2.474896530841897910e-02
2.699999999999999969e-02 1.335950931457962509e+00 2.401308748296558659e-02
2.800000000000000058e-02 1.328603597380288548e+00 2.327855564077190714e-02
2.900000000000000147e-02 1.317735018161904526e+00 2.285713122042020221e-02
3.000000000000000236e-02 1.319390723051129477e+00 2.245030616674624155e-02
3.100000000000000325e-02 1.299710146266195521e+00 2.190426521704023563e-02
3.200000000000000067e-02 1.264272104543909592e+00 2.134703940877455755e-02
3.300000000000000155e-02 1.260842112248427238e+00 2.088209405741195748e-02
3.400000000000000244e-02 1.210151496133522686e+00 2.045823491838419730e-02
3.499999999999999639e-02 1.235852914492898247e+00 2.010494627975957516e-02
3.599999999999999728e-02 1.195023164056273401e+00 1.979633658963662890e-02
3.699999999999999817e-02 1.190223111829385783e+00 1.963620254904909976e-02
3.799999999999999906e-02 1.181156628355121141e+00 1.922776001180128910e-02
3.899999999999999994e-02 1.139602654869727560e+00 1.870692267006232937e-02
4.000000000000000083e-02 1.119771647178696705e+00 1.861989459019139717e-02
4.100000000000000172e-02 1.087445111041885681e+00 1.833644181034688528e-02
4.199999999999999567e-02 1.109954624649826194e+00 1.809891413859916753e-02
4.299999999999999656e-02 1.050520193023863014e+00 1.775440101627612927e-02
4.399999999999999745e-02 1.015901938396479576e+00 1.745604251260839818e-02
4.499999999999999833e-02 1.024851791343588836e+00 1.738949453671321393e-02
4.599999999999999922e-02 1.010598661786531016e+00 1.696945565734548148e-02
4.700000000000000011e-02 9.997427345079428207e-01 1.662986921110995442e-02
4.800000000000000100e-02 9.884629769087526219e-01 1.634831838507686333e-02
4.899999999999999495e-02 9.218526554314384613e-01 1.630105279190030565e-02
5.000000000000000278e-02 9.299981119498212934e-01 1.607364129206285269e-02
5.200000000000000455e-02 8.910268810153868513e-01 1.115167637335766869e-02
5.400000000000000633e-02 8.613840993015164926e-01 1.080385855167734915e-02
5.600000000000000810e-02 8.115807026521879575e-01 1.086861440650719463e-02
5.800000000000000988e-02 8.009299991571054989e-01 1.105495837495980294e-02
6.000000000000001166e-02 7.534253505785526439e-01 1.094048788334825786e-02
6.200000000000001343e-02 7.263843709797841441e-01 1.057558003663509015e-02
6.400000000000001521e-02 7.005249655887040294e-01 1.020872906424833380e-02
6.600000000000001699e-02 6.792429619996802614e-01 1.000059874766517400e-02
6.800000000000001876e-02 6.452204102943658315e-01 9.753245511412194507e-03
7.000000000000002054e-02 6.229388445935692964e-01 9.594939346208480532e-03
7.200000000000002232e-02 5.862702279343818823e-01 9.381387187959243368e-03
7.400000000000002409e-02 5.767835307136454093e-01 9.446330874968267288e-03
7.600000000000002587e-02 5.491975375564744910e-01 9.340385604300614417e-03
7.800000000000002764e-02 5.317589763477108544e-01 9.062740108691078392e-03
8.000000000000002942e-02 5.081688844482741274e-01 9.164211378768695460e-03
8.200000000000003120e-02 4.888574971405653113e-01 9.224185963604561792e-03
8.400000000000003297e-02 4.789163561473084862e-01 9.161506582543939986e-03
8.600000000000003475e-02 4.547370415414719313e-01 8.844754762752940480e-03
8.800000000000003653e-02 4.410145537358896584e-01 8.789503936523092309e-03
9.000000000000003830e-02 4.204565977153612022e-01 8.871517011292576887e-03
9.200000000000004008e-02 4.086370633754600190e-01 8.834314859101497636e-03
9.400000000000004186e-02 3.961169299331460669e-01 8.732917552634311339e-03
9.600000000000004363e-02 3.827697946947083429e-01 8.725011605236145454e-03
9.800000000000004541e-02 3.659874953317815427e-01 8.694709017049970928e-03
1.000000000000000056e-01 3.518690938788347489e-01 8.666532718267330390e-03
1.050000000000000100e-01 3.264509919210903943e-01 5.380510183193884348e-03
1.100000000000000144e-01 3.002961233388172779e-01 5.277031573566616680e-03
1.150000000000000189e-01 2.758880960280233330e-01 5.180851308884566568e-03
1.200000000000000233e-01 2.475300616598714587e-01 5.078262490714905396e-03
1.250000000000000278e-01 2.295467265179331751e-01 5.059208795779465695e-03
1.300000000000000322e-01 2.101178354357941813e-01 5.205029706019797218e-03
1.350000000000000366e-01 1.931684306197976875e-01 5.028690528163948063e-03
1.400000000000000411e-01 1.745447306999896309e-01 4.921858985123735500e-03
1.450000000000000455e-01 1.649715993102805200e-01 4.836853114544896470e-03
1.500000000000000500e-01 1.541356600646796859e-01 4.870839297403765748e-03
1.550000000000000544e-01 1.460016754270970774e-01 5.006667915240141722e-03
1.600000000000000588e-01 1.263530915032122781e-01 5.052129898509877433e-03
1.650000000000000633e-01 1.263217904432560879e-01 5.066306658923696443e-03
1.700000000000000677e-01 1.139143727791692290e-01 5.116751844658847317e-03
1.750000000000000722e-01 1.021635737760084456e-01 5.115607443054443274e-03
1.800000000000000766e-01 9.927804170479166690e-02 5.082108455619745169e-03
1.850000000000000810e-01 9.378305481586841907e-02 5.060234945274513438e-03
1.900000000000000855e-01 8.016283753105531151e-02 5.024607856721385185e-03
1.950000000000000899e-01 8.140469791469977234e-02 5.069739784793860296e-03
2.000000000000000944e-01 7.712632255679408022e-02 4.694507687020070714e-03
2.050000000000000988e-01 6.909724963183894175e-02 4.822945658143912989e-03
2.100000000000001033e-01 6.839012948208733622e-02 4.730817963934883311e-03
2.150000000000001077e-01 6.019424368293821437e-02 4.782419217987602354e-03
2.200000000000001121e-01 6.152224584760555143e-02 4.581666360918478995e-03
2.250000000000001166e-01 5.674303557576259455e-02 4.536514927206048223e-03
2.300000000000001210e-01 6.224546913890591920e-02 4.564002550447479427e-03
2.350000000000001255e-01 4.997032116500149668e-02 4.493579810688227635e-03
2.400000000000001299e-01 5.992119718373917908e-02 4.629452135919412924e-03
2.450000000000001343e-01 4.506078167816764818e-02 4.800320140686512201e-03
