# q I sigma_saved_BIFT_input
1.200000000000000025e-02 1.668697789149270028e+00 6.741664272807176839e-02
1.300000000000000114e-02 1.720973959245104989e+00 5.875506327799964040e-02
1.400000000000000203e-02 1.678317146149193029e+00 5.355081191946751279e-02
1.499999999999999944e-02 1.647183577816819344e+00 4.821402170011991617e-02
1.600000000000000033e-02 1.614753545951573832e+00 4.401459746409288470e-02
1.700000000000000122e-02 1.636480945476163296e+00 4.010230228960087739e-02
1.800000000000000211e-02 1.585743538131063612e+00 3.743766296140414035e-02
1.899999999999999953e-02 1.607161709592923815e+00 3.545762787311994985e-02
2.000000000000000042e-02 1.572467278688421954e+00 3.349036894387263930e-02
2.100000000000000130e-02 1.606978297203299766e+00 3.185257165255330619e-02
2.200000000000000219e-02 1.567055694672615074e+00 3.049550323092216353e-02
2.300000000000000308e-02 1.517755148400401710e+00 2.922591371964397902e-02
2.400000000000000050e-02 1.478696560924966041e+00 2.820850285563332796e-02
2.500000000000000139e-02 1.484971457156152752e+00 2.722336379183783878e-02
2.600000000000000228e-02 1.465248583251184122e+00 2.659841870363814989e-02
2.699999999999999969e-02 1.448048268005330819e+00 2.575516645578052391e-02
2.800000000000000058e-02 1.427542638785938012e+00 2.494481582175191170e-02
2.900000000000000147e-02 1.424677110312214445e+00 2.452930404075379447e-02
3.000000000000000236e-02 1.411084268516548557e+00 2.405098015600019498e-02
3.100000000000000325e-02 1.404841701157273137e+00 2.345619998702512879e-02
3.200000000000000067e-02 1.370227992372290649e+00 2.291823016172919378e-02
3.300000000000000155e-02 1.355768814532712252e+00 2.241911877282170076e-02
3.400000000000000244e-02 1.302444850635347207e+00 2.190942836774235555e-02
3.499999999999999639e-02 1.340884298975083322e+00 2.159869168580990859e-02
3.599999999999999728e-02 1.282108664175720891e+00 2.123259302815771327e-02
3.699999999999999817e-02 1.279086301831385830e+00 2.104377692276101358e-02
3.799999999999999906e-02 1.262383967839934895e+00 2.060373675252028663e-02
3.899999999999999994e-02 1.231949856120823972e+00 2.009347181705172652e-02
4.000000000000000083e-02 1.207086776369491465e+00 1.999157498166991356e-02
4.100000000000000172e-02 1.175082247363074650e+00 1.964497070666120296e-02
4.199999999999999567e-02 1.199158443945988806e+00 1.941836775854816413e-02
4.299999999999999656e-02 1.149217726707931542e+00 1.900474451850008364e-02
4.399999999999999745e-02 1.091920489915270354e+00 1.870558584873826397e-02
4.499999999999999833e-02 1.102283857392881039e+00 1.865234884444856925e-02
4.599999999999999922e-02 1.092357253375043857e+00 1.817761570726990350e-02
4.700000000000000011e-02 1.083450950904809362e+00 1.779514683329721722e-02
4.800000000000000100e-02 1.070263185235523995e+00 1.753329768149296947e-02
4.899999999999999495e-02 1.000395377839945033e+00 1.743190912423236288e-02
5.000000000000000278e-02 1.002341057748029840e+00 1.719876685198497290e-02
5.200000000000000455e-02 9.615863018992111266e-01 1.192728745097760418e-02
5.400000000000000633e-02 9.278538578649280222e-01 1.156695040055927270e-02
5.600000000000000810e-02 8.720060437033917422e-01 1.162878430533380303e-02
5.800000000000000988e-02 8.683297658331048385e-01 1.182533479052303056e-02
6.000000000000001166e-02 8.171444613233092014e-01 1.171140740275918198e-02
6.200000000000001343e-02 7.843291425748789569e-01 1.129854512747019771e-02
6.400000000000001521e-02 7.604775485117966083e-01 1.090600473761287222e-02
6.600000000000001699e-02 7.307483520665863930e-01 1.067970564084936777e-02
6.800000000000001876e-02 6.974900391774485620e-01 1.042261716583703368e-02
7.000000000000002054e-02 6.680521903209494239e-01 1.024043069530359250e-02
7.200000000000002232e-02 6.301647850303108145e-01 1.001006902829093201e-02
7.400000000000002409e-02 6.239048054641276320e-01 1.008657050113154902e-02
7.600000000000002587e-02 5.927955006099129287e-01 9.968117363007943446e-03
7.800000000000002764e-02 5.740965924055796421e-01 9.667472226803228846e-03
8.000000000000002942e-02 5.518880405245869536e-01 9.772424528640709374e-03
8.200000000000003120e-02 5.254550101991136701e-01 9.839442567561352410e-03
8.400000000000003297e-02 5.172841430876000679e-01 9.767027094356154140e-03
8.600000000000003475e-02 4.932322123169450290e-01 9.429676616900957084e-03
8.800000000000003653e-02 4.774467654462175026e-01 9.361164329922996852e-03
9.000000000000003830e-02 4.521358207965494591e-01 9.455619953784504678e-03
9.200000000000004008e-02 4.390456674584130026e-01 9.410958517118395497e-03
9.400000000000004186e-02 4.294111653043884425e-01 9.311834239307254305e-03
9.600000000000004363e-02 4.182147532048680061e-01 9.298289139726622146e-03
9.800000000000004541e-02 3.934183479599887567e-01 9.261099984146091077e-03
1.000000000000000056e-01 3.819014965678712570e-01 9.234958325417676889e-03
1.050000000000000100e-01 3.532930706804656151e-01 5.730679077770844260e-03
1.100000000000000144e-01 3.239901081405855421e-01 5.618022130639806558e-03
1.150000000000000189e-01 2.997852006152815219e-01 5.516606216908434210e-03
1.200000000000000233e-01 2.671405598918413782e-01 5.406154557920627921e-03
1.250000000000000278e-01 2.505309476286189385e-01 5.384194214748872463e-03
1.300000000000000322e-01 2.258720528379989934e-01 5.532087914244060434e-03
1.350000000000000366e-01 2.064522705512427947e-01 5.345533905246413822e-03
1.400000000000000411e-01 1.885097704852096157e-01 5.232887296168561332e-03
1.450000000000000455e-01 1.797182309948562318e-01 5.141635047624041298e-03
1.500000000000000500e-01 1.688728548778407057e-01 5.177291410619354155e-03
1.550000000000000544e-01 1.569973207373459578e-01 5.319571933919624296e-03
1.600000000000000588e-01 1.357163032049034657e-01 5.368426154120765556e-03
1.650000000000000633e-01 1.335024966043889261e-01 5.382177755146429037e-03
1.700000000000000677e-01 1.233632411747374175e-01 5.436195015035555703e-03
1.750000000000000722e-01 1.114557984059946077e-01 5.433533526960257487e-03
1.800000000000000766e-01 1.045638977608664283e-01 5.397763087408222887e-03
1.850000000000000810e-01 1.025875662202025695e-01 5.374798778276078208e-03
1.900000000000000855e-01 8.676084307002442098e-02 5.338714246902711430e-03
1.950000000000000899e-01 8.835374524593081480e-02 5.387259781626190132e-03
2.000000000000000944e-01 8.426477223811316974e-02 4.994924666603865401e-03
2.050000000000000988e-01 7.670720837706805628e-02 5.128326915990824748e-03
2.100000000000001033e-01 7.441987027073947158e-02 5.017115931110720586e-03
2.150000000000001077e-01 6.576027939281778312e-02 5.063232067652053206e-03
2.200000000000001121e-01 6.588233308041806235e-02 4.874225009320747558e-03
2.250000000000001166e-01 5.963945371165436937e-02 4.803311230397711538e-03
2.300000000000001210e-01 6.824529838510139113e-02 4.836987523868549292e-03
2.350000000000001255e-01 5.301146784425478375e-02 4.780002988941786310e-03
2.400000000000001299e-01 6.506441014133823586e-02 4.917214625012128471e-03
2.450000000000001343e-01 5.305730583129015382e-02 5.104128787606922700e-03
