# q I sigma_shared_baseline
6.000000000000000125e-03 2.967409841536345017e+00 9.620521199590325034e-01
7.000000000000000146e-03 2.189068886993578378e+00 4.500572737577351323e-01
8.000000000000000167e-03 2.228586627468782222e+00 2.743831798973921376e-01
9.000000000000001055e-03 1.949325111367536056e+00 1.797219493394773271e-01
1.000000000000000021e-02 1.980071405530082540e+00 1.333431591788571402e-01
1.099999999999999936e-02 1.658401190773841183e+00 1.106007161231262470e-01
1.200000000000000025e-02 1.781552842431648243e+00 9.615123712072168316e-02
1.300000000000000114e-02 1.758750052032065359e+00 8.276102378090748057e-02
1.400000000000000203e-02 1.883003657204735282e+00 7.518089295900833025e-02
1.499999999999999944e-02 1.827504482554012766e+00 6.917749885565843693e-02
1.600000000000000033e-02 1.873258078313823072e+00 6.305233310199734320e-02
1.700000000000000122e-02 1.812310863697295327e+00 5.715000670460333027e-02
1.800000000000000211e-02 1.773092165710087986e+00 5.328851627866001972e-02
1.899999999999999953e-02 1.711584024519210656e+00 5.105061123002335027e-02
2.000000000000000042e-02 1.786440887924323428e+00 4.900841332749021617e-02
2.100000000000000130e-02 1.760455266284904230e+00 4.566776326704852229e-02
2.200000000000000219e-02 1.710422838845314653e+00 4.418699162104261502e-02
2.300000000000000308e-02 1.679104012344221797e+00 4.195039141228477236e-02
2.400000000000000050e-02 1.610246662326255018e+00 4.068595580636701070e-02
2.500000000000000139e-02 1.654261579633167223e+00 3.926637572140473376e-02
2.600000000000000228e-02 1.589157891126166122e+00 3.855898938395838083e-02
2.699999999999999969e-02 1.646737006459113584e+00 3.746337184411720200e-02
2.800000000000000058e-02 1.649181196336344080e+00 3.602800736107424767e-02
2.900000000000000147e-02 1.591345478714420114e+00 3.533063342067308682e-02
3.000000000000000236e-02 1.567783965967089799e+00 3.493580840550404576e-02
3.100000000000000325e-02 1.591834823250340758e+00 3.414515200843717263e-02
3.200000000000000067e-02 1.530632036798881046e+00 3.291954037268381150e-02
3.300000000000000155e-02 1.495604687076058203e+00 3.247579450248002514e-02
3.400000000000000244e-02 1.450549117686322775e+00 3.157513984997217110e-02
3.499999999999999639e-02 1.522404255537146422e+00 3.140402665346022498e-02
3.599999999999999728e-02 1.456314750491779719e+00 3.082248290455623374e-02
3.699999999999999817e-02 1.435649557356592165e+00 3.031288734041236513e-02
3.799999999999999906e-02 1.389593107995465759e+00 2.957354015499166419e-02
3.899999999999999994e-02 1.329238775493185809e+00 2.889829876455351360e-02
4.000000000000000083e-02 1.361885006297472778e+00 2.901319732036040933e-02
4.100000000000000172e-02 1.294440793433922599e+00 2.822433502254352231e-02
4.199999999999999567e-02 1.343478014153141720e+00 2.805395147504686007e-02
4.299999999999999656e-02 1.279262922364347022e+00 2.705707529632061376e-02
4.399999999999999745e-02 1.214566337369566540e+00 2.701193065740489091e-02
4.499999999999999833e-02 1.216529967543787727e+00 2.660684629309803886e-02
4.599999999999999922e-02 1.222416240434003765e+00 2.608493282383691700e-02
4.700000000000000011e-02 1.190561366172097291e+00 2.546425193579350890e-02
4.800000000000000100e-02 1.167870535636926999e+00 2.510046655563298590e-02
4.899999999999999495e-02 1.137365245341752651e+00 2.475823304466376329e-02
5.000000000000000278e-02 1.095093448798631686e+00 2.454812646747057264e-02
5.200000000000000455e-02 1.092776091451474141e+00 1.702441283683514203e-02
5.400000000000000633e-02 1.036728110981081308e+00 1.667472667135241199e-02
5.600000000000000810e-02 9.715574567083643531e-01 1.650979143164306093e-02
5.800000000000000988e-02 9.624204455059830465e-01 1.691670666669132378e-02
6.000000000000001166e-02 9.002860709230832148e-01 1.670876378642880550e-02
6.200000000000001343e-02 8.636750450043830796e-01 1.603242137138829668e-02
6.400000000000001521e-02 8.580466106061210851e-01 1.556176231297200056e-02
6.600000000000001699e-02 8.142809373799778649e-01 1.522962809362770654e-02
6.800000000000001876e-02 7.586464352786007614e-01 1.481176270644555225e-02
7.000000000000002054e-02 7.407473738207480674e-01 1.450529549744824717e-02
7.200000000000002232e-02 7.151154883036846543e-01 1.414964662268406413e-02
7.400000000000002409e-02 6.783903949458289784e-01 1.426260684015463048e-02
7.600000000000002587e-02 6.627125025122269086e-01 1.411273734126894039e-02
7.800000000000002764e-02 6.343628663073624940e-01 1.361652841172450966e-02
8.000000000000002942e-02 6.166752538600334121e-01 1.377681380313213431e-02
8.200000000000003120e-02 5.780283909394089426e-01 1.386129279647106347e-02
8.400000000000003297e-02 5.741946580752277374e-01 1.383334161268679266e-02
8.600000000000003475e-02 5.457529309242532545e-01 1.332195381957639556e-02
8.800000000000003653e-02 5.272764709535778804e-01 1.319627569560046128e-02
9.000000000000003830e-02 5.073399058905023740e-01 1.332035883596610799e-02
9.200000000000004008e-02 4.862436175309045594e-01 1.322574254617545596e-02
9.400000000000004186e-02 4.673625465411316848e-01 1.315154435111452053e-02
9.600000000000004363e-02 4.566637982793423367e-01 1.304818530386192034e-02
9.800000000000004541e-02 4.405068469477230186e-01 1.302478274619860328e-02
1.000000000000000056e-01 4.218301570397143263e-01 1.296570738516283211e-02
1.050000000000000100e-01 3.854479934869127211e-01 8.042314032717811159e-03
1.100000000000000144e-01 3.571294263858179052e-01 7.873777838243002994e-03
1.150000000000000189e-01 3.304734091560473930e-01 7.730419532904417301e-03
1.200000000000000233e-01 3.021380180030781015e-01 7.561980812505611667e-03
1.250000000000000278e-01 2.836018109570029866e-01 7.535213150673853409e-03
1.300000000000000322e-01 2.571166679672297062e-01 7.717953727940589370e-03
1.350000000000000366e-01 2.154605253946053900e-01 7.431598700194142447e-03
1.400000000000000411e-01 2.115169756651052169e-01 7.292107313451106146e-03
1.450000000000000455e-01 2.024887255468103553e-01 7.174287898645365265e-03
1.500000000000000500e-01 1.949385727745777674e-01 7.218517810917473611e-03
1.550000000000000544e-01 1.733420296366594560e-01 7.408307472404597471e-03
1.600000000000000588e-01 1.623807474002181839e-01 7.479929384692169357e-03
1.650000000000000633e-01 1.547092579976899751e-01 7.488197920412006416e-03
1.700000000000000677e-01 1.402526783468642513e-01 7.565839331361309469e-03
1.750000000000000722e-01 1.097389635009430042e-01 7.537411186604887729e-03
1.800000000000000766e-01 1.175737063191037018e-01 7.500102615121139599e-03
1.850000000000000810e-01 1.109804127924735734e-01 7.469338479827707794e-03
1.900000000000000855e-01 9.966429865029671764e-02 7.411284009402699727e-03
1.950000000000000899e-01 9.615165741277087452e-02 7.482119082933239886e-03
2.000000000000000944e-01 9.628090825705078182e-02 7.022532770422344577e-03
2.050000000000000988e-01 1.031163607468061072e-01 7.155616504748755005e-03
2.100000000000001033e-01 8.201663697733707625e-02 7.044521655379590644e-03
2.150000000000001077e-01 7.053422432340124282e-02 6.903512156260659463e-03
2.200000000000001121e-01 6.851851910887585273e-02 6.825750179239382237e-03
2.250000000000001166e-01 7.462169539999347068e-02 6.747790030265106431e-03
2.300000000000001210e-01 7.330246931022552093e-02 6.692132590307119967e-03
2.350000000000001255e-01 6.563686811982256952e-02 6.587267354185246185e-03
2.400000000000001299e-01 7.915356629155773094e-02 6.908193309352142833e-03
2.450000000000001343e-01 6.564595299195033484e-02 7.211099830345275505e-03
2.500000000000001110e-01 6.084319811234623759e-02 6.885629081258917011e-03
2.550000000000001155e-01 5.861768301518612695e-02 7.134387516669198591e-03
2.600000000000001199e-01 5.140021784169617608e-02 7.086304690474627861e-03
2.650000000000001243e-01 4.587967153435199702e-02 7.417328927137214166e-03
2.700000000000001288e-01 5.519307838753776535e-02 7.493521271923251660e-03
2.750000000000001332e-01 3.967966259580305716e-02 7.096223114059521837e-03
2.800000000000001377e-01 4.626263297203228597e-02 7.852146357386980205e-03
2.850000000000001421e-01 3.668343111421724922e-02 7.308765018835207752e-03
2.900000000000001465e-01 3.951182167995746092e-02 7.640196074765300861e-03
2.950000000000001510e-01 4.295447943860675882e-02 7.672118096301485356e-03
3.000000000000001554e-01 3.848615205857312815e-02 7.552604513482552573e-03
3.050000000000001599e-01 3.513602286620167575e-02 7.765421124365358939e-03
3.100000000000001643e-01 4.468914190380226387e-02 7.362603760350987583e-03
3.150000000000001688e-01 4.956032517943445570e-02 7.504348543682046527e-03
3.200000000000001732e-01 3.409811678085711978e-02 6.861924151052489242e-03
3.250000000000001776e-01 3.743647378953753047e-02 6.997229475438229360e-03
3.300000000000001821e-01 3.403597324887637499e-02 7.089716673761227612e-03
3.350000000000001865e-01 3.806768134379782259e-02 6.852398684064202848e-03
3.400000000000001910e-01 3.742516217425940345e-02 6.986863679755010367e-03
3.450000000000001954e-01 3.827254515886834713e-02 6.959721811376466324e-03
3.500000000000001998e-01 3.441571149399248047e-02 6.620697524316040278e-03
3.550000000000002043e-01 3.848449887552039816e-02 7.200527177089704849e-03
3.600000000000002087e-01 3.486387125460516101e-02 6.626833942650347913e-03
3.650000000000002132e-01 3.195518882049790121e-02 6.796795855538913592e-03
3.700000000000002176e-01 2.982502137400403625e-02 6.554369031978218678e-03
3.750000000000002220e-01 2.410810344777261291e-02 6.344588249162836160e-03
3.800000000000002265e-01 2.834541105750806519e-02 6.167099035079757346e-03
3.850000000000002309e-01 3.427952027473563784e-02 6.396991168328739277e-03
3.900000000000002354e-01 2.646611743045825318e-02 6.089720009777838117e-03
3.950000000000002398e-01 3.597405630178059088e-02 6.218770350444349088e-03
4.000000000000002442e-01 2.976295453248398171e-02 6.234006342693633289e-03
4.050000000000002487e-01 3.059947285156595573e-02 6.969014690068177885e-03
4.100000000000002531e-01 2.570240026027157884e-02 6.643330262367274849e-03
4.150000000000002576e-01 2.264624575097633555e-02 6.959230588454802524e-03
4.200000000000002620e-01 2.657499378233603438e-02 5.906516861363633741e-03
4.250000000000002665e-01 2.911265292938573085e-02 6.006519132988685263e-03
4.300000000000002709e-01 2.676300103580096096e-02 6.205968336941554593e-03
4.350000000000002753e-01 3.332979512480548773e-02 5.957142452728757601e-03
4.400000000000002798e-01 2.541920049346540339e-02 5.772921016590349189e-03
4.450000000000002842e-01 2.883019810800988361e-02 5.689470158914848585e-03
4.500000000000002887e-01 2.378282956354444908e-02 5.877447727187606191e-03
4.550000000000002931e-01 1.269095549112721731e-02 5.655900898734402167e-03
4.600000000000002975e-01 2.922002261188286210e-02 5.700445011895542875e-03
4.650000000000003020e-01 1.925666111330784358e-02 5.530385917243970523e-03
4.700000000000003064e-01 2.893881316386192823e-02 5.650676100824532193e-03
4.750000000000003109e-01 2.490676023903030251e-02 5.380023886447651664e-03
4.800000000000003153e-01 2.258690508743915054e-02 5.800461108219604096e-03
4.850000000000003197e-01 2.364084783660020880e-02 5.503839611754706741e-03
4.900000000000003242e-01 2.271996392750477364e-02 5.457047421546113580e-03
4.950000000000003286e-01 2.137370117000193109e-02 5.239286947628739484e-03
5.000000000000000000e-01 2.089283378194158394e-02 6.237887757763547342e-03
5.100000000000000089e-01 2.482593495236965625e-02 3.907172407928263640e-03
5.200000000000000178e-01 2.174883378951710661e-02 3.592448467961621966e-03
5.300000000000000266e-01 1.749870210953129515e-02 3.682743986830993698e-03
5.400000000000000355e-01 2.339618687976136729e-02 3.614794934675456990e-03
5.500000000000000444e-01 2.020597444781752072e-02 3.590507298742317069e-03
5.600000000000000533e-01 2.414104468749101590e-02 3.421976932784942353e-03
5.700000000000000622e-01 2.083372065555393754e-02 3.354100974050359084e-03
5.800000000000000711e-01 1.830858812872217245e-02 3.435762881770150576e-03
5.900000000000000799e-01 1.847805453106083490e-02 3.421031656405367719e-03
6.000000000000000888e-01 2.054595431591911894e-02 3.535609570935278976e-03
6.100000000000000977e-01 2.174904777043337734e-02 3.387989894356147405e-03
6.200000000000001066e-01 1.576265695059768726e-02 3.336217695268710488e-03
6.300000000000001155e-01 1.598378609904481037e-02 3.345102289615515135e-03
6.400000000000001243e-01 2.147407476165104703e-02 3.275266776520062862e-03
6.500000000000001332e-01 2.119551602253600883e-02 3.224740282854485739e-03
6.600000000000001421e-01 2.228862816226500829e-02 3.182821194732115156e-03
6.700000000000001510e-01 1.988228371411219358e-02 3.307338707851543384e-03
6.800000000000001599e-01 1.902765767776638806e-02 3.230414277973013126e-03
6.900000000000001688e-01 1.671322612100828095e-02 3.189682718838906476e-03
7.000000000000001776e-01 1.866192048093187617e-02 3.307877260876131327e-03
7.100000000000001865e-01 1.460791901636289240e-02 3.207824050629231021e-03
7.200000000000001954e-01 1.486210105391180814e-02 3.206242473201439611e-03
7.300000000000002043e-01 1.528152043305191707e-02 3.221339688849216096e-03
7.400000000000002132e-01 1.493991233350152811e-02 3.236433755330754038e-03
7.500000000000002220e-01 1.188290653888045105e-02 3.215364435285449247e-03
7.600000000000002309e-01 1.908740471088458956e-02 3.241895921505580890e-03
7.700000000000002398e-01 1.786285577166833727e-02 3.249147043429876421e-03
7.800000000000002487e-01 1.718637926283263576e-02 3.339438615649867152e-03
7.900000000000002576e-01 1.588463238139419670e-02 3.349713436729436292e-03
8.000000000000002665e-01 1.614528270401554416e-02 3.286331414531593054e-03
8.100000000000002753e-01 1.869983934786190183e-02 3.236161822905409165e-03
8.200000000000002842e-01 1.212449009630475055e-02 3.343665941086849079e-03
8.300000000000002931e-01 1.467879742823811895e-02 3.360937872264544921e-03
8.400000000000003020e-01 1.182252956572011141e-02 3.397318505229971006e-03
8.500000000000003109e-01 1.388492493933867616e-02 3.400205165225352825e-03
8.600000000000003197e-01 1.261528521329280221e-02 3.456247523585713379e-03
8.700000000000003286e-01 1.598974628480794372e-02 3.456495757735458980e-03
8.800000000000003375e-01 1.750260178788511090e-02 3.318837304500520981e-03
8.900000000000003464e-01 1.577975847880991322e-02 3.206641924337997728e-03
9.000000000000003553e-01 1.387867243891711955e-02 3.190867649122166617e-03
9.100000000000003642e-01 1.666633067506255103e-02 3.280648884359091324e-03
9.200000000000003730e-01 1.524110438173897387e-02 3.206435658718953183e-03
9.300000000000003819e-01 1.557317812201942410e-02 3.232559669043734776e-03
9.400000000000003908e-01 1.171827863267718879e-02 3.235069029774709747e-03
9.500000000000003997e-01 1.338259785963263199e-02 3.275955103625392655e-03
9.600000000000004086e-01 8.386759246394676071e-03 3.279532098067538398e-03
9.700000000000004174e-01 1.376414256866080772e-02 3.343534716140587806e-03
9.800000000000004263e-01 1.244546222545174843e-02 3.412758313464672733e-03
9.900000000000004352e-01 1.336356828950802100e-02 3.440833141353183411e-03
1.000000000000000000e+00 1.325617801363630950e-02 3.472199567386406553e-03
1.030000000000000027e+00 1.399350929795155005e-02 2.154351876233906709e-03
1.060000000000000053e+00 1.201589532231196571e-02 2.287301664746875431e-03
1.090000000000000080e+00 1.340930899500193153e-02 2.414405307534828876e-03
1.120000000000000107e+00 1.216441685417891418e-02 2.412116196348804142e-03
1.150000000000000133e+00 1.539836977830418702e-02 2.425253674541164722e-03
1.180000000000000160e+00 1.392826150185018895e-02 2.777240569093817040e-03
1.210000000000000187e+00 1.457877754244807887e-02 3.115101881130696079e-03
1.240000000000000213e+00 1.517886342704663320e-02 3.349071900381144981e-03
1.270000000000000240e+00 1.369190879498177402e-02 3.646471228926870169e-03
1.300000000000000266e+00 1.592001311222031312e-02 3.990882133873065694e-03
1.330000000000000293e+00 1.501182756355188413e-02 4.490154905797518262e-03
1.360000000000000320e+00 1.553608697508345078e-02 5.047327569175488748e-03
1.390000000000000346e+00 1.637176647905303623e-02 6.521120954451844857e-03
1.420000000000000373e+00 1.383641948509477942e-02 6.880267823226214434e-03
1.450000000000000400e+00 1.615611835247172945e-02 7.074941808710142645e-03
1.480000000000000426e+00 1.709501494610813147e-02 7.766093928793522082e-03
1.510000000000000453e+00 1.608612559066237291e-02 8.656092117250133861e-03
1.540000000000000480e+00 1.751383095869046141e-02 9.728436204686169084e-03
1.570000000000000506e+00 1.582302673776646296e-02 1.092359865877524580e-02
1.600000000000000533e+00 1.517886775270305307e-02 1.222932104026150379e-02
1.630000000000000560e+00 1.464668710508170747e-02 1.370175027449575984e-02
1.660000000000000586e+00 1.619958418679964124e-02 1.530825750801556411e-02
1.690000000000000613e+00 1.491294488037042502e-02 1.690143228385723728e-02
1.720000000000000639e+00 1.271960557189701427e-02 1.855314412556987452e-02
1.750000000000000666e+00 1.004583896518028256e-02 2.044979180238363364e-02
1.780000000000000693e+00 7.896088156561091240e-03 2.362810620452559726e-02
1.810000000000000719e+00 6.572809986043643207e-03 2.656485611892451040e-02
1.840000000000000746e+00 5.917861292536200947e-03 2.818762855313974164e-02
1.870000000000000773e+00 2.138797010391465907e-03 2.895194049794503136e-02
1.900000000000000799e+00 4.461380437003307706e-03 3.010520593240316456e-02
1.930000000000000826e+00 1.612542729944556634e-03 3.112469855746763728e-02
1.960000000000000853e+00 5.238589792817587498e-04 3.199578125676750401e-02
1.990000000000000879e+00 -2.616311886073602148e-04 4.506397772273512681e-02
2.020000000000000906e+00 6.561706140865872184e-04 3.358468999721817699e-02
2.050000000000000711e+00 -7.527044973267054068e-04 3.342569713285899885e-02
2.080000000000000959e+00 -3.473111323279168272e-03 3.256529185000495846e-02
2.110000000000001208e+00 1.438446939337758256e-04 3.117544906078707420e-02
2.140000000000001013e+00 -5.049147455443117605e-03 2.982197126992156000e-02
2.170000000000000817e+00 -4.176676763539433762e-03 2.797778905691983634e-02
2.200000000000001066e+00 -2.367048538536525772e-03 2.627333565274861046e-02
2.230000000000001315e+00 -2.106791256937582540e-03 2.494682661925497549e-02
2.260000000000001119e+00 -4.607528503188904230e-04 2.392034149954655811e-02
2.290000000000000924e+00 -3.165415515830862815e-03 2.286685677884185697e-02
2.320000000000001172e+00 -4.461651904975239349e-03 2.192513589218963999e-02
2.350000000000001421e+00 -1.905567712018550394e-03 2.111522595805061589e-02
2.380000000000001226e+00 -2.449159342899347603e-03 2.123401467760279576e-02
2.410000000000001030e+00 -4.319432911887307637e-03 2.151604685926266497e-02
2.440000000000001279e+00 -2.819540145675457094e-03 2.038377956101132191e-02
2.470000000000001528e+00 5.711257377224406625e-04 2.008025375129254136e-02
2.500000000000001332e+00 1.647886097099023799e-03 1.957180231495011732e-02
2.530000000000001137e+00 -1.363957938925042159e-03 1.942669297410395957e-02
2.560000000000001386e+00 -4.705568328607594294e-04 1.945418016740399839e-02
2.590000000000001634e+00 -9.362845400079328022e-04 1.954715186110710101e-02
2.620000000000001439e+00 8.260364192231141670e-04 1.965076542614744778e-02
2.650000000000001243e+00 -8.134283140759584292e-04 1.990957216461279947e-02
2.680000000000001492e+00 -1.412719580527970527e-03 2.065310962650210302e-02
2.710000000000001741e+00 1.149037506688797795e-03 2.121187143674395370e-02
2.740000000000001545e+00 -4.108119597712797146e-03 2.155535198394067931e-02
2.770000000000001350e+00 -9.612321202841654557e-04 2.174719812405594144e-02
2.800000000000001599e+00 1.264808923883064206e-04 2.179894794759051208e-02
2.830000000000001847e+00 1.198732389252089641e-03 2.174162715864577655e-02
2.860000000000001652e+00 2.229602556236686718e-03 2.158894981426327450e-02
2.890000000000001457e+00 7.548997978935294154e-04 2.135354997884464714e-02
2.920000000000001705e+00 3.351278982125893810e-04 2.101157745930362641e-02
2.950000000000001954e+00 3.639508824688462985e-04 2.066701798399506185e-02
2.980000000000001759e+00 -2.031654568675304688e-03 2.046630869673958866e-02
3.010000000000001563e+00 1.194381666856331875e-03 1.983413909046219045e-02
3.040000000000001812e+00 4.278677834660292098e-04 1.947012886869099041e-02
3.070000000000002061e+00 1.116377780566468877e-03 1.856182568918364473e-02
3.100000000000001865e+00 3.814235839345127060e-04 1.846306817489012583e-02
3.130000000000001670e+00 1.075851031169388749e-03 1.958259621011886401e-02
3.160000000000001918e+00 2.993223182834226209e-03 1.902914712293303501e-02
3.190000000000002167e+00 4.315992098005666348e-03 1.942357446871124244e-02
