# q I sigma_original_independent_frame_assumption
6.000000000000000125e-03 8.964359693636363424e-01 6.085362752942812259e-01
7.000000000000000146e-03 1.168487416181818395e+00 2.820525080573060839e-01
8.000000000000000167e-03 1.053088923363636464e+00 1.739116074218816643e-01
8.999999999999999320e-03 7.242246900909091734e-01 1.138453747913817787e-01
1.000000000000000021e-02 7.352581623636365027e-01 8.343103502644970415e-02
1.099999999999999936e-02 5.865431392727272764e-01 6.791161225730747708e-02
1.200000000000000025e-02 7.117030243545454660e-01 5.935348420685577359e-02
1.299999999999999940e-02 7.654807712727272895e-01 5.141977391161402927e-02
1.400000000000000029e-02 6.786385874545453056e-01 4.639439287698182007e-02
1.499999999999999944e-02 6.990657919999999637e-01 4.188516585535376202e-02
1.600000000000000033e-02 6.685886776363637596e-01 3.762377384600869290e-02
1.700000000000000122e-02 6.499850946363637805e-01 3.475082209547734891e-02
1.799999999999999864e-02 6.391419624545453537e-01 3.236959799129143778e-02
1.899999999999999953e-02 6.775215213636364142e-01 3.100175747513418331e-02
2.000000000000000042e-02 6.011675693636363560e-01 2.852805214323266003e-02
2.100000000000000130e-02 6.694239435454546472e-01 2.716335053038488115e-02
2.199999999999999872e-02 6.385390254545454392e-01 2.644357955646931338e-02
2.299999999999999961e-02 5.866807332727272950e-01 2.492001330145876895e-02
2.400000000000000050e-02 5.550074976363638113e-01 2.417967991068135231e-02
2.500000000000000139e-02 5.903469751818182232e-01 2.334851278313832337e-02
2.599999999999999881e-02 6.370345237272726502e-01 2.302040166523057485e-02
2.699999999999999969e-02 5.930877828181817524e-01 2.220306013552825197e-02
2.800000000000000058e-02 5.774142997272726507e-01 2.129749578319438397e-02
2.900000000000000147e-02 5.754348106363637028e-01 2.107203287017199445e-02
2.999999999999999889e-02 5.941018753636363448e-01 2.062493466556792124e-02
3.099999999999999978e-02 5.657917531818181800e-01 2.038762602071415159e-02
3.200000000000000067e-02 5.701096716363636130e-01 1.968062608682281597e-02
3.300000000000000155e-02 5.568204624545454173e-01 1.937431525096755536e-02
3.400000000000000244e-02 5.790913512727272616e-01 1.891268641365665207e-02
3.500000000000000333e-02 5.300084849090909156e-01 1.845071461169968396e-02
3.599999999999999728e-02 5.367726842727272851e-01 1.832871914499581423e-02
3.699999999999999817e-02 5.120672209090908478e-01 1.790122164273610580e-02
3.799999999999999906e-02 5.190388029090908795e-01 1.764929451596637666e-02
3.899999999999999994e-02 5.218876625454546003e-01 1.731724220086757263e-02
4.000000000000000083e-02 4.617344634545454962e-01 1.711554484856829886e-02
4.100000000000000172e-02 4.687435939090909276e-01 1.680463504300296756e-02
4.200000000000000261e-02 5.001096247272727169e-01 1.686128788420215505e-02
4.299999999999999656e-02 4.635142045454545001e-01 1.634183863133261902e-02
4.399999999999999745e-02 4.350064956363636770e-01 1.611546532330771636e-02
4.499999999999999833e-02 4.807054071818180896e-01 1.607795175032013246e-02
4.599999999999999922e-02 4.427863818181818067e-01 1.572427906703730352e-02
4.700000000000000011e-02 4.385813098181818304e-01 1.541062240777709216e-02
4.800000000000000100e-02 4.470107483636363566e-01 1.512976252013907216e-02
4.900000000000000189e-02 4.206350891818181892e-01 1.516334594949733140e-02
5.000000000000000278e-02 4.274182209999999871e-01 1.488024016199859627e-02
5.199999999999999761e-02 3.991179107272727067e-01 1.033618740565087762e-02
5.399999999999999939e-02 3.736457467272726873e-01 9.963093841469912101e-03
5.600000000000000117e-02 3.641638327272727071e-01 1.012318972553023430e-02
5.800000000000000294e-02 3.595232053636363556e-01 1.018786438665218730e-02
5.999999999999999778e-02 3.392926227272727302e-01 1.015881633444555912e-02
6.199999999999999956e-02 3.112649161818181187e-01 9.818088405062260632e-03
6.400000000000000133e-02 3.157360914545454533e-01 9.463066506719098117e-03
6.600000000000000311e-02 3.234353638181817758e-01 9.296460194067540997e-03
6.800000000000000488e-02 2.927659349090909191e-01 9.031352600511481990e-03
7.000000000000000666e-02 2.860662428181818262e-01 8.901883108127964239e-03
7.199999999999999456e-02 2.563542731818181375e-01 8.708464850177998276e-03
7.399999999999999634e-02 2.619671596363636334e-01 8.732107371726123210e-03
7.599999999999999811e-02 2.499971776363636156e-01 8.605990744957983316e-03
7.799999999999999989e-02 2.427801400636363793e-01 8.413566508263421728e-03
8.000000000000000167e-02 2.300758780909091250e-01 8.513551648077360284e-03
8.200000000000000344e-02 2.227399143727272768e-01 8.559903573108202171e-03
8.400000000000000522e-02 2.235147278181817687e-01 8.503849056497377046e-03
8.599999999999999312e-02 2.059572800363635992e-01 8.203663907049352222e-03
8.799999999999999489e-02 2.089682954181817931e-01 8.157836500176205916e-03
8.999999999999999667e-02 1.914762701818181756e-01 8.236035936346221970e-03
9.199999999999999845e-02 1.921329665727273261e-01 8.168949218100284362e-03
9.400000000000000022e-02 1.713413774454545513e-01 8.111515227367983513e-03
9.600000000000000200e-02 1.652947388636363535e-01 8.040024286557433814e-03
9.800000000000000377e-02 1.648239779000000016e-01 8.079361069651942381e-03
1.000000000000000056e-01 1.486476336363636297e-01 8.031501207396721242e-03
1.049999999999999961e-01 1.572088423090909071e-01 4.998767200459166941e-03
1.100000000000000006e-01 1.445232974181818175e-01 4.901949551419882041e-03
1.150000000000000050e-01 1.307040611818181819e-01 4.801546980196048746e-03
1.199999999999999956e-01 1.212840596545454730e-01 4.710013684099231997e-03
1.250000000000000000e-01 1.075257689545454642e-01 4.696635967677637025e-03
1.300000000000000044e-01 1.002165838909090806e-01 4.835567535545958959e-03
1.350000000000000089e-01 9.278632000000000546e-02 4.661475666322681920e-03
1.400000000000000133e-01 7.942769457272727540e-02 4.555837212279569004e-03
1.449999999999999900e-01 7.387342859090907654e-02 4.481788819451225196e-03
1.499999999999999944e-01 7.176110675454547283e-02 4.516182412686404676e-03
1.549999999999999989e-01 6.889229340909090726e-02 4.647942499511423069e-03
1.600000000000000033e-01 5.927955130909089848e-02 4.688195229328730521e-03
1.650000000000000078e-01 6.984786163636363954e-02 4.711340084851823977e-03
1.700000000000000122e-01 5.175354140909091405e-02 4.742033039627157123e-03
1.749999999999999889e-01 4.492104483090909178e-02 4.750060048946114048e-03
1.799999999999999933e-01 5.553656453636364454e-02 4.723648323113597940e-03
1.849999999999999978e-01 4.385450988181817389e-02 4.691663339253520672e-03
1.900000000000000022e-01 3.796698471818182180e-02 4.660401985591994950e-03
1.950000000000000067e-01 4.190672859363636649e-02 4.699827711093540993e-03
2.000000000000000111e-01 3.249894138181818465e-02 4.290725425311717710e-03
2.049999999999999878e-01 2.588122627009091514e-02 4.455093335343557857e-03
2.099999999999999922e-01 2.876115223000000679e-02 4.394971998766109868e-03
2.149999999999999967e-01 2.060447538854545679e-02 4.480325999518983485e-03
2.200000000000000011e-01 3.123237599490909233e-02 4.316261105548537848e-03
2.250000000000000056e-01 2.906606026636363721e-02 4.227395880427370009e-03
2.300000000000000100e-01 2.122786120090909209e-02 4.235388006578019032e-03
2.349999999999999867e-01 2.129809140636363188e-02 4.112215415056074373e-03
2.399999999999999911e-01 3.061117526363636709e-02 4.445421451214194228e-03
2.449999999999999956e-01 1.665731067227272863e-02 4.470892107054498694e-03
2.500000000000000000e-01 1.696508132999999599e-02 4.372670162019220465e-03
2.550000000000000044e-01 2.090693111836363499e-02 4.589493730142720634e-03
2.600000000000000089e-01 2.032277866090909102e-02 4.657364642494513964e-03
2.650000000000000133e-01 1.629563802520908947e-02 4.736974969129102188e-03
2.700000000000000178e-01 1.985017508363636288e-02 4.779307702445566991e-03
2.750000000000000222e-01 2.514850051000000128e-02 4.640268589277394586e-03
2.800000000000000266e-01 1.387218844090909453e-02 4.979016287260094355e-03
2.849999999999999756e-01 1.546431004845454441e-02 4.626734339580849953e-03
2.899999999999999800e-01 1.766420901509091132e-02 4.896797881978702353e-03
2.949999999999999845e-01 1.303041335845454667e-02 4.866174295545577615e-03
2.999999999999999889e-01 1.808198245672727397e-02 4.755137529253821750e-03
3.049999999999999933e-01 9.712393375454545646e-03 4.644286943925831669e-03
3.099999999999999978e-01 2.296341184272726946e-02 4.637278486916084595e-03
3.150000000000000022e-01 1.868465467090909063e-02 4.531918934528051529e-03
3.200000000000000067e-01 2.383080147454545716e-02 4.460070845188610945e-03
3.250000000000000111e-01 1.078285479999999824e-02 4.539970423395725541e-03
3.300000000000000155e-01 1.538640672090908941e-02 4.549378378370953248e-03
3.350000000000000200e-01 1.971722858872727510e-02 4.486938271271129902e-03
3.400000000000000244e-01 1.982881260218181951e-02 4.343743686829709162e-03
3.449999999999999734e-01 1.525453221936363263e-02 4.482159310016308081e-03
3.499999999999999778e-01 1.190812399227272715e-02 4.070632679696483368e-03
3.549999999999999822e-01 1.472359173054545514e-02 4.244941486931029691e-03
3.599999999999999867e-01 1.309228407363636354e-02 4.271540568096020632e-03
3.649999999999999911e-01 4.232927683118181857e-03 4.301774515250527536e-03
3.699999999999999956e-01 5.716910371818181673e-03 4.213446252932026050e-03
3.750000000000000000e-01 1.603562369145454525e-02 4.054440624847524717e-03
3.800000000000000044e-01 1.069181131127272880e-02 4.091815459115989533e-03
3.850000000000000089e-01 9.362071690818183495e-03 4.084619644066756795e-03
3.900000000000000133e-01 9.950562659090909923e-03 3.776541888455986744e-03
3.950000000000000178e-01 1.542071273363636481e-02 3.957995754389446487e-03
4.000000000000000222e-01 7.305549704545452952e-03 3.827103704376791371e-03
4.050000000000000266e-01 1.524938764272727384e-02 4.257509112437137325e-03
4.099999999999999756e-01 1.455866492909090905e-02 4.167400175908507302e-03
4.149999999999999800e-01 8.856210169090909454e-03 4.375612019069261005e-03
4.199999999999999845e-01 1.160432001454545468e-02 3.878559243867865745e-03
4.249999999999999889e-01 9.206894359090908239e-03 3.842154180155789561e-03
4.299999999999999933e-01 1.022094271090909223e-02 3.839688867461864014e-03
4.349999999999999978e-01 1.333921710818181637e-02 3.766565153520863921e-03
4.400000000000000022e-01 1.206433893363636004e-02 3.751099554856103697e-03
4.450000000000000067e-01 9.401015240909091700e-03 3.576442664971309342e-03
4.500000000000000111e-01 1.184021290445454525e-02 3.684001178072547275e-03
4.550000000000000155e-01 5.674276191025454802e-03 3.665239867737618996e-03
4.600000000000000200e-01 1.136089997863636361e-02 3.533135256842293275e-03
4.650000000000000244e-01 7.474438143990907654e-03 3.522586400304919280e-03
4.699999999999999734e-01 6.986871045290909445e-03 3.622144875851979369e-03
4.749999999999999778e-01 7.769648615545455411e-03 3.440423762447794315e-03
4.799999999999999822e-01 1.397425077090909060e-02 3.712217396383474515e-03
4.849999999999999867e-01 3.255384948181818273e-03 3.422489005842196865e-03
4.899999999999999911e-01 7.197556932818182859e-03 3.526924157343913364e-03
4.949999999999999956e-01 8.697143728181817857e-03 3.269654627311734552e-03
5.000000000000000000e-01 8.211373158181817580e-03 3.923297950716831718e-03
5.100000000000000089e-01 7.510417143636364222e-03 2.482057350732518302e-03
5.200000000000000178e-01 8.343341841818181781e-03 2.309531571385688414e-03
5.300000000000000266e-01 7.432629157272727452e-03 2.343085115011814268e-03
5.400000000000000355e-01 8.924858979090909833e-03 2.287059245600303256e-03
5.500000000000000444e-01 8.708600989090910238e-03 2.256088931834454494e-03
5.600000000000000533e-01 1.094456551363636246e-02 2.196415888626142027e-03
5.699999999999999512e-01 6.934015556363637423e-03 2.140444355266128175e-03
5.799999999999999600e-01 8.468477609090909949e-03 2.189245831210948848e-03
5.899999999999999689e-01 7.913240193636364092e-03 2.143599706503287669e-03
5.999999999999999778e-01 6.128840468727272256e-03 2.189334508956139631e-03
6.099999999999999867e-01 1.001781562090909086e-02 2.148620282279766359e-03
6.199999999999999956e-01 7.508248011818181335e-03 2.109747070011418028e-03
6.300000000000000044e-01 4.625120547000000776e-03 2.107580548704982449e-03
6.400000000000000133e-01 1.055107950318181879e-02 2.052202664412651131e-03
6.500000000000000222e-01 6.723585597090908639e-03 2.059475858655793884e-03
6.600000000000000311e-01 9.158489373000001238e-03 2.028953410901260940e-03
6.700000000000000400e-01 6.977220202727271725e-03 2.086984280527454192e-03
6.800000000000000488e-01 8.553874972727273235e-03 2.040239888106719357e-03
6.899999999999999467e-01 4.555871102727273268e-03 2.034300540126807600e-03
6.999999999999999556e-01 8.000128465454545146e-03 2.059644810968870848e-03
7.099999999999999645e-01 4.390789526909090988e-03 2.030078890990452689e-03
7.199999999999999734e-01 5.285108938090909807e-03 2.054428307901070162e-03
7.299999999999999822e-01 6.474384100909091541e-03 2.049351020327897389e-03
7.399999999999999911e-01 7.508693300272726266e-03 2.057210836390892163e-03
7.500000000000000000e-01 7.993211391818182132e-03 2.032086861372393773e-03
7.600000000000000089e-01 6.029387833454544730e-03 2.040182637794032191e-03
7.700000000000000178e-01 8.216916665090910621e-03 2.062293279322289889e-03
7.800000000000000266e-01 5.531733838181818706e-03 2.097607308335625292e-03
7.900000000000000355e-01 8.190248252727273803e-03 2.123331674545127657e-03
8.000000000000000444e-01 4.593895739636364058e-03 2.077632216661590408e-03
8.100000000000000533e-01 6.168423696818181416e-03 2.075071426173511358e-03
8.199999999999999512e-01 3.895860129090908657e-03 2.105441824652620059e-03
8.299999999999999600e-01 6.219487370909090873e-03 2.130300587283254481e-03
8.399999999999999689e-01 5.952891430545454408e-03 2.161056160130792481e-03
8.499999999999999778e-01 7.180058678181818442e-03 2.144299401472733214e-03
8.599999999999999867e-01 3.264786850522727324e-03 2.149182051579971546e-03
8.699999999999999956e-01 5.152101890545455164e-03 2.143882005092766652e-03
8.800000000000000044e-01 8.408869882727272593e-03 2.098437216513481928e-03
8.900000000000000133e-01 4.832476135454545629e-03 2.028976760470101864e-03
9.000000000000000222e-01 5.621552103090909219e-03 2.031994513703598831e-03
9.100000000000000311e-01 7.634579969090908060e-03 2.068615988410606610e-03
9.200000000000000400e-01 4.912026486272727706e-03 2.031218520936373031e-03
9.300000000000000488e-01 5.225742684545454410e-03 2.046791819764476848e-03
9.399999999999999467e-01 2.163976172663635740e-03 2.044788505555490774e-03
9.499999999999999556e-01 4.676129730090909827e-03 2.083682526539458197e-03
9.599999999999999645e-01 2.411823411090909149e-03 2.078503255546486957e-03
9.699999999999999734e-01 6.930215669999999911e-03 2.104180608714820936e-03
9.799999999999999822e-01 5.358056806363636383e-03 2.162712613600221209e-03
9.899999999999999911e-01 4.216691657090909304e-03 2.175640317917173442e-03
1.000000000000000000e+00 6.165572253545453969e-03 2.207062737670651212e-03
1.030000000000000027e+00 4.870160825309091147e-03 1.360191633139043324e-03
1.060000000000000053e+00 5.381377556363636273e-03 1.443412831972702140e-03
1.090000000000000080e+00 4.915712630909090629e-03 1.523748022910610157e-03
1.120000000000000107e+00 3.281134851363636060e-03 1.514749079719844571e-03
1.149999999999999911e+00 4.901716340000000782e-03 1.529089625350745548e-03
1.179999999999999938e+00 6.142160078454545619e-03 1.754180590993615957e-03
1.209999999999999964e+00 5.885454907454545567e-03 1.964535296111363186e-03
1.239999999999999991e+00 5.593569031818183129e-03 2.118994945464207705e-03
1.270000000000000018e+00 4.758893057454545612e-03 2.300005540492103696e-03
1.300000000000000044e+00 5.435737584545454956e-03 2.519337947539347297e-03
1.330000000000000071e+00 5.773614118909090737e-03 2.835925723060437470e-03
1.360000000000000098e+00 6.487374329090907915e-03 3.185882297463317123e-03
1.389999999999999902e+00 5.191788464836363977e-03 4.114602077845704899e-03
1.419999999999999929e+00 6.258087834545455162e-03 4.347381527345462425e-03
1.449999999999999956e+00 7.538527664545454851e-03 4.463480081917940018e-03
1.479999999999999982e+00 8.436199939090907596e-03 4.903968620340687541e-03
1.510000000000000009e+00 6.535609472272727385e-03 5.461981366829901825e-03
1.540000000000000036e+00 7.871951343636364451e-03 6.137399676980363240e-03
1.570000000000000062e+00 8.299025727272726222e-03 6.905293050174846764e-03
1.600000000000000089e+00 6.234351577727273962e-03 7.720922769331992064e-03
1.629999999999999893e+00 5.096051215454546444e-03 8.651581252559520374e-03
1.659999999999999920e+00 8.283360537272728072e-03 9.668795877258468119e-03
1.689999999999999947e+00 7.136896841818182215e-03 1.067541285145132829e-02
1.719999999999999973e+00 3.860606036545455397e-03 1.172140471548252690e-02
1.750000000000000000e+00 5.621280102636364018e-03 1.291716714892406775e-02
1.780000000000000027e+00 6.999535338181817057e-03 1.493465972758681835e-02
1.810000000000000053e+00 5.708624196363636973e-03 1.679043265572644286e-02
1.840000000000000080e+00 3.468890668181817682e-03 1.781181795370042828e-02
1.870000000000000107e+00 2.991618836818181731e-03 1.830135105009954299e-02
1.899999999999999911e+00 2.859863399545454696e-03 1.903190423378853594e-02
1.929999999999999938e+00 -6.840583286363637570e-04 1.967513429991698745e-02
1.959999999999999964e+00 3.019157890909093190e-05 2.023315766162714704e-02
1.989999999999999991e+00 1.647773740000000242e-03 2.843982048042650521e-02
2.020000000000000018e+00 6.126102885000001257e-04 2.123553896611834677e-02
2.049999999999999822e+00 8.708139748181818090e-04 2.113648704814777290e-02
2.080000000000000071e+00 -1.504625399454545499e-03 2.058874855101150425e-02
2.109999999999999876e+00 -2.794326089999999829e-03 1.971937869960467896e-02
2.140000000000000124e+00 -4.029862001818182264e-03 1.885900020022020229e-02
2.169999999999999929e+00 -6.873085800909090916e-03 1.769444446747002464e-02
2.200000000000000178e+00 -5.341801558181818663e-03 1.662130440216677205e-02
2.229999999999999982e+00 -3.664864908272726443e-03 1.578759889875238492e-02
2.259999999999999787e+00 -6.277097047181818060e-03 1.513857488936226799e-02
2.290000000000000036e+00 -6.643984873181818865e-03 1.446986011868721216e-02
2.319999999999999840e+00 -7.905018918181818538e-03 1.387653053556734545e-02
2.350000000000000089e+00 -7.709874452727272579e-03 1.337130430475216326e-02
2.379999999999999893e+00 -4.861388081272726737e-03 1.345224306765969297e-02
2.410000000000000142e+00 -4.758129175000000433e-03 1.362430331683367989e-02
2.439999999999999947e+00 -6.049209111545454133e-03 1.290151154088565316e-02
2.470000000000000195e+00 -7.388958036363636218e-03 1.271859033811603527e-02
2.500000000000000000e+00 -8.028476799999999941e-03 1.239252242325977055e-02
2.529999999999999805e+00 -6.053595329363636347e-03 1.230071199207547622e-02
2.560000000000000053e+00 -5.828261780909091243e-03 1.232026751629087397e-02
2.589999999999999858e+00 -6.104749938181817416e-03 1.238013701275529274e-02
2.620000000000000107e+00 -5.756643462545454719e-03 1.244602601180691548e-02
2.649999999999999911e+00 -5.465469000909091088e-03 1.260709625488053848e-02
2.680000000000000160e+00 -7.120031934545454667e-03 1.307739522177456259e-02
2.709999999999999964e+00 -5.377452379090908417e-03 1.343304807758818366e-02
2.740000000000000213e+00 -6.717441512727273176e-03 1.364834384512198656e-02
2.770000000000000018e+00 -6.358333488790907789e-03 1.377138756813170439e-02
2.799999999999999822e+00 -6.048339383454544825e-03 1.379655016121956838e-02
2.830000000000000071e+00 -5.062806952727272498e-03 1.376777764339294843e-02
2.859999999999999876e+00 -4.450741901818182009e-03 1.366335190397116768e-02
2.890000000000000124e+00 -7.413310159363636215e-03 1.351359236352906931e-02
2.919999999999999929e+00 -2.917952573590909277e-03 1.329636017966727771e-02
2.950000000000000178e+00 -1.732685526363636572e-03 1.307985440543213418e-02
2.979999999999999982e+00 -2.917907409727272909e-03 1.295505492515332951e-02
3.009999999999999787e+00 -3.378234738636362935e-03 1.255182151745255076e-02
3.040000000000000036e+00 -5.216053642818181072e-04 1.232073787302950807e-02
3.069999999999999840e+00 -2.976557418545454272e-03 1.175129723723857857e-02
3.100000000000000089e+00 -2.174644896636363997e-03 1.168656385623348393e-02
3.129999999999999893e+00 6.223229948181818478e-04 1.237888525152682807e-02
3.160000000000000142e+00 -4.052862694147272606e-03 1.204258388378405716e-02
3.189999999999999947e+00 -1.827841936181818236e-03 1.230910153593190587e-02
