# q I sigma_shared_baseline
6.000000000000000125e-03 3.210647593484634577e+00 9.690708731470042414e-01
7.000000000000000146e-03 2.507466122518888785e+00 4.566196400252049425e-01
8.000000000000000167e-03 2.255043165825830975e+00 2.770481870560713711e-01
9.000000000000001055e-03 1.962138966936993079e+00 1.809056663829621825e-01
1.000000000000000021e-02 1.691955523214649704e+00 1.356683273158557634e-01
1.099999999999999936e-02 1.617869173714690412e+00 1.089966327784122058e-01
1.200000000000000025e-02 1.796856191477531395e+00 9.436566170011939647e-02
1.300000000000000114e-02 1.882365083548426243e+00 8.381549245113971425e-02
1.400000000000000203e-02 1.784353305322752048e+00 7.509345189466945514e-02
1.499999999999999944e-02 1.795598044618176292e+00 6.867004236649491833e-02
1.600000000000000033e-02 1.646581480634889738e+00 6.239021895145967916e-02
1.700000000000000122e-02 1.739469576686210495e+00 5.722177978367099654e-02
1.800000000000000211e-02 1.732196690232568503e+00 5.348325196417445110e-02
1.899999999999999953e-02 1.725450489755438799e+00 5.081757011275786495e-02
2.000000000000000042e-02 1.733036013180501378e+00 4.788517986873568749e-02
2.100000000000000130e-02 1.653840669324619039e+00 4.558634647683176833e-02
2.200000000000000219e-02 1.621005833043257072e+00 4.388564149494569855e-02
2.300000000000000308e-02 1.577795871097234182e+00 4.176656952949258511e-02
2.400000000000000050e-02 1.573909606759253066e+00 4.040524207740007340e-02
2.500000000000000139e-02 1.534958755262451291e+00 3.901492210443609221e-02
2.600000000000000228e-02 1.582950277698593089e+00 3.843055208510376408e-02
2.699999999999999969e-02 1.543985021182408435e+00 3.735346879437979190e-02
2.800000000000000058e-02 1.551944603786492571e+00 3.574533103694364083e-02
2.900000000000000147e-02 1.480375633469349417e+00 3.521050750295524889e-02
3.000000000000000236e-02 1.473549348547434024e+00 3.446678352676519480e-02
3.100000000000000325e-02 1.501089231075641850e+00 3.392844161729848679e-02
3.200000000000000067e-02 1.460704919115165756e+00 3.319685930749827901e-02
3.300000000000000155e-02 1.452239281677996763e+00 3.210655451818406059e-02
3.400000000000000244e-02 1.348761995757226773e+00 3.162853973658294460e-02
3.499999999999999639e-02 1.420032385219003324e+00 3.102886652803242898e-02
3.599999999999999728e-02 1.340685507346878413e+00 3.017586316356620293e-02
3.699999999999999817e-02 1.346235080223598946e+00 3.000022285958208954e-02
3.799999999999999906e-02 1.325378809952239445e+00 2.959397926618852551e-02
3.899999999999999994e-02 1.342235229871757696e+00 2.914446808270182432e-02
4.000000000000000083e-02 1.314224380902230260e+00 2.860578236840345331e-02
4.100000000000000172e-02 1.238394090979583195e+00 2.811148771287612369e-02
4.199999999999999567e-02 1.273856138042443131e+00 2.787434935192645638e-02
4.299999999999999656e-02 1.218564442627812161e+00 2.712706157352869768e-02
4.399999999999999745e-02 1.155026877203048530e+00 2.661023735861182613e-02
4.499999999999999833e-02 1.166299399536741221e+00 2.674312949984744558e-02
4.599999999999999922e-02 1.159028572768948884e+00 2.597047817640026415e-02
4.700000000000000011e-02 1.177236449043592481e+00 2.536253458009372561e-02
4.800000000000000100e-02 1.143277916513367520e+00 2.509628898221817964e-02
4.899999999999999495e-02 1.077340200165563422e+00 2.493941376833570464e-02
5.000000000000000278e-02 1.052442468840670164e+00 2.453248569564191878e-02
5.200000000000000455e-02 1.013102714898541423e+00 1.701610877263144347e-02
5.400000000000000633e-02 9.715879646272956860e-01 1.653003393757286610e-02
5.600000000000000810e-02 9.284502674164080149e-01 1.655063437435679019e-02
5.800000000000000988e-02 9.408425255587056224e-01 1.675082745363633274e-02
6.000000000000001166e-02 8.452697071765412629e-01 1.660335236720909477e-02
6.200000000000001343e-02 8.432862484231030686e-01 1.605186262755644439e-02
6.400000000000001521e-02 8.030709851202889604e-01 1.548085007171849312e-02
6.600000000000001699e-02 7.402411441166313333e-01 1.507810163908775841e-02
6.800000000000001876e-02 7.490573724015637813e-01 1.477721368379555054e-02
7.000000000000002054e-02 6.880590119597650434e-01 1.451491406516476276e-02
7.200000000000002232e-02 6.744630119032153370e-01 1.407614168308224563e-02
7.400000000000002409e-02 6.572779723224240200e-01 1.421160885664924170e-02
7.600000000000002587e-02 6.370031199228763930e-01 1.408919692265022013e-02
7.800000000000002764e-02 6.064562136344194831e-01 1.363859605489295933e-02
8.000000000000002942e-02 5.796743409709639305e-01 1.369611437281463909e-02
8.200000000000003120e-02 5.524310439354328528e-01 1.384229383157067721e-02
8.400000000000003297e-02 5.388277951399705890e-01 1.372274960693080359e-02
8.600000000000003475e-02 5.297164250633380478e-01 1.331531884485744749e-02
8.800000000000003653e-02 4.889107034885896153e-01 1.318070929062113532e-02
9.000000000000003830e-02 4.839384906932829300e-01 1.328893071289135100e-02
9.200000000000004008e-02 4.642126352674273981e-01 1.322112950726147228e-02
9.400000000000004186e-02 4.574655081513571697e-01 1.309516894373644394e-02
9.600000000000004363e-02 4.399746419915190887e-01 1.305707888259753299e-02
9.800000000000004541e-02 4.137284625934348758e-01 1.303506047467371982e-02
1.000000000000000056e-01 4.023696007332926428e-01 1.302426899959996907e-02
1.050000000000000100e-01 3.767653199032524602e-01 8.031772723161181501e-03
1.100000000000000144e-01 3.413224312887633283e-01 7.873252360869066255e-03
1.150000000000000189e-01 3.187921218951189073e-01 7.699894493618836440e-03
1.200000000000000233e-01 2.823399754401698103e-01 7.553884048064879626e-03
1.250000000000000278e-01 2.628197966253068008e-01 7.502294772780481596e-03
1.300000000000000322e-01 2.323792763365412906e-01 7.716621668397542939e-03
1.350000000000000366e-01 2.114952608284142443e-01 7.456465097735005647e-03
1.400000000000000411e-01 2.016833924428874381e-01 7.291676973866051577e-03
1.450000000000000455e-01 1.842246343697015454e-01 7.159366197516564209e-03
1.500000000000000500e-01 1.724610627730656931e-01 7.207636440148004753e-03
1.550000000000000544e-01 1.724814325946834870e-01 7.405380723046263089e-03
1.600000000000000588e-01 1.335200498131789704e-01 7.471923754140231272e-03
1.650000000000000633e-01 1.357714748258977422e-01 7.458132485325292237e-03
1.700000000000000677e-01 1.223464448169411939e-01 7.556357703175357009e-03
1.750000000000000722e-01 1.263023444262678374e-01 7.558995503705551004e-03
1.800000000000000766e-01 1.074534535980836425e-01 7.488625156659538262e-03
1.850000000000000810e-01 9.233715371335153577e-02 7.447883300429688699e-03
1.900000000000000855e-01 9.571511917728474372e-02 7.421297427367092546e-03
1.950000000000000899e-01 9.386743352124427009e-02 7.466160071946528060e-03
2.000000000000000944e-01 8.388943677230509266e-02 6.909922476387431005e-03
2.050000000000000988e-01 7.882706758140045622e-02 7.095507378046649570e-03
2.100000000000001033e-01 7.482532989677220803e-02 6.912637838157238181e-03
2.150000000000001077e-01 7.139855115286533604e-02 6.992128400239094703e-03
2.200000000000001121e-01 7.901563015588333738e-02 6.803785569566733749e-03
2.250000000000001166e-01 6.440844496102143824e-02 6.624821631006596288e-03
2.300000000000001210e-01 6.826624875427268757e-02 6.659820803116497240e-03
2.350000000000001255e-01 5.538894361122309595e-02 6.590916994223586754e-03
2.400000000000001299e-01 6.979744809373010506e-02 6.809996444625717772e-03
2.450000000000001343e-01 6.079824666550383977e-02 7.090805072089974119e-03
2.500000000000001110e-01 5.712502164718116088e-02 6.885436389307384927e-03
2.550000000000001155e-01 4.885379603794723358e-02 7.367810898251130405e-03
2.600000000000001199e-01 4.756600562021980061e-02 7.202556996088052034e-03
2.650000000000001243e-01 3.423650708864815762e-02 7.425305779612094599e-03
2.700000000000001288e-01 4.926211119420901424e-02 7.427311668032176260e-03
2.750000000000001332e-01 3.589781160595838932e-02 7.147731749227075396e-03
2.800000000000001377e-01 4.913327862133134299e-02 7.933960763673779046e-03
2.850000000000001421e-01 3.359643179658676482e-02 7.515001502391718824e-03
2.900000000000001465e-01 4.892977023301277317e-02 7.743592543789261547e-03
2.950000000000001510e-01 3.912352369604792796e-02 7.294599513938502568e-03
3.000000000000001554e-01 3.432160532820768828e-02 7.755738611781873293e-03
3.050000000000001599e-01 2.956215467234997799e-02 7.452379513410150626e-03
3.100000000000001643e-01 4.343462948011882208e-02 7.291842761060107064e-03
3.150000000000001688e-01 3.527650159154493287e-02 7.366113955700853179e-03
3.200000000000001732e-01 3.252961747533390791e-02 7.301456718104067968e-03
3.250000000000001776e-01 3.612300163952286702e-02 7.070987541101466517e-03
3.300000000000001821e-01 3.788849468374980156e-02 6.952802930307416286e-03
3.350000000000001865e-01 3.116604170682230751e-02 6.774289504131199638e-03
3.400000000000001910e-01 4.192840887864224958e-02 6.792164241286569558e-03
3.450000000000001954e-01 3.687501011193780598e-02 6.950905056825820369e-03
3.500000000000001998e-01 2.928731371400297712e-02 6.568336951134778716e-03
3.550000000000002043e-01 3.664952821728961058e-02 6.724092658047188878e-03
3.600000000000002087e-01 2.599051751570157637e-02 6.743695535734265181e-03
3.650000000000002132e-01 3.162933052920257476e-02 6.785031420142220888e-03
3.700000000000002176e-01 2.819857138299736166e-02 6.668289023105514017e-03
3.750000000000002220e-01 3.519627779885186464e-02 6.207042325490987750e-03
3.800000000000002265e-01 2.911497949992548559e-02 6.089942283638736728e-03
3.850000000000002309e-01 2.836910952284481605e-02 6.258534521218966917e-03
3.900000000000002354e-01 3.247618394056991237e-02 6.054122200504535173e-03
3.950000000000002398e-01 3.160934402874209653e-02 5.981098701519396189e-03
4.000000000000002442e-01 2.351495352636746167e-02 6.040152062481205994e-03
4.050000000000002487e-01 3.274476473818099809e-02 6.794353323937789291e-03
4.100000000000002531e-01 2.926093946207544358e-02 6.533967191974571556e-03
4.150000000000002576e-01 2.474117735007894461e-02 6.966048469528730858e-03
4.200000000000002620e-01 3.015844998481024067e-02 5.841099935144786898e-03
4.250000000000002665e-01 2.431941051773302970e-02 5.882283846963921176e-03
4.300000000000002709e-01 2.314798792903460106e-02 5.990827424570353485e-03
4.350000000000002753e-01 2.264433422304109808e-02 5.957114847965520182e-03
4.400000000000002798e-01 2.323228454709330704e-02 5.841146501014696929e-03
4.450000000000002842e-01 2.666660248508911230e-02 5.719125555144284091e-03
4.500000000000002887e-01 2.709805825784342148e-02 5.868292207052830389e-03
4.550000000000002931e-01 2.148315458342653708e-02 5.681693949247453024e-03
4.600000000000002975e-01 3.252058207807431711e-02 5.769994093013120287e-03
4.650000000000003020e-01 2.119747022858307559e-02 5.570658139363516420e-03
4.700000000000003064e-01 3.033232254060549971e-02 5.849444751084099947e-03
4.750000000000003109e-01 2.419731774138485919e-02 5.453836709307644838e-03
4.800000000000003153e-01 2.166902774331050038e-02 5.809768817329496494e-03
4.850000000000003197e-01 2.187102095944715163e-02 5.620073545730026876e-03
4.900000000000003242e-01 2.160115084194833696e-02 5.535768550936483005e-03
4.950000000000003286e-01 2.448245796218225315e-02 5.235805256061352303e-03
5.000000000000000000e-01 2.608736886953538434e-02 6.132696434729279465e-03
5.100000000000000089e-01 2.172823825047073484e-02 3.859870695500858782e-03
5.200000000000000178e-01 1.984089675309370568e-02 3.670322956791554573e-03
5.300000000000000266e-01 2.380028303130484607e-02 3.707371545362708656e-03
5.400000000000000355e-01 2.329614372965002622e-02 3.600954460418635903e-03
5.500000000000000444e-01 1.516710415869882908e-02 3.521789718702480771e-03
5.600000000000000533e-01 2.427932554026335926e-02 3.451532157686407545e-03
5.700000000000000622e-01 1.602177258241479704e-02 3.391422236895088455e-03
5.800000000000000711e-01 2.213400122914409643e-02 3.462103478310535071e-03
5.900000000000000799e-01 1.911793582898521637e-02 3.411670848502792227e-03
6.000000000000000888e-01 1.340208663655667945e-02 3.521373735759609006e-03
6.100000000000000977e-01 1.905952211966878765e-02 3.443876592436073084e-03
6.200000000000001066e-01 1.659266203920582022e-02 3.377188784503617168e-03
6.300000000000001155e-01 1.944400118978773309e-02 3.325571728149823679e-03
6.400000000000001243e-01 2.011813794298152741e-02 3.328659956780461154e-03
6.500000000000001332e-01 1.585502426986037591e-02 3.261245579788062468e-03
6.600000000000001421e-01 2.453584125099293745e-02 3.255853724833091510e-03
6.700000000000001510e-01 1.817924512001741974e-02 3.298864357855015896e-03
6.800000000000001599e-01 1.805283613805405349e-02 3.259769653370804977e-03
6.900000000000001688e-01 1.858475745180129465e-02 3.239062311866976705e-03
7.000000000000001776e-01 1.618483386472031882e-02 3.289215575892998501e-03
7.100000000000001865e-01 1.445522533824242055e-02 3.182931676401319025e-03
7.200000000000001954e-01 1.409105846669997386e-02 3.252370287087059074e-03
7.300000000000002043e-01 1.637875659123314009e-02 3.246479700223200201e-03
7.400000000000002132e-01 1.647220150738760991e-02 3.253098469624929063e-03
7.500000000000002220e-01 1.586446216205326248e-02 3.196525955505985939e-03
7.600000000000002309e-01 1.303494518598570864e-02 3.261772360742915596e-03
7.700000000000002398e-01 1.869242352420617814e-02 3.283337469251000791e-03
7.800000000000002487e-01 1.540701257088723103e-02 3.339973588877208268e-03
7.900000000000002576e-01 1.809969901391715250e-02 3.336982335764162623e-03
8.000000000000002665e-01 1.394740782045061564e-02 3.326755003153047518e-03
8.100000000000002753e-01 1.951238509615991351e-02 3.300936964810803273e-03
8.200000000000002842e-01 1.352980110174590092e-02 3.314363894409739272e-03
8.300000000000002931e-01 1.451561108324689840e-02 3.379706061895771177e-03
8.400000000000003020e-01 1.322000780449398422e-02 3.436485320631281915e-03
8.500000000000003109e-01 1.499079283750366122e-02 3.417016338106592353e-03
8.600000000000003197e-01 1.034668441707715242e-02 3.467848461319569722e-03
8.700000000000003286e-01 1.053571689041744516e-02 3.404165792865092386e-03
8.800000000000003375e-01 1.462618611488472088e-02 3.302095346220296039e-03
8.900000000000003464e-01 1.025940665394553530e-02 3.212755055544137730e-03
9.000000000000003553e-01 1.411454001978673656e-02 3.192299819569554588e-03
9.100000000000003642e-01 1.726536559510023078e-02 3.250777731513996779e-03
9.200000000000003730e-01 1.171511607804849239e-02 3.245245898784880623e-03
9.300000000000003819e-01 1.185406300459202443e-02 3.220619555829412530e-03
9.400000000000003908e-01 1.222066794272476387e-02 3.249449136136905742e-03
9.500000000000003997e-01 1.193486571880126960e-02 3.306732497475183170e-03
9.600000000000004086e-01 9.660838364777542958e-03 3.274566849698567171e-03
9.700000000000004174e-01 1.338488877486962783e-02 3.318055803834728690e-03
9.800000000000004263e-01 1.155680687453088627e-02 3.412882792567091712e-03
9.900000000000004352e-01 8.951770158407802019e-03 3.452176166902424549e-03
1.000000000000000000e+00 1.271881449697232630e-02 3.495037477600376231e-03
1.030000000000000027e+00 1.426143571179622552e-02 2.159386790382530376e-03
1.060000000000000053e+00 1.097383740745453036e-02 2.284883881571812218e-03
1.090000000000000080e+00 1.158775101332260374e-02 2.412105167111888021e-03
1.120000000000000107e+00 1.243969510743444563e-02 2.407973721574206954e-03
1.150000000000000133e+00 1.085657430100855914e-02 2.420380724194283288e-03
1.180000000000000160e+00 1.415722779912499327e-02 2.783012186086931093e-03
1.210000000000000187e+00 1.295686001936434580e-02 3.114107906026320448e-03
1.240000000000000213e+00 1.376465262843772248e-02 3.359972222908894600e-03
1.270000000000000240e+00 1.155145433154033084e-02 3.647903182473926243e-03
1.300000000000000266e+00 1.455968643738021588e-02 3.991759014308022754e-03
1.330000000000000293e+00 1.304424661929228825e-02 4.494268916621546942e-03
1.360000000000000320e+00 1.520093516987458537e-02 5.048311568275179288e-03
1.390000000000000346e+00 1.341596461639814504e-02 6.510102315362296423e-03
1.420000000000000373e+00 1.448692926840394052e-02 6.886530998498585111e-03
1.450000000000000400e+00 1.570721224894946685e-02 7.073641848085602049e-03
1.480000000000000426e+00 1.492897439209387236e-02 7.766192940498794182e-03
1.510000000000000453e+00 1.642116945075847850e-02 8.661036919255415273e-03
1.540000000000000480e+00 1.533842813780616869e-02 9.729618960478594869e-03
1.570000000000000506e+00 1.310620392151947734e-02 1.093153450852565878e-02
1.600000000000000533e+00 1.421495609983061681e-02 1.222844297049349542e-02
1.630000000000000560e+00 1.658945478720902020e-02 1.370460615940009320e-02
1.660000000000000586e+00 1.689887507606449915e-02 1.531657888665896756e-02
1.690000000000000613e+00 1.304466347442656375e-02 1.690400193767608097e-02
1.720000000000000639e+00 9.177959482159332716e-03 1.855528681975041755e-02
1.750000000000000666e+00 1.062165841206919731e-02 2.044671399403118206e-02
1.780000000000000693e+00 1.279520622713590898e-02 2.363943743372510023e-02
1.810000000000000719e+00 6.053105155453414495e-03 2.657784915383448396e-02
1.840000000000000746e+00 4.391496407364025266e-03 2.819944409248422226e-02
1.870000000000000773e+00 2.804221161619433952e-03 2.896375055848618776e-02
1.900000000000000799e+00 2.196636771795398065e-03 3.010882013753918285e-02
1.930000000000000826e+00 1.057499777072058765e-03 3.113270724205377191e-02
1.960000000000000853e+00 1.348747144318452988e-03 3.200467891517951025e-02
1.990000000000000879e+00 -1.784460163745787194e-03 4.492508449050996305e-02
2.020000000000000906e+00 -1.551068368074337784e-03 3.358807055698009858e-02
2.050000000000000711e+00 -7.751866915819499932e-04 3.342334140833436162e-02
2.080000000000000959e+00 -2.571061176425076724e-03 3.257114897330248143e-02
2.110000000000001208e+00 3.089983394919788417e-03 3.117403299922305582e-02
2.140000000000001013e+00 -3.815311849889439257e-03 2.982331024596826530e-02
2.170000000000000817e+00 -1.179655484617829313e-03 2.798532044109673309e-02
2.200000000000001066e+00 -3.416659918231208359e-03 2.627683006630900098e-02
2.230000000000001315e+00 -3.204377196300785529e-03 2.495926166755128156e-02
2.260000000000001119e+00 7.692206088432934196e-04 2.393547517362103541e-02
2.290000000000000924e+00 -2.575082608059774646e-03 2.286403157787171569e-02
2.320000000000001172e+00 -3.071183687581535877e-03 2.193009426982256774e-02
2.350000000000001421e+00 -1.816009054867602154e-03 2.113089548408852297e-02
2.380000000000001226e+00 -1.339895012000196428e-03 2.123222565149079574e-02
2.410000000000001030e+00 -2.484504626957289262e-03 2.151914129389326941e-02
2.440000000000001279e+00 -2.671923431195322596e-03 2.037729452147899953e-02
2.470000000000001528e+00 -2.875055201343530015e-03 2.007157114297440995e-02
2.500000000000001332e+00 -1.666061699405008449e-03 1.957174564950390355e-02
2.530000000000001137e+00 -1.455695108788080446e-03 1.943454713660898101e-02
2.560000000000001386e+00 -1.219186462291406469e-03 1.944936769448978725e-02
2.590000000000001634e+00 -6.853798595975766706e-04 1.954397458784820282e-02
2.620000000000001439e+00 -1.776647533265032081e-03 1.964800517811009575e-02
2.650000000000001243e+00 -1.872909657906941024e-03 1.990667192309306111e-02
2.680000000000001492e+00 1.251365004951312306e-03 2.065093683063145072e-02
2.710000000000001741e+00 1.511563048607199485e-03 2.120811988092367525e-02
2.740000000000001545e+00 -1.254826497178383217e-03 2.155687643865383460e-02
2.770000000000001350e+00 2.645983644838870857e-04 2.173735105212133006e-02
2.800000000000001599e+00 -2.279090759761570606e-03 2.179650317444013774e-02
2.830000000000001847e+00 -4.254102035849828371e-04 2.174275073742054989e-02
2.860000000000001652e+00 1.698143784714784736e-03 2.159178001991533813e-02
2.890000000000001457e+00 -4.037285844050615149e-04 2.136230456810435385e-02
2.920000000000001705e+00 -2.794308135389650893e-04 2.100664796741127244e-02
2.950000000000001954e+00 1.779724747749400699e-03 2.066777441788676326e-02
2.980000000000001759e+00 -7.459781735241935007e-04 2.048206417188052839e-02
3.010000000000001563e+00 1.195548316567214553e-03 1.984042227677285108e-02
3.040000000000001812e+00 2.043521076746089484e-03 1.947163184426540031e-02
3.070000000000002061e+00 1.361423783633028753e-03 1.856583119070932472e-02
3.100000000000001865e+00 -3.739737807554591371e-04 1.845086577830186425e-02
3.130000000000001670e+00 -1.998788487497407500e-03 1.956604412853609615e-02
3.160000000000001918e+00 -5.848782716531539033e-04 1.903862400051279866e-02
3.190000000000002167e+00 4.078653315162472193e-04 1.941370098604510916e-02
