# q I sigma_shared_baseline
6.000000000000000125e-03 4.101774891275185020e+00 9.391697966494365613e-01
7.000000000000000146e-03 3.167203559121120726e+00 4.432436336089354834e-01
8.000000000000000167e-03 2.688884412524628953e+00 2.682915541470271004e-01
9.000000000000001055e-03 2.418235793044353432e+00 1.754863260327130248e-01
1.000000000000000021e-02 2.101099301026487343e+00 1.315114345661854423e-01
1.099999999999999936e-02 2.013460563421246352e+00 1.055836057684732682e-01
1.200000000000000025e-02 2.047558038659915702e+00 9.157703280391406298e-02
1.300000000000000114e-02 2.024191219933170416e+00 8.153475379062874451e-02
1.400000000000000203e-02 2.002676996790267339e+00 7.278653089869153991e-02
1.499999999999999944e-02 1.973733498592391111e+00 6.673171004385859695e-02
1.600000000000000033e-02 1.783628766759816742e+00 6.067467945963984921e-02
1.700000000000000122e-02 1.892095313586158678e+00 5.565268137662687797e-02
1.800000000000000211e-02 1.900466058569220129e+00 5.199908263862637603e-02
1.899999999999999953e-02 1.851960743176837010e+00 4.942836339181515271e-02
2.000000000000000042e-02 1.858579315916970343e+00 4.667368681875209285e-02
2.100000000000000130e-02 1.768895005562122424e+00 4.436389348175851649e-02
2.200000000000000219e-02 1.708067577728328290e+00 4.275642458051985562e-02
2.300000000000000308e-02 1.695666518334268735e+00 4.063342747304304198e-02
2.400000000000000050e-02 1.682185148390834550e+00 3.934542194171824353e-02
2.500000000000000139e-02 1.629160534313111919e+00 3.798708879798559646e-02
2.600000000000000228e-02 1.666272779650849190e+00 3.745128008704920464e-02
2.699999999999999969e-02 1.606990926014675969e+00 3.638468851359676765e-02
2.800000000000000058e-02 1.622245307491732014e+00 3.479800490858801776e-02
2.900000000000000147e-02 1.550328901289283356e+00 3.429554829119678405e-02
3.000000000000000236e-02 1.538730938973449369e+00 3.353935661745102714e-02
3.100000000000000325e-02 1.574480699688654672e+00 3.307923547276412496e-02
3.200000000000000067e-02 1.533315429105344574e+00 3.234618981117612369e-02
3.300000000000000155e-02 1.509392528319095872e+00 3.128108339100887925e-02
3.400000000000000244e-02 1.418310589189268223e+00 3.079259577378230806e-02
3.499999999999999639e-02 1.488414852942283817e+00 3.022293344735064655e-02
3.599999999999999728e-02 1.392603663401867697e+00 2.936745727224693986e-02
3.699999999999999817e-02 1.405034776213885062e+00 2.918532261980211553e-02
3.799999999999999906e-02 1.365128242238240475e+00 2.882800413094910308e-02
3.899999999999999994e-02 1.378284813660832997e+00 2.840523503245556344e-02
4.000000000000000083e-02 1.364721445270986599e+00 2.786825265183215730e-02
4.100000000000000172e-02 1.289907043358123895e+00 2.736545861623693870e-02
4.199999999999999567e-02 1.316453302112668977e+00 2.713337600335040747e-02
4.299999999999999656e-02 1.256471366447157179e+00 2.640009961953051348e-02
4.399999999999999745e-02 1.198504719912707239e+00 2.589516425562858257e-02
4.499999999999999833e-02 1.205305487965691924e+00 2.603838401346893899e-02
4.599999999999999922e-02 1.189890672730618437e+00 2.527036986482597905e-02
4.700000000000000011e-02 1.190141820119863469e+00 2.469525606615290830e-02
4.800000000000000100e-02 1.151558108049009155e+00 2.443318175032005782e-02
4.899999999999999495e-02 1.102727895643662803e+00 2.426988575549161170e-02
5.000000000000000278e-02 1.077982585991772879e+00 2.388859906540592715e-02
5.200000000000000455e-02 1.033358493073565310e+00 1.655583287693816047e-02
5.400000000000000633e-02 1.003999805239351284e+00 1.608930256575963336e-02
5.600000000000000810e-02 9.519656334481298998e-01 1.609041655098507675e-02
5.800000000000000988e-02 9.654781500821221218e-01 1.629006591649041769e-02
6.000000000000001166e-02 8.666144640990649517e-01 1.614604163248896038e-02
6.200000000000001343e-02 8.689363512513023080e-01 1.559469821646666289e-02
6.400000000000001521e-02 8.233513349275214388e-01 1.504894683592112800e-02
6.600000000000001699e-02 7.569119316273159592e-01 1.465198387617074917e-02
6.800000000000001876e-02 7.713373977225412848e-01 1.436011186717504710e-02
7.000000000000002054e-02 7.018853688724850937e-01 1.410197027956596079e-02
7.200000000000002232e-02 6.996616655937225593e-01 1.367498331619648386e-02
7.400000000000002409e-02 6.701824014908395188e-01 1.380459613669195867e-02
7.600000000000002587e-02 6.456301558721321276e-01 1.368835458171231874e-02
7.800000000000002764e-02 6.125751556248744123e-01 1.324665752056828835e-02
8.000000000000002942e-02 6.018159538322541691e-01 1.329764560866626526e-02
8.200000000000003120e-02 5.689492792047217140e-01 1.343955938453848288e-02
8.400000000000003297e-02 5.515566118607242441e-01 1.332168662345475062e-02
8.600000000000003475e-02 5.456509548347131533e-01 1.292964281586377571e-02
8.800000000000003653e-02 5.050699978029630222e-01 1.279909691823662675e-02
9.000000000000003830e-02 4.856477072987940846e-01 1.289959139407363155e-02
9.200000000000004008e-02 4.696104042491563435e-01 1.283067088197321730e-02
9.400000000000004186e-02 4.629921322755639612e-01 1.271187578479246634e-02
9.600000000000004363e-02 4.478898781123102912e-01 1.267340303881527540e-02
9.800000000000004541e-02 4.211830577996465430e-01 1.265343042516912236e-02
1.000000000000000056e-01 4.143550598049274836e-01 1.264371608068062813e-02
1.050000000000000100e-01 3.832278494615494191e-01 7.794355287280398462e-03
1.100000000000000144e-01 3.446932163782286396e-01 7.638097704985514352e-03
1.150000000000000189e-01 3.240987388317494444e-01 7.470610713701577796e-03
1.200000000000000233e-01 2.879329289535831338e-01 7.326628185670793804e-03
1.250000000000000278e-01 2.693989787384680756e-01 7.273522026608087408e-03
1.300000000000000322e-01 2.370945606516828841e-01 7.481749049139797478e-03
1.350000000000000366e-01 2.223974882233049344e-01 7.225413430846483465e-03
1.400000000000000411e-01 2.075210754720302475e-01 7.067571577030948987e-03
1.450000000000000455e-01 1.894933578352205328e-01 6.939230361123488108e-03
1.500000000000000500e-01 1.799074760216148594e-01 6.985046809211603071e-03
1.550000000000000544e-01 1.755780250371100637e-01 7.179399513405238832e-03
1.600000000000000588e-01 1.377165966818771348e-01 7.285683904305070326e-03
1.650000000000000633e-01 1.397561865808367998e-01 7.225134727951254207e-03
1.700000000000000677e-01 1.274640708888652718e-01 7.322653416258977956e-03
1.750000000000000722e-01 1.341158377255173006e-01 7.323550348215452852e-03
1.800000000000000766e-01 1.109920949358202819e-01 7.257064933132121622e-03
1.850000000000000810e-01 9.673090244636685375e-02 7.213787787000603725e-03
1.900000000000000855e-01 9.686420066021235453e-02 7.189647258886139487e-03
1.950000000000000899e-01 9.681663099093798519e-02 7.233177410714857446e-03
2.000000000000000944e-01 9.067852523198542680e-02 6.690234597348431768e-03
2.050000000000000988e-01 7.755350258300194866e-02 6.869861998928800464e-03
2.100000000000001033e-01 7.751800555129528814e-02 6.704222082473018998e-03
2.150000000000001077e-01 7.244107174286379403e-02 6.766921968466771582e-03
2.200000000000001121e-01 7.773326126530152869e-02 6.591958939421272735e-03
2.250000000000001166e-01 6.080560700220848797e-02 6.434118875164600466e-03
2.300000000000001210e-01 6.876990624806231245e-02 6.438483198475977894e-03
2.350000000000001255e-01 5.837494403952028788e-02 6.377005388364645824e-03
2.400000000000001299e-01 7.141102200754671780e-02 6.597067551444213938e-03
2.450000000000001343e-01 6.115469197711514288e-02 6.866231305435949520e-03
2.500000000000001110e-01 5.690057463871953797e-02 6.673191519943243166e-03
2.550000000000001155e-01 4.645812425636610538e-02 7.145342765174293558e-03
2.600000000000001199e-01 5.024034210789433269e-02 6.995804350686717077e-03
2.650000000000001243e-01 3.518638251205587902e-02 7.205128582414639833e-03
2.700000000000001288e-01 5.075296797726439740e-02 7.195093688202419159e-03
2.750000000000001332e-01 3.789443702676233150e-02 6.936628742514643758e-03
2.800000000000001377e-01 5.165681895808042073e-02 7.683147825575321194e-03
2.850000000000001421e-01 4.160359204628012730e-02 7.311171306085066136e-03
2.900000000000001465e-01 5.456391780482171966e-02 7.484417427433328468e-03
2.950000000000001510e-01 4.142614106450770439e-02 7.050181207165820939e-03
3.000000000000001554e-01 3.933138838070080606e-02 7.513697539109406159e-03
3.050000000000001599e-01 3.335439575990339217e-02 7.234987921379119717e-03
3.100000000000001643e-01 4.378940350288142852e-02 7.045914908255052241e-03
3.150000000000001688e-01 3.165009878296178025e-02 7.123853517570464221e-03
3.200000000000001732e-01 3.155840874642868582e-02 7.081058703815370885e-03
3.250000000000001776e-01 3.248703261195051706e-02 6.876990250506069373e-03
3.300000000000001821e-01 3.665705625734364675e-02 6.715116133559501273e-03
3.350000000000001865e-01 3.099453442696465180e-02 6.564740649352062904e-03
3.400000000000001910e-01 3.623777806752061931e-02 6.561832421423078807e-03
3.450000000000001954e-01 3.336859452007459592e-02 6.734578849906218932e-03
3.500000000000001998e-01 3.094790092577661203e-02 6.354667177215003564e-03
3.550000000000002043e-01 3.846776292768569472e-02 6.493749124390700046e-03
3.600000000000002087e-01 2.090683436661361361e-02 6.540053513917162831e-03
3.650000000000002132e-01 3.016107645491138481e-02 6.577468321322110789e-03
3.700000000000002176e-01 3.172790702314022548e-02 6.452656010670415263e-03
3.750000000000002220e-01 3.683897820638126763e-02 6.002016614282188259e-03
3.800000000000002265e-01 3.276108371979601780e-02 5.884479217922821900e-03
3.850000000000002309e-01 2.823592981117349979e-02 6.043835605121969032e-03
3.900000000000002354e-01 3.191328019804260535e-02 5.873008881584673192e-03
3.950000000000002398e-01 2.806783362085893754e-02 5.787595378254337987e-03
4.000000000000002442e-01 2.511039715522592891e-02 5.865385624361331603e-03
4.050000000000002487e-01 3.215346060725715605e-02 6.573273151987355130e-03
4.100000000000002531e-01 2.769912397848384167e-02 6.336463614694613430e-03
4.150000000000002576e-01 2.867104504837578866e-02 6.743208653046745688e-03
4.200000000000002620e-01 3.193059321974084375e-02 5.656051915415604911e-03
4.250000000000002665e-01 2.472387486931291317e-02 5.699764247015721638e-03
4.300000000000002709e-01 2.449278017716451789e-02 5.802502406742920775e-03
4.350000000000002753e-01 2.287560724540406085e-02 5.774632455031908883e-03
4.400000000000002798e-01 2.512247433539464142e-02 5.643469660989320486e-03
4.450000000000002842e-01 2.710490232156234289e-02 5.537165481261895929e-03
4.500000000000002887e-01 3.066159401227650655e-02 5.663847636557514664e-03
4.550000000000002931e-01 2.418899057016129020e-02 5.501682294526515950e-03
4.600000000000002975e-01 3.165596801028717350e-02 5.603600671128201871e-03
4.650000000000003020e-01 2.681245738926293573e-02 5.386934392671258696e-03
4.700000000000003064e-01 3.148057402023119594e-02 5.674259406909500092e-03
4.750000000000003109e-01 2.475204644704105672e-02 5.277929762013612580e-03
4.800000000000003153e-01 2.130484812459538732e-02 5.632064924498656443e-03
4.850000000000003197e-01 2.262737113077015888e-02 5.456034761860933079e-03
4.900000000000003242e-01 2.330441831649717951e-02 5.368203347523648958e-03
4.950000000000003286e-01 2.449108281140293178e-02 5.069285563736752355e-03
5.000000000000000000e-01 2.739638100447772118e-02 5.938788452823513461e-03
5.100000000000000089e-01 2.253452770426674773e-02 3.731776525984228845e-03
5.200000000000000178e-01 1.937556957384623316e-02 3.559652705596650507e-03
5.300000000000000266e-01 2.544939684194024235e-02 3.591797461416367659e-03
5.400000000000000355e-01 2.473913215562797280e-02 3.488034757315768789e-03
5.500000000000000444e-01 1.751736823317186220e-02 3.412903163514680645e-03
5.600000000000000533e-01 2.305843448139209897e-02 3.344078507676306704e-03
5.700000000000000622e-01 1.733528122747031441e-02 3.288901919536265164e-03
5.800000000000000711e-01 2.385575328624287700e-02 3.353179268988322904e-03
5.900000000000000799e-01 1.978708942294455861e-02 3.304887568438455003e-03
6.000000000000000888e-01 1.454010260565014034e-02 3.412752050228405436e-03
6.100000000000000977e-01 1.799837651226680185e-02 3.342130631751284112e-03
6.200000000000001066e-01 1.563293562704266837e-02 3.272001022503823534e-03
6.300000000000001155e-01 2.033104635777378821e-02 3.218293238184188627e-03
6.400000000000001243e-01 1.851143569345334999e-02 3.230156238958661972e-03
6.500000000000001332e-01 1.536743568640235209e-02 3.158730709267084952e-03
6.600000000000001421e-01 2.244076419903885677e-02 3.151734938843229073e-03
6.700000000000001510e-01 1.757993360487512119e-02 3.198475722944876375e-03
6.800000000000001599e-01 1.636335106604198952e-02 3.157430765026274233e-03
6.900000000000001688e-01 2.025833458208827972e-02 3.132109467991568783e-03
7.000000000000001776e-01 1.549496042754395890e-02 3.189008309843639581e-03
7.100000000000001865e-01 1.590657262428175900e-02 3.081343560889534747e-03
7.200000000000001954e-01 1.433113984016469791e-02 3.147135665215087565e-03
7.300000000000002043e-01 1.657026442942869521e-02 3.148216866410977807e-03
7.400000000000002132e-01 1.717723422605484107e-02 3.152648855430110510e-03
7.500000000000002220e-01 1.485012058245300907e-02 3.095329287894175909e-03
7.600000000000002309e-01 1.155272305154858570e-02 3.159528447862939432e-03
7.700000000000002398e-01 1.848435385830025229e-02 3.182116739476939342e-03
7.800000000000002487e-01 1.655725708254632972e-02 3.234932676682633363e-03
7.900000000000002576e-01 1.716616181200849786e-02 3.230051494705868994e-03
8.000000000000002665e-01 1.443150645725852638e-02 3.223272169142155259e-03
8.100000000000002753e-01 2.071710340207600851e-02 3.198190189243371902e-03
8.200000000000002842e-01 1.419786324097917045e-02 3.209053576604383069e-03
8.300000000000002931e-01 1.516534945587656551e-02 3.273645577802241323e-03
8.400000000000003020e-01 1.361739413065349465e-02 3.332067398300122673e-03
8.500000000000003109e-01 1.650385454124942211e-02 3.310992274794551712e-03
8.600000000000003197e-01 1.142417231125588718e-02 3.359093681312122232e-03
8.700000000000003286e-01 9.364177230191140025e-03 3.292806221927116993e-03
8.800000000000003375e-01 1.342200958800978880e-02 3.196465081883528500e-03
8.900000000000003464e-01 9.224360433873158779e-03 3.108816838615315568e-03
9.000000000000003553e-01 1.556222023732777363e-02 3.091884985608780393e-03
9.100000000000003642e-01 1.545536291257814179e-02 3.145112661215491903e-03
9.200000000000003730e-01 1.192432193860779727e-02 3.142360836480506681e-03
9.300000000000003819e-01 1.178995763711581345e-02 3.117881516761148927e-03
9.400000000000003908e-01 1.284247813447283657e-02 3.147913906342015341e-03
9.500000000000003997e-01 1.212591776949463289e-02 3.202518585567562439e-03
9.600000000000004086e-01 1.250149493741723426e-02 3.169727388302126785e-03
9.700000000000004174e-01 1.330614774618597146e-02 3.213868053446801605e-03
9.800000000000004263e-01 1.177099206803080590e-02 3.304835087071514819e-03
9.900000000000004352e-01 8.268238950316055685e-03 3.343458828066752861e-03
1.000000000000000000e+00 1.248754836814223133e-02 3.386742336941482839e-03
1.030000000000000027e+00 1.383262388815853505e-02 2.090937022543669366e-03
1.060000000000000053e+00 1.113677961602941267e-02 2.212560857626955264e-03
1.090000000000000080e+00 1.149910412027841528e-02 2.334573514981478411e-03
1.120000000000000107e+00 1.273433183116956698e-02 2.332122840184460040e-03
1.150000000000000133e+00 1.096696928921936376e-02 2.343539314691617335e-03
1.180000000000000160e+00 1.401263244017063488e-02 2.695045063237984373e-03
1.210000000000000187e+00 1.415853830470417164e-02 3.015571992933802764e-03
1.240000000000000213e+00 1.380629999978662259e-02 3.254163018276243387e-03
1.270000000000000240e+00 1.164263877786337990e-02 3.532222833897928366e-03
1.300000000000000266e+00 1.474790218715187583e-02 3.864938860558586684e-03
1.330000000000000293e+00 1.389084405421667917e-02 4.351538516613618485e-03
1.360000000000000320e+00 1.478945431969849213e-02 4.888363692031823943e-03
1.390000000000000346e+00 1.443620126369067440e-02 6.302083725393617560e-03
1.420000000000000373e+00 1.549351036562769506e-02 6.668794920633243709e-03
1.450000000000000400e+00 1.663324097164880014e-02 6.848544723034592080e-03
1.480000000000000426e+00 1.514786028591532697e-02 7.520429435796701159e-03
1.510000000000000453e+00 1.656666551248293581e-02 8.386163095195369246e-03
1.540000000000000480e+00 1.637827887366612167e-02 9.420784240687738592e-03
1.570000000000000506e+00 1.303170878516097912e-02 1.058443377240924493e-02
1.600000000000000533e+00 1.512612486122746555e-02 1.184059395091535336e-02
1.630000000000000560e+00 1.689775494519483653e-02 1.327074619911842480e-02
1.660000000000000586e+00 1.638976310414736598e-02 1.483155461554637629e-02
1.690000000000000613e+00 1.373360966678647405e-02 1.636818946650259177e-02
1.720000000000000639e+00 9.905477817188311149e-03 1.796677075668348320e-02
1.750000000000000666e+00 1.070316869779395531e-02 1.979842847715106505e-02
1.780000000000000693e+00 1.174428759043256131e-02 2.289105468392923365e-02
1.810000000000000719e+00 8.371944364609444286e-03 2.573480802480077739e-02
1.840000000000000746e+00 4.361619171417267272e-03 2.730424431166149704e-02
1.870000000000000773e+00 2.968540231397570357e-03 2.804482536846430660e-02
1.900000000000000799e+00 2.109451871034462907e-03 2.915332284070298874e-02
1.930000000000000826e+00 9.559816542866486850e-04 3.014501259272378900e-02
1.960000000000000853e+00 3.962780761854475207e-05 3.098904793081134687e-02
1.990000000000000879e+00 -2.185524656736164036e-03 4.350232784074902631e-02
2.020000000000000906e+00 -1.568337075018980554e-03 3.252254001614853646e-02
2.050000000000000711e+00 1.026119900851531859e-03 3.236215509576420568e-02
2.080000000000000959e+00 -3.377995987591561437e-03 3.153864215991705744e-02
2.110000000000001208e+00 3.302930620817607320e-03 3.018444963214343343e-02
2.140000000000001013e+00 -3.270794366656565397e-03 2.887749606757854248e-02
2.170000000000000817e+00 -1.521794764010488479e-03 2.709756157231580156e-02
2.200000000000001066e+00 -4.351432408594304788e-03 2.544163820700620984e-02
2.230000000000001315e+00 -3.017391936579727745e-03 2.416723119963158986e-02
2.260000000000001119e+00 9.840821750572929360e-04 2.317488390579138316e-02
2.290000000000000924e+00 -1.864857611399017064e-03 2.213815046073023748e-02
2.320000000000001172e+00 -3.198325649974975010e-03 2.123280799210917197e-02
2.350000000000001421e+00 -6.111682493568111737e-04 2.045992923755998033e-02
2.380000000000001226e+00 -5.418995619233855183e-04 2.055674782634116585e-02
2.410000000000001030e+00 -1.117122764284153450e-03 2.083562588760441009e-02
2.440000000000001279e+00 -2.154354483446496195e-03 1.972981841955067858e-02
2.470000000000001528e+00 -3.246683968614136155e-03 1.943389432755162488e-02
2.500000000000001332e+00 -1.396402951353658975e-03 1.895021241308037646e-02
2.530000000000001137e+00 -4.185463355440766824e-04 1.881729140415108054e-02
2.560000000000001386e+00 -8.699287651703421905e-04 1.883096309475361732e-02
2.590000000000001634e+00 -1.201850751986694886e-03 1.892350745880614152e-02
2.620000000000001439e+00 -1.780460150772801781e-03 1.902435283521172055e-02
2.650000000000001243e+00 -1.042967026934428108e-03 1.927446773238015651e-02
2.680000000000001492e+00 1.967968941671487809e-03 1.999504365265919806e-02
2.710000000000001741e+00 2.276772227582142191e-03 2.053284999732496452e-02
2.740000000000001545e+00 -1.043126907674316040e-03 2.087214567231892096e-02
2.770000000000001350e+00 1.774097311028818890e-03 2.104706434804779619e-02
2.800000000000001599e+00 -5.646306288819148526e-04 2.110349978471763241e-02
2.830000000000001847e+00 5.486687820249946598e-04 2.105232807368498382e-02
2.860000000000001652e+00 1.340681860722810551e-03 2.090623392653884541e-02
2.890000000000001457e+00 -2.462153822570388749e-05 2.068498516175284671e-02
2.920000000000001705e+00 -3.854401284703727637e-04 2.034010708636683346e-02
2.950000000000001954e+00 1.651868764494502121e-03 2.001214334729974412e-02
2.980000000000001759e+00 -2.797983244099611815e-04 1.983183617857401521e-02
3.010000000000001563e+00 1.522526484886112556e-03 1.921147927615760032e-02
3.040000000000001812e+00 1.601979714569344787e-03 1.885211016014795571e-02
3.070000000000002061e+00 2.410208129755323728e-03 1.797616820007683427e-02
3.100000000000001865e+00 2.943167015073476327e-04 1.786369500290615336e-02
3.130000000000001670e+00 -2.250083453339210733e-03 1.894742887762734113e-02
3.160000000000001918e+00 -5.357045049818172323e-04 1.843456995173833879e-02
3.190000000000002167e+00 2.500236190622598842e-04 1.879828828365039464e-02
