# q_A^-1 I_arbitrary conditional_sigma; scale: sum of elution coefficients = 1
5.000000000000000104e-03 1.868179725732815655e+02 6.556378501308664397e+01
6.000000000000000125e-03 1.690499251929383036e+02 2.988793426686350685e+01
7.000000000000000146e-03 1.493413728896039743e+02 1.458316070022239863e+01
8.000000000000000167e-03 1.343055214442664749e+02 7.910270649713717184e+00
9.000000000000001055e-03 1.328564155131861071e+02 5.006053046994550115e+00
1.000000000000000021e-02 1.322868294370570368e+02 3.624425519727974443e+00
1.099999999999999936e-02 1.306919347033659164e+02 2.824159083316504670e+00
1.200000000000000025e-02 1.276677853182342517e+02 2.280416973547486847e+00
1.300000000000000114e-02 1.277231784595166459e+02 1.909646994912650220e+00
1.400000000000000203e-02 1.236113518417800208e+02 1.641403953405663918e+00
1.499999999999999944e-02 1.220260629184764127e+02 1.412685212649595234e+00
1.600000000000000033e-02 1.210141992166861655e+02 1.227786655937907812e+00
1.700000000000000122e-02 1.183645648836099156e+02 1.100113965219232659e+00
1.800000000000000211e-02 1.193443077538458397e+02 1.003586190933871247e+00
1.899999999999999953e-02 1.147046902565657831e+02 9.242480726959196868e-01
2.000000000000000042e-02 1.141167513526225008e+02 8.436946940877619872e-01
2.100000000000000130e-02 1.116771955243883099e+02 7.937668498091411395e-01
2.200000000000000219e-02 1.095662391861491471e+02 7.477567385400871736e-01
2.300000000000000308e-02 1.095213867241824914e+02 7.010924002952978462e-01
2.400000000000000050e-02 1.075084372204481440e+02 6.640889892298270647e-01
2.500000000000000139e-02 1.048722208435317356e+02 6.360643286213480962e-01
2.600000000000000228e-02 1.035804806532203344e+02 6.081954197357198888e-01
2.699999999999999969e-02 1.023726264054899104e+02 5.834112255819370318e-01
2.800000000000000058e-02 1.000470523033251311e+02 5.509514798060918261e-01
2.900000000000000147e-02 9.815919520272704801e+01 5.403077905560098593e-01
3.000000000000000236e-02 9.654066287249514744e+01 5.232920736430995978e-01
3.100000000000000325e-02 9.496725107091270957e+01 5.070007546015008471e-01
3.200000000000000067e-02 9.139524347165688312e+01 4.824924326985073342e-01
3.300000000000000155e-02 9.108711829441352847e+01 4.771056557174745416e-01
3.400000000000000244e-02 8.809772229660440246e+01 4.636290373219014160e-01
3.499999999999999639e-02 8.689412152696570502e+01 4.504250302909280079e-01
3.599999999999999728e-02 8.509957857055502473e+01 4.432735686028000388e-01
3.699999999999999817e-02 8.359747024080076017e+01 4.291488968693321082e-01
3.799999999999999906e-02 8.164314403188254232e+01 4.221861933610279172e-01
3.899999999999999994e-02 7.890338642915787659e+01 4.098418365501567684e-01
4.000000000000000083e-02 7.801569983514835371e+01 4.007717147178180839e-01
4.100000000000000172e-02 7.579190568888810731e+01 3.919691867343040315e-01
4.199999999999999567e-02 7.389971220973393429e+01 3.872002174548731523e-01
4.299999999999999656e-02 7.280883594824983618e+01 3.788782744446115847e-01
4.399999999999999745e-02 7.060346554965808252e+01 3.711094466116733881e-01
4.499999999999999833e-02 6.912863144633077184e+01 3.644128312961518179e-01
4.599999999999999922e-02 6.746649987269275073e+01 3.530363049287331689e-01
4.700000000000000011e-02 6.642093997263992833e+01 3.501453479631543297e-01
4.800000000000000100e-02 6.496328544146534512e+01 3.440507650802961948e-01
4.899999999999999495e-02 6.298334914048155753e+01 3.380947247339393114e-01
5.000000000000000278e-02 6.244675029260151433e+01 3.357668082627111583e-01
5.200000000000000455e-02 5.864768950120038937e+01 2.266797741338630601e-01
5.400000000000000633e-02 5.578989178332909660e+01 2.211983036300296523e-01
5.600000000000000810e-02 5.317306033752396388e+01 2.217718392216494472e-01
5.800000000000000988e-02 5.041306272973388047e+01 2.213547182272853631e-01
6.000000000000001166e-02 4.835328492925635402e+01 2.176554687449475944e-01
6.200000000000001343e-02 4.648787649494542507e+01 2.068599744691455300e-01
6.400000000000001521e-02 4.455024492876687248e+01 2.009340686931431752e-01
6.600000000000001699e-02 4.194872042359970976e+01 1.945551704936309967e-01
6.800000000000001876e-02 3.997223970485117661e+01 1.890902728365080887e-01
7.000000000000002054e-02 3.806658171912875588e+01 1.849520867233198085e-01
7.200000000000002232e-02 3.650355066419471939e+01 1.823178010455396292e-01
7.400000000000002409e-02 3.511414243141157954e+01 1.810017328720554819e-01
7.600000000000002587e-02 3.352033861202354359e+01 1.756622018132853458e-01
7.800000000000002764e-02 3.185565165485871830e+01 1.742173394897894301e-01
8.000000000000002942e-02 3.067073530836312756e+01 1.759578623401154285e-01
8.200000000000003120e-02 2.902932924736695952e+01 1.747066476768921461e-01
8.400000000000003297e-02 2.811253204957534280e+01 1.680426987706534203e-01
8.600000000000003475e-02 2.748155365145745321e+01 1.639499123108049683e-01
8.800000000000003653e-02 2.580422339021400191e+01 1.652339591454035084e-01
9.000000000000003830e-02 2.499507647240568531e+01 1.649285364498427331e-01
9.200000000000004008e-02 2.428334436970641264e+01 1.624658625760906361e-01
9.400000000000004186e-02 2.326687649518215295e+01 1.612480072735439640e-01
9.600000000000004363e-02 2.248852095548610563e+01 1.613796420408658006e-01
9.800000000000004541e-02 2.143890627239925095e+01 1.599966769827139423e-01
1.000000000000000056e-01 2.073761778309764736e+01 1.582298435771437306e-01
1.050000000000000100e-01 1.901796567928734660e+01 9.733585786503182180e-02
1.100000000000000144e-01 1.750882949951900969e+01 9.488428112289112870e-02
1.150000000000000189e-01 1.630632639694912456e+01 9.258731140566678341e-02
1.200000000000000233e-01 1.465180890951483406e+01 9.072242324793913792e-02
1.250000000000000278e-01 1.393299416629085208e+01 9.151387956668036172e-02
1.300000000000000322e-01 1.278242105277981366e+01 9.204135870398527652e-02
1.350000000000000366e-01 1.216349431350088395e+01 8.826778455368258780e-02
1.400000000000000411e-01 1.125056401516411775e+01 8.659833170739171526e-02
1.450000000000000455e-01 1.054122933338919665e+01 8.498432659644410136e-02
1.500000000000000500e-01 9.945712564740665229e+00 8.815822615850328614e-02
1.550000000000000544e-01 9.175264409011010258e+00 8.858894943467841843e-02
1.600000000000000588e-01 8.499949932858136492e+00 8.888003701501280551e-02
1.650000000000000633e-01 8.273325618847987784e+00 8.955927605227537169e-02
1.700000000000000677e-01 7.647442761407571510e+00 8.985893273094516798e-02
1.750000000000000722e-01 7.269058854598834607e+00 8.899936062229532596e-02
1.800000000000000766e-01 7.033559052542076806e+00 7.716160935469770776e-02
1.850000000000000810e-01 6.683865498123076065e+00 7.699681185483497892e-02
1.900000000000000855e-01 6.288612507284312869e+00 7.481898780495975509e-02
1.950000000000000899e-01 5.874481602937164482e+00 7.481968755073002686e-02
2.000000000000000944e-01 5.769380256006455987e+00 7.653115493095200006e-02
2.050000000000000988e-01 5.439354637911544721e+00 7.760983087881417886e-02
2.100000000000001033e-01 5.200178154325093338e+00 7.579402745490775029e-02
2.150000000000001077e-01 5.163939989525234253e+00 7.761334295151671447e-02
2.200000000000001121e-01 4.900116397178186034e+00 7.495690414265726575e-02
2.250000000000001166e-01 4.664092772476870152e+00 7.537520407828639246e-02
2.300000000000001210e-01 4.498445553250368434e+00 7.315000610053581931e-02
2.350000000000001255e-01 4.524338679410396580e+00 7.659640193997820090e-02
2.400000000000001299e-01 4.041627168147427618e+00 8.116789553617374808e-02
2.450000000000001343e-01 3.978756972912927736e+00 7.933788579642107874e-02
2.500000000000001110e-01 3.981614444757143989e+00 8.270769054824353428e-02
2.550000000000001155e-01 3.796503452837200587e+00 8.178894606303659109e-02
2.600000000000001199e-01 3.679443070549771377e+00 8.645605330462580174e-02
2.650000000000001243e-01 3.551765511968042244e+00 8.193759460327838806e-02
2.700000000000001288e-01 3.568672935819531489e+00 8.618842038975813025e-02
2.750000000000001332e-01 3.629775143661637671e+00 8.243068359922391120e-02
2.800000000000001377e-01 3.287274163750980804e+00 8.258323024137127766e-02
2.850000000000001421e-01 3.345975493243191323e+00 8.390619584277213272e-02
2.900000000000001465e-01 3.240463726767138120e+00 8.065917728153301769e-02
2.950000000000001510e-01 3.190063108191998786e+00 8.117771531204237556e-02
3.000000000000001554e-01 2.969515296008163219e+00 8.261256292959043290e-02
3.050000000000001599e-01 2.756198761238300321e+00 8.305326809679587641e-02
3.100000000000001643e-01 2.794148292820512136e+00 8.192886492737737336e-02
3.150000000000001688e-01 2.907824695981955365e+00 8.069165732176898642e-02
3.200000000000001732e-01 2.872380444057760940e+00 7.909829305636152663e-02
3.250000000000001776e-01 2.760796069159971111e+00 7.856495905278960967e-02
3.300000000000001821e-01 2.617811310596806607e+00 7.676549182966332929e-02
3.350000000000001865e-01 2.670160571468106703e+00 7.652158694441517361e-02
3.400000000000001910e-01 2.459329859298549081e+00 7.355374627317144698e-02
3.450000000000001954e-01 2.265875804945781447e+00 7.729416404449833411e-02
3.500000000000001998e-01 2.428706330275764547e+00 7.165884362848487510e-02
3.550000000000002043e-01 2.472345298744216269e+00 7.512130536246593160e-02
3.600000000000002087e-01 2.519891932471891138e+00 7.423524300418606059e-02
3.650000000000002132e-01 2.331086117677686698e+00 7.245955503896175931e-02
3.700000000000002176e-01 2.311330026123651127e+00 7.278400727434318485e-02
3.750000000000002220e-01 2.358806815621129260e+00 7.252923598760396828e-02
3.800000000000002265e-01 2.212361972915248387e+00 7.458981936126662937e-02
3.850000000000002309e-01 2.244610584166830236e+00 6.892140489895935695e-02
3.900000000000002354e-01 2.186112568295464964e+00 7.598453855998550666e-02
3.950000000000002398e-01 2.137236835839582128e+00 7.431081957277217709e-02
4.000000000000002442e-01 2.081776642041503589e+00 7.114723115027039857e-02
4.050000000000002487e-01 2.055223451438935811e+00 6.750849749993209636e-02
4.100000000000002531e-01 2.150077555737958335e+00 6.696181715645087296e-02
4.150000000000002576e-01 2.050481798038487291e+00 6.574611525463611161e-02
4.200000000000002620e-01 2.020643220971884091e+00 6.617530333327226177e-02
4.250000000000002665e-01 2.050436234816838788e+00 6.817169498797670535e-02
4.300000000000002709e-01 1.929210593451343714e+00 6.479653328210045748e-02
4.350000000000002753e-01 1.938538251919557753e+00 6.685926599037471385e-02
4.400000000000002798e-01 1.838422232647946242e+00 6.452692730585475600e-02
4.450000000000002842e-01 1.926279345312394087e+00 6.402489229560075212e-02
4.500000000000002887e-01 1.911628536393303435e+00 6.276081753232891358e-02
4.550000000000002931e-01 1.923698901038864317e+00 6.245186419644383619e-02
4.600000000000002975e-01 1.840430016309014372e+00 6.145416165539383663e-02
4.650000000000003020e-01 1.881117906150757246e+00 6.220969326388958026e-02
4.700000000000003064e-01 1.806931975776758348e+00 6.112415906204334698e-02
4.750000000000003109e-01 1.857205461686177728e+00 6.244707033848628797e-02
4.800000000000003153e-01 1.812033763754162585e+00 6.715584236479602009e-02
4.850000000000003197e-01 1.805595324183667527e+00 6.972663966527251067e-02
4.900000000000003242e-01 1.690425504272125901e+00 6.077769973083199662e-02
4.950000000000003286e-01 1.812216997832002630e+00 5.969380469079872686e-02
5.000000000000000000e-01 1.687472562074332494e+00 5.968382000531533005e-02
5.100000000000000089e-01 1.711787403091451498e+00 4.133198213137647542e-02
5.200000000000000178e-01 1.673585467441023100e+00 4.122443345172736168e-02
5.300000000000000266e-01 1.538133620273425040e+00 4.027921508402813877e-02
5.400000000000000355e-01 1.486181506658842633e+00 4.030902316889944936e-02
5.500000000000000444e-01 1.599266231748460276e+00 3.928085528486237321e-02
5.600000000000000533e-01 1.608231435288336009e+00 3.922747920440586983e-02
5.700000000000000622e-01 1.544364111229372227e+00 3.913704761768444645e-02
5.800000000000000711e-01 1.468487489600646789e+00 3.807674495217672900e-02
5.900000000000000799e-01 1.495159460464532408e+00 3.740904075073859386e-02
6.000000000000000888e-01 1.428509755608242449e+00 3.721549176919191487e-02
6.100000000000000977e-01 1.335004059616003769e+00 3.683316766687637356e-02
6.200000000000001066e-01 1.328902598665622659e+00 3.582526638905751681e-02
6.300000000000001155e-01 1.351631292565198095e+00 3.627727158737626550e-02
6.400000000000001243e-01 1.338655677480642847e+00 3.519545916677906117e-02
6.500000000000001332e-01 1.313984502531831744e+00 3.554820386483859701e-02
6.600000000000001421e-01 1.314745690622180829e+00 3.527027931916878328e-02
6.700000000000001510e-01 1.331914847394497059e+00 3.517345032890743795e-02
6.800000000000001599e-01 1.272434515261753996e+00 3.477609270286467075e-02
6.900000000000001688e-01 1.217304109325994865e+00 3.429830110823899741e-02
7.000000000000001776e-01 1.186288804209025383e+00 3.352636316642815251e-02
7.100000000000001865e-01 1.208771674094875515e+00 3.412920950081439753e-02
7.200000000000001954e-01 1.191972749860168213e+00 3.333617817714290554e-02
7.300000000000002043e-01 1.168685658873301447e+00 3.368416451462826616e-02
7.400000000000002132e-01 1.115736184107785522e+00 3.289215522116579332e-02
7.500000000000002220e-01 1.143830230246219326e+00 3.255460868461430846e-02
7.600000000000002309e-01 1.174699514545319623e+00 3.240331186176301226e-02
7.700000000000002398e-01 1.124745321895318950e+00 3.225903118581802120e-02
7.800000000000002487e-01 1.099245646232430040e+00 3.249234947428365772e-02
7.900000000000002576e-01 1.124435583122914029e+00 3.248122804596246388e-02
8.000000000000002665e-01 1.058603058364677496e+00 3.194954001597454657e-02
8.100000000000002753e-01 1.111834023626979473e+00 3.140377068947284439e-02
8.200000000000002842e-01 1.041191271763581394e+00 3.143591065020096692e-02
8.300000000000002931e-01 1.046253477665523901e+00 3.189210233598215732e-02
8.400000000000003020e-01 1.032285600693168659e+00 3.167825757312712348e-02
8.500000000000003109e-01 9.569498730242970153e-01 3.129039387019251495e-02
8.600000000000003197e-01 9.145278886427463672e-01 3.134709961570214531e-02
8.700000000000003286e-01 1.031623791254080214e+00 3.119069926437789686e-02
8.800000000000003375e-01 9.714634765459637666e-01 3.162450992383508686e-02
8.900000000000003464e-01 9.607940028696151380e-01 2.994717617420498967e-02
9.000000000000003553e-01 9.548815724115635728e-01 2.925485561783300673e-02
9.100000000000003642e-01 9.293789494622977099e-01 2.828595653970289447e-02
9.200000000000003730e-01 9.299994032435776603e-01 2.801916211083538971e-02
9.300000000000003819e-01 9.352032262862135514e-01 2.831474554983564804e-02
9.400000000000003908e-01 9.401223282488634370e-01 2.768194683179629745e-02
9.500000000000003997e-01 9.007299648575877171e-01 2.759394676225336920e-02
9.600000000000004086e-01 9.388027953061108821e-01 2.679777031365595391e-02
9.700000000000004174e-01 8.948628443740895833e-01 2.669207493221507216e-02
9.800000000000004263e-01 9.357149413604212151e-01 2.679431884619003917e-02
9.900000000000004352e-01 9.572500329369906247e-01 2.677101372398488568e-02
1.000000000000000000e+00 9.435424190468055805e-01 2.639997707453181283e-02
1.030000000000000027e+00 8.865639059654885079e-01 1.531930553616652792e-02
1.060000000000000053e+00 9.325463078104279102e-01 1.570442702438115679e-02
1.090000000000000080e+00 9.175344865677727002e-01 1.610710145473038743e-02
1.120000000000000107e+00 9.105452674334553187e-01 1.626566741151452139e-02
1.150000000000000133e+00 9.180488264804618215e-01 1.640046912611993826e-02
1.180000000000000160e+00 9.555433792755625433e-01 1.635248424545831386e-02
1.210000000000000187e+00 9.793428323623796228e-01 1.677425613992408401e-02
1.240000000000000213e+00 9.980339472017456526e-01 1.730252611390656683e-02
1.270000000000000240e+00 1.001064556560875340e+00 1.843496247587762468e-02
1.300000000000000266e+00 1.040867788250298798e+00 1.961894505332222732e-02
1.330000000000000293e+00 1.088002781163107446e+00 2.146928506920748464e-02
1.360000000000000320e+00 1.103018839263460338e+00 6.867146093095752302e-02
1.390000000000000346e+00 1.408528119591124561e+00 3.460489927306727775e+00
1.420000000000000373e+00 1.109030207757533804e+00 3.180115179892361449e-02
1.450000000000000400e+00 1.153922526646255609e+00 3.366688235104251664e-02
1.480000000000000426e+00 1.147595213576201090e+00 3.835231379803234752e-02
1.510000000000000453e+00 1.154161857833481797e+00 4.349415429370579594e-02
1.540000000000000480e+00 1.150334538303155796e+00 5.016463957131045426e-02
1.570000000000000506e+00 1.130924004703782293e+00 5.763713529702680499e-02
1.600000000000000533e+00 1.160911813097105671e+00 6.607294989103894289e-02
1.630000000000000560e+00 1.085807866426526269e+00 7.531385753401516336e-02
1.660000000000000586e+00 1.042623014346478971e+00 8.530588089519922090e-02
1.690000000000000613e+00 9.867429152033699857e-01 9.680625125778903606e-02
1.720000000000000639e+00 9.099779631357346465e-01 1.095990466560324422e-01
1.750000000000000666e+00 7.836339563610190684e-01 1.231920814882903198e-01
1.780000000000000693e+00 6.930387216942670570e-01 1.459321343022527140e-01
1.810000000000000719e+00 6.056237513409981066e-01 1.681364405662113537e-01
1.840000000000000746e+00 4.564481696065207372e-01 1.809136018619450781e-01
1.870000000000000773e+00 3.807141365392273102e-01 1.884220370659591692e-01
1.900000000000000799e+00 2.684999694640710644e-01 1.990546253868496207e-01
1.930000000000000826e+00 1.262037618694815122e-01 2.079857662395055151e-01
1.960000000000000853e+00 5.042808852745134240e-02 2.166132811760997645e-01
1.990000000000000879e+00 1.307065905339953663e-02 2.255437246034261156e-01
2.020000000000000906e+00 -5.248991336161436261e-02 2.237310066919536711e-01
2.050000000000000711e+00 -1.600546678851018645e-01 2.211762550257961313e-01
2.080000000000000959e+00 -2.080129204624333039e-01 2.240784416433169446e-01
2.110000000000001208e+00 -1.524644414855191310e-01 2.261729176383685813e-01
2.140000000000001013e+00 -2.656730619028532248e-01 2.257639128577769161e-01
2.170000000000000817e+00 -1.798303644591540407e-01 2.190433389184140711e-01
2.200000000000001066e+00 -1.494098914066275818e-01 2.040763642327674821e-01
2.230000000000001315e+00 -2.160829266825903816e-01 1.867604384391521322e-01
2.260000000000001119e+00 -2.156356521423294370e-01 1.693470256733205503e-01
2.290000000000000924e+00 -2.027033965350077127e-01 1.602498145478507274e-01
2.320000000000001172e+00 -1.619729022524505624e-01 1.547412556285510665e-01
2.350000000000001421e+00 -2.265696214698639244e-01 1.503002969005464151e-01
2.380000000000001226e+00 -2.032684914235907414e-01 1.473962559412374251e-01
2.410000000000001030e+00 -1.613780320261183898e-01 7.932828925850354818e-01
2.440000000000001279e+00 -1.022332843383548240e-01 1.714951065862276858e+00
2.470000000000001528e+00 -1.266552711892277860e-01 1.370896600100466878e-01
2.500000000000001332e+00 -1.487178676579583025e-01 1.331363705686383070e-01
2.530000000000001137e+00 -1.674883571027473428e-01 1.307012575324118242e-01
2.560000000000001386e+00 -1.775913943615431423e-01 1.277730559346597627e-01
2.590000000000001634e+00 -1.541820853643277589e-01 1.254786764317394054e-01
2.620000000000001439e+00 -1.383341204179749373e-01 1.234002846250277924e-01
2.650000000000001243e+00 -1.105771504777065123e-01 1.227036523420411696e-01
2.680000000000001492e+00 -1.606660376651036226e-01 1.227671378477886294e-01
2.710000000000001741e+00 -1.389796133053808058e-01 1.199672370889487555e-01
2.740000000000001545e+00 -1.932595932224334401e-01 1.177912668852653250e-01
2.770000000000001350e+00 -1.159005538791437195e-01 1.146960600253327661e-01
2.800000000000001599e+00 -1.163617624987711985e-01 1.110063255303772173e-01
2.830000000000001847e+00 -1.382910419133895619e-01 1.308817056420105707e-01
2.860000000000001652e+00 -1.523392481577058311e-01 1.036039837070504149e-01
2.890000000000001457e+00 -1.856723173253944092e-01 9.967074161775592300e-02
2.920000000000001705e+00 -1.330380495386648265e-01 9.530237911398663220e-02
2.950000000000001954e+00 -1.237325897663843904e-01 9.097843899200241946e-02
2.980000000000001759e+00 -1.035577765964538904e-01 8.659347268228365091e-02
3.010000000000001563e+00 -1.790370274000043782e-01 8.244713592388312751e-02
3.040000000000001812e+00 -1.259576753711593167e-01 8.029998200371937789e-02
3.070000000000002061e+00 -1.148434544236923288e-01 7.485371047156211266e-02
3.100000000000001865e+00 -7.658539376632036988e-02 7.082431152212717573e-02
3.130000000000001670e+00 -7.183112255563446624e-02 6.532807340419635733e-02
3.160000000000001918e+00 -2.881187248093806247e-02 6.707479187744000426e-02
3.190000000000002167e+00 -4.643969240084924732e-02 6.763388476454003373e-02
