# q_A^-1 I_arbitrary conditional_sigma; scale: sum of elution coefficients = 1
5.000000000000000104e-03 1.816012163929360099e+02 6.409986586359644889e+01
6.000000000000000125e-03 1.644817513124000072e+02 2.922010491614755168e+01
7.000000000000000146e-03 1.456973278263054965e+02 1.425738415001736037e+01
8.000000000000000167e-03 1.310854071524925359e+02 7.733546870947764162e+00
9.000000000000001055e-03 1.297142385034568974e+02 4.894292097219484994e+00
1.000000000000000021e-02 1.291053129495447536e+02 3.543481096342531167e+00
1.099999999999999936e-02 1.275538572212968660e+02 2.761095493233608256e+00
1.200000000000000025e-02 1.246688250695908522e+02 2.229565105464063723e+00
1.300000000000000114e-02 1.246828168515531843e+02 1.867054848005528234e+00
1.400000000000000203e-02 1.207660209210177698e+02 1.604855461662231253e+00
1.499999999999999944e-02 1.191892167544327776e+02 1.381249225363616162e+00
1.600000000000000033e-02 1.182443343311806245e+02 1.200469555561624713e+00
1.700000000000000122e-02 1.156496270832853668e+02 1.075650472905933297e+00
1.800000000000000211e-02 1.166021391747249254e+02 9.812834588301405647e-01
1.899999999999999953e-02 1.120405310253397033e+02 9.037174746865233033e-01
2.000000000000000042e-02 1.114942786551842460e+02 8.249535801233089938e-01
2.100000000000000130e-02 1.091304148212713727e+02 7.761515295006364834e-01
2.200000000000000219e-02 1.070597256911074169e+02 7.311667877276920580e-01
2.300000000000000308e-02 1.070024354389720571e+02 6.855458102387554931e-01
2.400000000000000050e-02 1.050437696035001380e+02 6.493704773974199318e-01
2.500000000000000139e-02 1.024623663067885815e+02 6.219649667103400725e-01
2.600000000000000228e-02 1.012213486999087735e+02 5.947202634449018088e-01
2.699999999999999969e-02 9.999582361428184640e+01 5.704875904502734185e-01
2.800000000000000058e-02 9.776327379562029307e+01 5.387463915744463705e-01
2.900000000000000147e-02 9.590939503151139434e+01 5.283450914357059602e-01
3.000000000000000236e-02 9.432385976805169037e+01 5.116994722166419152e-01
3.100000000000000325e-02 9.278299969583557072e+01 4.957712494640553746e-01
3.200000000000000067e-02 8.931223383886103306e+01 4.718003597849039221e-01
3.300000000000000155e-02 8.900442031271640531e+01 4.665398944114763080e-01
3.400000000000000244e-02 8.607290028790622216e+01 4.533619835547463284e-01
3.499999999999999639e-02 8.490212065720034218e+01 4.404480979098021609e-01
3.599999999999999728e-02 8.313592683077426670e+01 4.334588123985416708e-01
3.699999999999999817e-02 8.167597656307722787e+01 4.196439103417485272e-01
3.799999999999999906e-02 7.976705353927366104e+01 4.128367173346457197e-01
3.899999999999999994e-02 7.709231518957741969e+01 4.007614602084823008e-01
4.000000000000000083e-02 7.622845999351162050e+01 3.918920173084321501e-01
4.100000000000000172e-02 7.405691514972215828e+01 3.832848098092261346e-01
4.199999999999999567e-02 7.220875725458267880e+01 3.786225349220189718e-01
4.299999999999999656e-02 7.114617758446843254e+01 3.704875823821730529e-01
4.399999999999999745e-02 6.898817369953302148e+01 3.628880791696851293e-01
4.499999999999999833e-02 6.756288396230071669e+01 3.563400042368239928e-01
4.599999999999999922e-02 6.592688705828305729e+01 3.452109427750755244e-01
4.700000000000000011e-02 6.490742486436799652e+01 3.423863495120284539e-01
4.800000000000000100e-02 6.348583957008715117e+01 3.364268320920184574e-01
4.899999999999999495e-02 6.154122604952128484e+01 3.306007503270442238e-01
5.000000000000000278e-02 6.100217176599515767e+01 3.283235581231628841e-01
5.200000000000000455e-02 5.730627480819147479e+01 2.216537272229813782e-01
5.400000000000000633e-02 5.451717724577560631e+01 2.162941334758178569e-01
5.600000000000000810e-02 5.195768217281437273e+01 2.168534045001004051e-01
5.800000000000000988e-02 4.925155905181948413e+01 2.164435176499840130e-01
6.000000000000001166e-02 4.724170059223654050e+01 2.128274649940574970e-01
6.200000000000001343e-02 4.541589766608782242e+01 2.022681238158288430e-01
6.400000000000001521e-02 4.351505495469347551e+01 1.964738326683727054e-01
6.600000000000001699e-02 4.098692095263932345e+01 1.902350624649031541e-01
6.800000000000001876e-02 3.905011371342223470e+01 1.848912783193807363e-01
7.000000000000002054e-02 3.717963928194484424e+01 1.808434847790236777e-01
7.200000000000002232e-02 3.565964846151952372e+01 1.782682796077023069e-01
7.400000000000002409e-02 3.430315179985097984e+01 1.769805734435498934e-01
7.600000000000002587e-02 3.274520671353441514e+01 1.717584407412423575e-01
7.800000000000002764e-02 3.112142846232620030e+01 1.703441557618212976e-01
8.000000000000002942e-02 2.996818922167987864e+01 1.720466004150164596e-01
8.200000000000003120e-02 2.837424565379115649e+01 1.708229129390273771e-01
8.400000000000003297e-02 2.746409560602563360e+01 1.643054913211675627e-01
8.600000000000003475e-02 2.684474957879231383e+01 1.603042098362877088e-01
8.800000000000003653e-02 2.521159552577430674e+01 1.615594699013692681e-01
9.000000000000003830e-02 2.441701965331401425e+01 1.612600475368943242e-01
9.200000000000004008e-02 2.372543010055765578e+01 1.588513503441073837e-01
9.400000000000004186e-02 2.273411566981009457e+01 1.576606704513391077e-01
9.600000000000004363e-02 2.196491079690320447e+01 1.577887311660724490e-01
9.800000000000004541e-02 2.094461874975514704e+01 1.564360166606816593e-01
1.000000000000000056e-01 2.026342054496173972e+01 1.547082911210873601e-01
1.050000000000000100e-01 1.858319108358770677e+01 9.516903864101657062e-02
1.100000000000000144e-01 1.710788701903479847e+01 9.277121021479506346e-02
1.150000000000000189e-01 1.592909168910113138e+01 9.052477453608616387e-02
1.200000000000000233e-01 1.431321950228710627e+01 8.870137351190610087e-02
1.250000000000000278e-01 1.360761759177420593e+01 8.947470597884978061e-02
1.300000000000000322e-01 1.248812783170387242e+01 8.999037661787064046e-02
1.350000000000000366e-01 1.188004977383413596e+01 8.630024210473490054e-02
1.400000000000000411e-01 1.099125405912958087e+01 8.466800641086952295e-02
1.450000000000000455e-01 1.029098454365919579e+01 8.308928898447502653e-02
1.500000000000000500e-01 9.713516776072244951e+00 8.619250747392820378e-02
1.550000000000000544e-01 8.961317606401866698e+00 8.661338459779627241e-02
1.600000000000000588e-01 8.305857580457693956e+00 8.689756770425866028e-02
1.650000000000000633e-01 8.081754617617775693e+00 8.756182926201760974e-02
1.700000000000000677e-01 7.476060071003809426e+00 8.785440787752127334e-02
1.750000000000000722e-01 7.101267008377586620e+00 8.701412476671238627e-02
1.800000000000000766e-01 6.870608927786648223e+00 7.543984784598409266e-02
1.850000000000000810e-01 6.528919797475568387e+00 7.527939357492564876e-02
1.900000000000000855e-01 6.142987146133492615e+00 7.314924234127904989e-02
1.950000000000000899e-01 5.741464969928104622e+00 7.314952580942832294e-02
2.000000000000000944e-01 5.639060211795737132e+00 7.482459869877239322e-02
2.050000000000000988e-01 5.314029396714502695e+00 7.587764882152980839e-02
2.100000000000001033e-01 5.076158063920609642e+00 7.410123157909752345e-02
2.150000000000001077e-01 5.041951067273169329e+00 7.588209893033324993e-02
2.200000000000001121e-01 4.787455554614695075e+00 7.328309397743312803e-02
2.250000000000001166e-01 4.558185312613591833e+00 7.369307313590621467e-02
2.300000000000001210e-01 4.391847047518520952e+00 7.151715437428704525e-02
2.350000000000001255e-01 4.415992560629941721e+00 7.488475002785843770e-02
2.400000000000001299e-01 3.947312302241549276e+00 7.935492269000569976e-02
2.450000000000001343e-01 3.890678295047329982e+00 7.756722104519209182e-02
2.500000000000001110e-01 3.885996502483792803e+00 8.086264061331752129e-02
2.550000000000001155e-01 3.709766085785187961e+00 7.996438369537595126e-02
2.600000000000001199e-01 3.595196017232798802e+00 8.452871256701215141e-02
2.650000000000001243e-01 3.470142547020667934e+00 8.010691871580880030e-02
2.700000000000001288e-01 3.487348780924395708e+00 8.426465103222720299e-02
2.750000000000001332e-01 3.544117977676011666e+00 8.058858787015107938e-02
2.800000000000001377e-01 3.212845491489538574e+00 8.074086903748635413e-02
2.850000000000001421e-01 3.268958680878264911e+00 8.203350640874113031e-02
2.900000000000001465e-01 3.166767160125196767e+00 7.885827467394923573e-02
2.950000000000001510e-01 3.111950820698140774e+00 7.936437820494894602e-02
3.000000000000001554e-01 2.899371162584270412e+00 8.076588063219551639e-02
3.050000000000001599e-01 2.694963072150960315e+00 8.119742149108247209e-02
3.100000000000001643e-01 2.728558789251832373e+00 8.010016052538461440e-02
3.150000000000001688e-01 2.838423513481624028e+00 7.889049893863067653e-02
3.200000000000001732e-01 2.806919123917027470e+00 7.733157338956295201e-02
3.250000000000001776e-01 2.700540299178777470e+00 7.681067413540053346e-02
3.300000000000001821e-01 2.557841839716172849e+00 7.505063848291596007e-02
3.350000000000001865e-01 2.604922997890876779e+00 7.481088234662582048e-02
3.400000000000001910e-01 2.400553989624682583e+00 7.190906918349458665e-02
3.450000000000001954e-01 2.218265780078778171e+00 7.556840374704747176e-02
3.500000000000001998e-01 2.372408701495961392e+00 7.005898259265849748e-02
3.550000000000002043e-01 2.416855307350290971e+00 7.344571538513255948e-02
3.600000000000002087e-01 2.459432125313018247e+00 7.257773079616040846e-02
3.650000000000002132e-01 2.276105045794150961e+00 7.084333508879200880e-02
3.700000000000002176e-01 2.254885209174132488e+00 7.115861055953819070e-02
3.750000000000002220e-01 2.302784847069127672e+00 7.090798470954559618e-02
3.800000000000002265e-01 2.161924360037150716e+00 7.292441213901466879e-02
3.850000000000002309e-01 2.191406326207371968e+00 6.738007859450563519e-02
3.900000000000002354e-01 2.131796844641757449e+00 7.428594981362152128e-02
3.950000000000002398e-01 2.087396771316901933e+00 7.265258844282380946e-02
4.000000000000002442e-01 2.034628716474631283e+00 6.955893458073811320e-02
4.050000000000002487e-01 2.006904846512655105e+00 6.600221043135061361e-02
4.100000000000002531e-01 2.099240644907872877e+00 6.546669615199979253e-02
4.150000000000002576e-01 2.002886559530617561e+00 6.427748466898126900e-02
4.200000000000002620e-01 1.974062082417935571e+00 6.469701818536041649e-02
4.250000000000002665e-01 2.001359930603871629e+00 6.664955752822437907e-02
4.300000000000002709e-01 1.886566527337246946e+00 6.334951700835687871e-02
4.350000000000002753e-01 1.893171029519089110e+00 6.536805310281551540e-02
4.400000000000002798e-01 1.796906858303962684e+00 6.308629371175297762e-02
4.450000000000002842e-01 1.881506171724194543e+00 6.259503443710642823e-02
4.500000000000002887e-01 1.864999506237265514e+00 6.135816413981844131e-02
4.550000000000002931e-01 1.879437790907428019e+00 6.105853575550852785e-02
4.600000000000002975e-01 1.797635644122294263e+00 6.007838683424514964e-02
4.650000000000003020e-01 1.835056946772198661e+00 6.081977491682351300e-02
4.700000000000003064e-01 1.765268411409479210e+00 5.975919530714009914e-02
4.750000000000003109e-01 1.815003342655807206e+00 6.105362557242648147e-02
4.800000000000003153e-01 1.768613752594155653e+00 6.565506037083396196e-02
4.850000000000003197e-01 1.764699016284416278e+00 6.816956992366940415e-02
4.900000000000003242e-01 1.652407778596949761e+00 5.941901823075591144e-02
4.950000000000003286e-01 1.768067508729173731e+00 5.836076187877212162e-02
5.000000000000000000e-01 1.648386709544554796e+00 5.835047456257627663e-02
5.100000000000000089e-01 1.669263801831158966e+00 4.040848475409516277e-02
5.200000000000000178e-01 1.635034362261641672e+00 4.030434963881458083e-02
5.300000000000000266e-01 1.504266880104502269e+00 3.938003441138031996e-02
5.400000000000000355e-01 1.452938078173454439e+00 3.940874255803180487e-02
5.500000000000000444e-01 1.561387497951495895e+00 3.840369497307163926e-02
5.600000000000000533e-01 1.568373406695500183e+00 3.835153080428403694e-02
5.700000000000000622e-01 1.506082952095297411e+00 3.826251189160802951e-02
5.800000000000000711e-01 1.433911814708107135e+00 3.722657005785526274e-02
5.900000000000000799e-01 1.459711100179314158e+00 3.657320246265955560e-02
6.000000000000000888e-01 1.396682712519565772e+00 3.638467708961224539e-02
6.100000000000000977e-01 1.304611624348618326e+00 3.601033191446641191e-02
6.200000000000001066e-01 1.298527726888032641e+00 3.502569405979644862e-02
6.300000000000001155e-01 1.319306121425206424e+00 3.546650483601002102e-02
6.400000000000001243e-01 1.308102844261048059e+00 3.440858791681766088e-02
6.500000000000001332e-01 1.283208477677950654e+00 3.475447298180123906e-02
6.600000000000001421e-01 1.283502911484528886e+00 3.448245550060385217e-02
6.700000000000001510e-01 1.298740029244801697e+00 3.438750568255066753e-02
6.800000000000001599e-01 1.242139451143046580e+00 3.399933598460697093e-02
6.900000000000001688e-01 1.189160104299519682e+00 3.353194193473617996e-02
7.000000000000001776e-01 1.157868995462383088e+00 3.277736978971973469e-02
7.100000000000001865e-01 1.180548315999238040e+00 3.336712217163893823e-02
7.200000000000001954e-01 1.163230478734997186e+00 3.259141904961941616e-02
7.300000000000002043e-01 1.140312465284929910e+00 3.293196301254424502e-02
7.400000000000002132e-01 1.090285474966051993e+00 3.215763971526303805e-02
7.500000000000002220e-01 1.116300818097432535e+00 3.182740461527409220e-02
7.600000000000002309e-01 1.145294976362576600e+00 3.167918994628182716e-02
7.700000000000002398e-01 1.099002468750365669e+00 3.153801746612706208e-02
7.800000000000002487e-01 1.073685530058911208e+00 3.176611133593919278e-02
7.900000000000002576e-01 1.099113988140074438e+00 3.175549383771494871e-02
8.000000000000002665e-01 1.035007990316445303e+00 3.123554786852517431e-02
8.100000000000002753e-01 1.084566805892170915e+00 3.070174952733063442e-02
8.200000000000002842e-01 1.018751411178653310e+00 3.073330732639835416e-02
8.300000000000002931e-01 1.021776425352777906e+00 3.117969635313912885e-02
8.400000000000003020e-01 1.008719846110007978e+00 3.097069309945933713e-02
8.500000000000003109e-01 9.348515150880756241e-01 3.059116525714929147e-02
8.600000000000003197e-01 8.952361648577470410e-01 3.064669186765660649e-02
8.700000000000003286e-01 1.007074751859471817e+00 3.049382601578393831e-02
8.800000000000003375e-01 9.483832017642623846e-01 3.091806699520265739e-02
8.900000000000003464e-01 9.395556348724003470e-01 2.927826147919808039e-02
9.000000000000003553e-01 9.334815777956873006e-01 2.860155909981481476e-02
9.100000000000003642e-01 9.073970686735737257e-01 2.765383659608803071e-02
9.200000000000003730e-01 9.091108173185249441e-01 2.739331256687688870e-02
9.300000000000003819e-01 9.126592217068367763e-01 2.768235846306498285e-02
9.400000000000003908e-01 9.189949465859037492e-01 2.706336321933901223e-02
9.500000000000003997e-01 8.799027352205808228e-01 2.697755719403775732e-02
9.600000000000004086e-01 9.182659359718823300e-01 2.619904305463391023e-02
9.700000000000004174e-01 8.742801656074020711e-01 2.609585166723229002e-02
9.800000000000004263e-01 9.152856822389252578e-01 2.619589669642407789e-02
9.900000000000004352e-01 9.356718638768021234e-01 2.617296734973625916e-02
1.000000000000000000e+00 9.220503874178946901e-01 2.581021116218528214e-02
1.030000000000000027e+00 8.665045036221357133e-01 1.497706616193376743e-02
1.060000000000000053e+00 9.107364848207635255e-01 1.535357802696444250e-02
1.090000000000000080e+00 8.958004134472674629e-01 1.574730213795384054e-02
1.120000000000000107e+00 8.895187630696539394e-01 1.590226922045989699e-02
1.150000000000000133e+00 8.965761118966530940e-01 1.603400698510404343e-02
1.180000000000000160e+00 9.326795990021868876e-01 1.598715204498083950e-02
1.210000000000000187e+00 9.560049817140056083e-01 1.639951080564328034e-02
1.240000000000000213e+00 9.752169456464776509e-01 1.691596674002182610e-02
1.270000000000000240e+00 9.777999950588188716e-01 1.802315368577983926e-02
1.300000000000000266e+00 1.016914592942897766e+00 1.918059614910043800e-02
1.330000000000000293e+00 1.062250932684734472e+00 2.098978415822333465e-02
1.360000000000000320e+00 1.077451090484766949e+00 6.713732981651390763e-02
1.390000000000000346e+00 1.370981698589593734e+00 3.383171924239310790e+00
1.420000000000000373e+00 1.083520485405075284e+00 3.109075097968571136e-02
1.450000000000000400e+00 1.127441290031334642e+00 3.291477094581905793e-02
1.480000000000000426e+00 1.120240117508522815e+00 3.749549826114240147e-02
1.510000000000000453e+00 1.127769666225910239e+00 4.252237723351591503e-02
1.540000000000000480e+00 1.123909240949680921e+00 4.904394288037295518e-02
1.570000000000000506e+00 1.104181116210222191e+00 5.634940251656260501e-02
1.600000000000000533e+00 1.133243802001750344e+00 6.459688504647509433e-02
1.630000000000000560e+00 1.059804692891721078e+00 7.363138642973365844e-02
1.660000000000000586e+00 1.017663026032432860e+00 8.340005178186887802e-02
1.690000000000000613e+00 9.636837582682808989e-01 9.464333823638054755e-02
1.720000000000000639e+00 8.879549339252772455e-01 1.071503807978158168e-01
1.750000000000000666e+00 7.661659143678303252e-01 1.204397413164374903e-01
1.780000000000000693e+00 6.777242594429134792e-01 1.426716344739960840e-01
1.810000000000000719e+00 5.917533434682844540e-01 1.643797736436861390e-01
1.840000000000000746e+00 4.454793428980892700e-01 1.768714810435555451e-01
1.870000000000000773e+00 3.725717368724794087e-01 1.842121449222410279e-01
1.900000000000000799e+00 2.620504672267980895e-01 1.946071736649376549e-01
1.930000000000000826e+00 1.237515003111729350e-01 2.033386331002557668e-01
1.960000000000000853e+00 4.844399165736067159e-02 2.117732762266692215e-01
1.990000000000000879e+00 1.136594012475127674e-02 2.205041365924850505e-01
2.020000000000000906e+00 -5.222356942312744721e-02 2.187318888763374880e-01
2.050000000000000711e+00 -1.560554627089734414e-01 2.162342399464101672e-01
2.080000000000000959e+00 -2.017397724634568401e-01 2.190715088500948260e-01
2.110000000000001208e+00 -1.495335310534081086e-01 2.211193901358390890e-01
2.140000000000001013e+00 -2.584195572518910300e-01 2.207194853664631862e-01
2.170000000000000817e+00 -1.749436784785045051e-01 2.141489692540693990e-01
2.200000000000001066e+00 -1.452697241997069622e-01 1.995161495007599650e-01
2.230000000000001315e+00 -2.098808631451195006e-01 1.825876362548691789e-01
2.260000000000001119e+00 -2.095977066688755608e-01 1.655630519967389302e-01
2.290000000000000924e+00 -1.953871853202037157e-01 1.566691370497982350e-01
2.320000000000001172e+00 -1.556499114846445764e-01 1.512837177587433302e-01
2.350000000000001421e+00 -2.173097816088138123e-01 1.469420877643361212e-01
2.380000000000001226e+00 -1.959367001503719841e-01 1.441028182399242685e-01
2.410000000000001030e+00 -1.549619726532351915e-01 7.755576313398692134e-01
2.440000000000001279e+00 -9.918280652549615883e-02 1.676629328465608193e+00
2.470000000000001528e+00 -1.200202682931021392e-01 1.340267014453081496e-01
2.500000000000001332e+00 -1.433113384868367479e-01 1.301616242090690712e-01
2.530000000000001137e+00 -1.611599089942570284e-01 1.277809065586081871e-01
2.560000000000001386e+00 -1.697533304048921554e-01 1.249180829662471653e-01
2.590000000000001634e+00 -1.487172237061220870e-01 1.226748950935112742e-01
2.620000000000001439e+00 -1.323868391307777836e-01 1.206430319552372343e-01
2.650000000000001243e+00 -1.059645130047292827e-01 1.199619922139772282e-01
2.680000000000001492e+00 -1.537727645364053153e-01 1.200239828830358679e-01
2.710000000000001741e+00 -1.348159950952776132e-01 1.172866030091797157e-01
2.740000000000001545e+00 -1.858275654850826408e-01 1.151593654741451950e-01
2.770000000000001350e+00 -1.112679206847785041e-01 1.121331615407172994e-01
2.800000000000001599e+00 -1.120599988557068327e-01 1.085260296334344260e-01
2.830000000000001847e+00 -1.333492078414662552e-01 1.279573775042199268e-01
2.860000000000001652e+00 -1.462528580260654965e-01 1.012890582386729715e-01
2.890000000000001457e+00 -1.785071546809358645e-01 9.744372456949176864e-02
2.920000000000001705e+00 -1.279542096036196674e-01 9.317296913499110989e-02
2.950000000000001954e+00 -1.191794017133160771e-01 8.894558929621788901e-02
2.980000000000001759e+00 -9.913917542074485167e-02 8.465857729681980359e-02
3.010000000000001563e+00 -1.717908073185355766e-01 8.060486523955190385e-02
3.040000000000001812e+00 -1.206780490817988272e-01 7.850574498629304954e-02
3.070000000000002061e+00 -1.099304795125516654e-01 7.318112794168900315e-02
3.100000000000001865e+00 -7.244156835612029777e-02 6.924179257111495733e-02
3.130000000000001670e+00 -6.887030213951675361e-02 6.386832794646087053e-02
3.160000000000001918e+00 -2.696956270669667241e-02 6.557597760228793538e-02
3.190000000000002167e+00 -4.330919456728278549e-02 6.612258441224622141e-02
