# q_A^-1 I_arbitrary conditional_sigma; scale: sum of elution coefficients = 1
6.000000000000000125e-03 5.926624053750796151e+01 9.877038077522605874e+00
7.000000000000000146e-03 4.689012553001694528e+01 4.614266574220295958e+00
8.000000000000000167e-03 4.471274218288995428e+01 2.795799900635713708e+00
9.000000000000001055e-03 3.956539570654842208e+01 1.853782711278703754e+00
1.000000000000000021e-02 3.719403268544903085e+01 1.366329044677070614e+00
1.099999999999999936e-02 3.160840051206050916e+01 1.112186801723116680e+00
1.200000000000000025e-02 3.469660013298984325e+01 9.657861395649164349e-01
1.300000000000000114e-02 3.615012837560365710e+01 8.461789883102960319e-01
1.400000000000000203e-02 3.514267752643346654e+01 7.708279661182338982e-01
1.499999999999999944e-02 3.464880296503505974e+01 7.009814881424458743e-01
1.600000000000000033e-02 3.371625891332190861e+01 6.403251186210642265e-01
1.700000000000000122e-02 3.384000347249896379e+01 5.846845064452561580e-01
1.800000000000000211e-02 3.297799489881138157e+01 5.446348421300900577e-01
1.899999999999999953e-02 3.348041262468939294e+01 5.195749894231526111e-01
2.000000000000000042e-02 3.259699082652481650e+01 4.917772002604393067e-01
2.100000000000000130e-02 3.358114437378198147e+01 4.665167759251848123e-01
2.200000000000000219e-02 3.258720342064681574e+01 4.476854314124246725e-01
2.300000000000000308e-02 3.147558085876528722e+01 4.267498035616010266e-01
2.400000000000000050e-02 3.063825839470931811e+01 4.126677629586710250e-01
2.500000000000000139e-02 3.076024243858638130e+01 3.993755826563814559e-01
2.600000000000000228e-02 3.057201394117529958e+01 3.905863403429069569e-01
2.699999999999999969e-02 3.018481897381356305e+01 3.789561465684032071e-01
2.800000000000000058e-02 2.994826921433826783e+01 3.650985128117126832e-01
2.900000000000000147e-02 2.961283870138020546e+01 3.597776508071142687e-01
3.000000000000000236e-02 2.954444225952753555e+01 3.529689773818551757e-01
3.100000000000000325e-02 2.921032357138155433e+01 3.447553576829508470e-01
3.200000000000000067e-02 2.864960218982642459e+01 3.361812617224227973e-01
3.300000000000000155e-02 2.828472266503717947e+01 3.290079915620127693e-01
3.400000000000000244e-02 2.729713748334033951e+01 3.207832364991908269e-01
3.499999999999999639e-02 2.781318887750378721e+01 3.169347722793556810e-01
3.599999999999999728e-02 2.704430995535609128e+01 3.118350095022932034e-01
3.699999999999999817e-02 2.662431748829652989e+01 3.078702085659051346e-01
3.799999999999999906e-02 2.642415387944326355e+01 3.021976330498071794e-01
3.899999999999999994e-02 2.577296167256390547e+01 2.949216147020823908e-01
4.000000000000000083e-02 2.508289052972281752e+01 2.928285405424926324e-01
4.100000000000000172e-02 2.439028705024683674e+01 2.870246323140486222e-01
4.199999999999999567e-02 2.500373278392404330e+01 2.839338048567090489e-01
4.299999999999999656e-02 2.374237566175023773e+01 2.764666134948897125e-01
4.399999999999999745e-02 2.280215259953218165e+01 2.726314015884415687e-01
4.499999999999999833e-02 2.316703775612884897e+01 2.726920850852678768e-01
4.599999999999999922e-02 2.274566692757975517e+01 2.650206302451567075e-01
4.700000000000000011e-02 2.249548256413432767e+01 2.596431007723546402e-01
4.800000000000000100e-02 2.223201443936369515e+01 2.555513785951952221e-01
4.899999999999999495e-02 2.092716443635556800e+01 2.536533098581854606e-01
5.000000000000000278e-02 2.090620307642564413e+01 2.502009631039855408e-01
5.200000000000000455e-02 2.007348113459206473e+01 1.732530352082563285e-01
5.400000000000000633e-02 1.931240762009582212e+01 1.684388457048749954e-01
5.600000000000000810e-02 1.821449488441618669e+01 1.685115706680061221e-01
5.800000000000000988e-02 1.805956510417761152e+01 1.711948755791132537e-01
6.000000000000001166e-02 1.694408607204175965e+01 1.697741887087497736e-01
6.200000000000001343e-02 1.634388491892462270e+01 1.630452017314504842e-01
6.400000000000001521e-02 1.579470280561457329e+01 1.577361478066802436e-01
6.600000000000001699e-02 1.531140815424345014e+01 1.544631110671046414e-01
6.800000000000001876e-02 1.454142020585699235e+01 1.502130352919098244e-01
7.000000000000002054e-02 1.388811954277617033e+01 1.476818588562809620e-01
7.200000000000002232e-02 1.322738463094633232e+01 1.439565736267389706e-01
7.400000000000002409e-02 1.295952855026885153e+01 1.450985988072648059e-01
7.600000000000002587e-02 1.238897100260600403e+01 1.434057958471827154e-01
7.800000000000002764e-02 1.199656236304529244e+01 1.389420182042755414e-01
8.000000000000002942e-02 1.147853371598977645e+01 1.401619679333594437e-01
8.200000000000003120e-02 1.101035757475553822e+01 1.412540680296298090e-01
8.400000000000003297e-02 1.086457698862675336e+01 1.401089879047488218e-01
8.600000000000003475e-02 1.026296614562405907e+01 1.352865565926898439e-01
8.800000000000003653e-02 9.961362303948636310e+00 1.341826999955514077e-01
9.000000000000003830e-02 9.457725325198126143e+00 1.354389451964574664e-01
9.200000000000004008e-02 9.172129311577339905e+00 1.346263376828313041e-01
9.400000000000004186e-02 8.883575029625713881e+00 1.333076383436209988e-01
9.600000000000004363e-02 8.653664198729558166e+00 1.327615817256956043e-01
9.800000000000004541e-02 8.217823933146643611e+00 1.324479450766346822e-01
1.000000000000000056e-01 7.845274415122545975e+00 1.318676126628302581e-01
1.050000000000000100e-01 7.352333615885449092e+00 8.177913431872485539e-02
1.100000000000000144e-01 6.771996224187400770e+00 8.007781192779760138e-02
1.150000000000000189e-01 6.238212748196643176e+00 7.852805289286285406e-02
1.200000000000000233e-01 5.642826353481368962e+00 7.689971908643683518e-02
1.250000000000000278e-01 5.222474892277908509e+00 7.647249943123883564e-02
1.300000000000000322e-01 4.755631599515020902e+00 7.855721827296556492e-02
1.350000000000000366e-01 4.334900914592902943e+00 7.574190458842769424e-02
1.400000000000000411e-01 3.929944038877331458e+00 7.415728180199895880e-02
1.450000000000000455e-01 3.697891896601349870e+00 7.286352823585706684e-02
1.500000000000000500e-01 3.503878819204880202e+00 7.333058958927547721e-02
1.550000000000000544e-01 3.293293227407089407e+00 7.543269613684976116e-02
1.600000000000000588e-01 2.845993875574229115e+00 7.598160627596965699e-02
1.650000000000000633e-01 2.877017621792449908e+00 7.614815027037696860e-02
1.700000000000000677e-01 2.559775765647179568e+00 7.685604773876458795e-02
1.750000000000000722e-01 2.287422208858025385e+00 7.680047829526424896e-02
1.800000000000000766e-01 2.255602999723964608e+00 7.634728584569790144e-02
1.850000000000000810e-01 2.103759637787273373e+00 7.589277430358015719e-02
1.900000000000000855e-01 1.823024932939158127e+00 7.539813870336771473e-02
1.950000000000000899e-01 1.874692370396203289e+00 7.607991081122496280e-02
2.000000000000000944e-01 1.743462190998107841e+00 7.059056393286590458e-02
2.050000000000000988e-01 1.577058807488362913e+00 7.207126207852442012e-02
2.100000000000001033e-01 1.541946500638889495e+00 7.125291600714224460e-02
2.150000000000001077e-01 1.335406137996515197e+00 7.114826512406192960e-02
2.200000000000001121e-01 1.383612081333873478e+00 6.920091000263907388e-02
2.250000000000001166e-01 1.296205930345623702e+00 6.793126144937837452e-02
2.300000000000001210e-01 1.386704706673234755e+00 6.806180635752970276e-02
2.350000000000001255e-01 1.114517111181992259e+00 6.737493008379585868e-02
2.400000000000001299e-01 1.369416746870804502e+00 6.957703686507768492e-02
2.450000000000001343e-01 1.047806256692200844e+00 7.242611062440368341e-02
2.500000000000001110e-01 1.091730963425016299e+00 7.021212606053318928e-02
2.550000000000001155e-01 1.035393184224844498e+00 7.407438663298381021e-02
2.600000000000001199e-01 9.289533855074301183e-01 7.270464943232908539e-02
2.650000000000001243e-01 8.815034396919946280e-01 7.567362188028269043e-02
2.700000000000001288e-01 9.873772142306537214e-01 7.694853038850417437e-02
2.750000000000001332e-01 8.843639185902273381e-01 7.274900950940499378e-02
2.800000000000001377e-01 9.172159920178697412e-01 8.097662418910211990e-02
2.850000000000001421e-01 7.184351210161700196e-01 7.545347719003793474e-02
2.900000000000001465e-01 8.367814172632610514e-01 7.806871990337473088e-02
2.950000000000001510e-01 6.620696530043812533e-01 7.628790018381936822e-02
3.000000000000001554e-01 7.537055590850253450e-01 7.777323242416782356e-02
3.050000000000001599e-01 6.123440939955340223e-01 7.656057046001243926e-02
3.100000000000001643e-01 8.403356329591749052e-01 7.530531303427745460e-02
3.150000000000001688e-01 8.267003459183421832e-01 7.557350706373418270e-02
3.200000000000001732e-01 7.204636809741375991e-01 7.134581431320227707e-02
3.250000000000001776e-01 7.200696798862711301e-01 7.203707676541579175e-02
3.300000000000001821e-01 7.079423802008606437e-01 7.249024808972963363e-02
3.350000000000001865e-01 6.931662298654920340e-01 7.001693138491894841e-02
3.400000000000001910e-01 7.539230812685328020e-01 7.004434901087411292e-02
3.450000000000001954e-01 6.808037783213378713e-01 7.163545379635069543e-02
3.500000000000001998e-01 6.064575329713454144e-01 6.657162418726138287e-02
3.550000000000002043e-01 6.757943461696594989e-01 7.000257516788781220e-02
3.600000000000002087e-01 5.591421733832975249e-01 6.816416998728536125e-02
3.650000000000002132e-01 5.725279366071532872e-01 6.912908033613388015e-02
3.700000000000002176e-01 5.089272107126678879e-01 6.646499424498028552e-02
3.750000000000002220e-01 6.333238283040797389e-01 6.413354641066737472e-02
3.800000000000002265e-01 5.205580063094924492e-01 6.339378804967417402e-02
3.850000000000002309e-01 5.565122741407130258e-01 6.433683060129091746e-02
3.900000000000002354e-01 5.591865074409652081e-01 6.194482828869719848e-02
3.950000000000002398e-01 6.739287965150246862e-01 6.320958277508652301e-02
4.000000000000002442e-01 4.594757518838314403e-01 6.207500574387515846e-02
4.050000000000002487e-01 5.904877147949370020e-01 6.984713653531342270e-02
4.100000000000002531e-01 6.014416372620356999e-01 6.697312787888477781e-02
4.150000000000002576e-01 4.543126171512484324e-01 7.037898670531531065e-02
4.200000000000002620e-01 5.358150350754978808e-01 6.008247133239757315e-02
4.250000000000002665e-01 5.141228762778710104e-01 6.020669826423032805e-02
4.300000000000002709e-01 4.719290931445960791e-01 6.167986324451671387e-02
4.350000000000002753e-01 5.669160925817366969e-01 6.116243009286827931e-02
4.400000000000002798e-01 6.037389074481589457e-01 5.903668396558271053e-02
4.450000000000002842e-01 5.059442769698638820e-01 5.783396255082893372e-02
4.500000000000002887e-01 5.064812048913289733e-01 5.964590553983719484e-02
4.550000000000002931e-01 3.102684442539276333e-01 5.752609803353723322e-02
4.600000000000002975e-01 4.984168689151466380e-01 5.797520740904292536e-02
4.650000000000003020e-01 3.699837229176068942e-01 5.663848664248932047e-02
4.700000000000003064e-01 4.731419661991165260e-01 5.872807681795787910e-02
4.750000000000003109e-01 4.117355121654201477e-01 5.485743103147424499e-02
4.800000000000003153e-01 4.977993244744650658e-01 5.903879721519273566e-02
4.850000000000003197e-01 4.102945036581731042e-01 5.626551714574352936e-02
4.900000000000003242e-01 3.578721969766637812e-01 5.653440035313749695e-02
4.950000000000003286e-01 4.744059361545217013e-01 5.359661304636775120e-02
5.000000000000000000e-01 4.630297725647568030e-01 6.286400670510242095e-02
5.100000000000000089e-01 4.065838022115944028e-01 3.968266278390669005e-02
5.200000000000000178e-01 4.345928658920980014e-01 3.689437506277262052e-02
5.300000000000000266e-01 4.352093084625932584e-01 3.761209186644574876e-02
5.400000000000000355e-01 4.447134769500904472e-01 3.665860976962407453e-02
5.500000000000000444e-01 3.913934782251841105e-01 3.605759888383385653e-02
5.600000000000000533e-01 4.560141844808256462e-01 3.484436970416301266e-02
5.700000000000000622e-01 3.542270998009560690e-01 3.439009911762870575e-02
5.800000000000000711e-01 3.920374944956546148e-01 3.509627766332901883e-02
5.900000000000000799e-01 3.229395087677811027e-01 3.467908721647141451e-02
6.000000000000000888e-01 3.345062986982973996e-01 3.575098780780654878e-02
6.100000000000000977e-01 4.603054681177525254e-01 3.487519854633708977e-02
6.200000000000001066e-01 3.312707226408801997e-01 3.420816072905225047e-02
6.300000000000001155e-01 3.336801539105987424e-01 3.387548218690037555e-02
6.400000000000001243e-01 3.917466958715370984e-01 3.334475787746429137e-02
6.500000000000001332e-01 3.357460166895599452e-01 3.288704538405957944e-02
6.600000000000001421e-01 4.362437531807778490e-01 3.260508785964195272e-02
6.700000000000001510e-01 3.466505201560889926e-01 3.356768874744569392e-02
6.800000000000001599e-01 3.657930727286620165e-01 3.286226071977520202e-02
6.900000000000001688e-01 3.395629891528966771e-01 3.267766770278833499e-02
7.000000000000001776e-01 3.565430903822512931e-01 3.335171454013925729e-02
7.100000000000001865e-01 2.758878104965782896e-01 3.252298732344884036e-02
7.200000000000001954e-01 2.755063662504332322e-01 3.292810505855241210e-02
7.300000000000002043e-01 2.938188000016606072e-01 3.296497075352199796e-02
7.400000000000002132e-01 3.200464082027692503e-01 3.297448795181593534e-02
7.500000000000002220e-01 2.943812606387061215e-01 3.269663759502524497e-02
7.600000000000002309e-01 3.110481930214415436e-01 3.297983805142482711e-02
7.700000000000002398e-01 3.591373328144071841e-01 3.322032888300890247e-02
7.800000000000002487e-01 2.951666915631213084e-01 3.396187825239091462e-02
7.900000000000002576e-01 3.384849599393274233e-01 3.401666808615457643e-02
8.000000000000002665e-01 2.610151599260975841e-01 3.366241091337884156e-02
8.100000000000002753e-01 3.198203933023686663e-01 3.331540919513870103e-02
8.200000000000002842e-01 2.255614498866000683e-01 3.380757303810560943e-02
8.300000000000002931e-01 3.128459391653989341e-01 3.431853692731452049e-02
8.400000000000003020e-01 2.352039577083520627e-01 3.481471963843811579e-02
8.500000000000003109e-01 2.813560366137647928e-01 3.472824842866596012e-02
8.600000000000003197e-01 2.338823689848671672e-01 3.504013444493888491e-02
8.700000000000003286e-01 2.369622070507299005e-01 3.481788542973798112e-02
8.800000000000003375e-01 3.168571140897512572e-01 3.373973611267962192e-02
8.900000000000003464e-01 2.614155140727875692e-01 3.271303941985629488e-02
9.000000000000003553e-01 2.706619505988037133e-01 3.254649005582595928e-02
9.100000000000003642e-01 2.677445198828986572e-01 3.328583078201583639e-02
9.200000000000003730e-01 2.417086778297033445e-01 3.276867371324303224e-02
9.300000000000003819e-01 2.958170456779382063e-01 3.287220710956462177e-02
9.400000000000003908e-01 2.269696993254466388e-01 3.297771869160272262e-02
9.500000000000003997e-01 2.411915059223290192e-01 3.349689079241817413e-02
9.600000000000004086e-01 1.676625813455266401e-01 3.341740649284188902e-02
9.700000000000004174e-01 2.790375783975891366e-01 3.387239286978387109e-02
9.800000000000004263e-01 2.315657608599410444e-01 3.470792406126227414e-02
9.900000000000004352e-01 2.218213878786094995e-01 3.498157945122004620e-02
1.000000000000000000e+00 2.505053512306399943e-01 3.538149551538558035e-02
1.030000000000000027e+00 2.539430352913775724e-01 2.195319290361443312e-02
1.060000000000000053e+00 2.371161685512915007e-01 2.324956915643556360e-02
1.090000000000000080e+00 2.325816356235509141e-01 2.453667651724146526e-02
1.120000000000000107e+00 2.214853629740126117e-01 2.443940275649900823e-02
1.150000000000000133e+00 2.332128673307709565e-01 2.462718409694614544e-02
1.180000000000000160e+00 2.965063606578214883e-01 2.825196087934437120e-02
1.210000000000000187e+00 2.704814967596544939e-01 3.165319757941931905e-02
1.240000000000000213e+00 2.716706747079940532e-01 3.410260085591335089e-02
1.270000000000000240e+00 2.618917962329943006e-01 3.711334978222233238e-02
1.300000000000000266e+00 2.847507858988245211e-01 4.058913576502097553e-02
1.330000000000000293e+00 2.775234453618568020e-01 4.568819934188857873e-02
1.360000000000000320e+00 2.872199747045622309e-01 5.134607915742382678e-02
1.390000000000000346e+00 2.866704456239226317e-01 6.627359698496554374e-02
1.420000000000000373e+00 2.978993792857788092e-01 7.000054807633974974e-02
1.450000000000000400e+00 3.113172787388890916e-01 7.193759055903733990e-02
1.480000000000000426e+00 3.278900157545467375e-01 7.901622657167214903e-02
1.510000000000000453e+00 3.215303117533034882e-01 8.804922784196249352e-02
1.540000000000000480e+00 3.285764082712974155e-01 9.895866692474587778e-02
1.570000000000000506e+00 3.111041690116653213e-01 1.111760418811304496e-01
1.600000000000000533e+00 2.867480975695614331e-01 1.243753580938453535e-01
1.630000000000000560e+00 2.796704778644939493e-01 1.393733276485910610e-01
1.660000000000000586e+00 3.308109605506400763e-01 1.557284164874985222e-01
1.690000000000000613e+00 2.705659450187503090e-01 1.719263549587657369e-01
1.720000000000000639e+00 2.118869006984138714e-01 1.887400489132861348e-01
1.750000000000000666e+00 2.257964364590205608e-01 2.079925601878402086e-01
1.780000000000000693e+00 2.264842289078753956e-01 2.404037395012870726e-01
1.810000000000000719e+00 1.586295115928017807e-01 2.702544774233180958e-01
1.840000000000000746e+00 1.225159120832916421e-01 2.867843994625621229e-01
1.870000000000000773e+00 6.414570139030092988e-02 2.945462855065593688e-01
1.900000000000000799e+00 7.544149526839033504e-02 3.062547357990177965e-01
1.930000000000000826e+00 3.367468565380357659e-02 3.166401169996366782e-01
1.960000000000000853e+00 2.126509114178335574e-02 3.255180006677291793e-01
1.990000000000000879e+00 5.378069336438339940e-03 4.579490287928751902e-01
2.020000000000000906e+00 -4.893080953085025570e-04 3.416181186478921550e-01
2.050000000000000711e+00 -1.765923614651972520e-02 3.399866920765098888e-01
2.080000000000000959e+00 -6.567796346010973396e-02 3.312872585706637119e-01
2.110000000000001208e+00 -1.256219369530527444e-02 3.171222111959097201e-01
2.140000000000001013e+00 -1.035163413934311605e-01 3.033705266030057301e-01
2.170000000000000817e+00 -1.121564940264835331e-01 2.846118699450177481e-01
2.200000000000001066e+00 -5.382282801236631942e-02 2.672812721278067238e-01
2.230000000000001315e+00 -5.549838998635935050e-02 2.538607368983176737e-01
2.260000000000001119e+00 -2.837837484244328662e-02 2.434071437345831923e-01
2.290000000000000924e+00 -7.568241990440263689e-02 2.325962637025959789e-01
2.320000000000001172e+00 -1.012165205211440905e-01 2.230645725136392865e-01
2.350000000000001421e+00 -5.720713267367551202e-02 2.148871318001207009e-01
2.380000000000001226e+00 -4.859987208812949211e-02 2.160645553437487709e-01
2.410000000000001030e+00 -8.882062287528284805e-02 2.189296026430851971e-01
2.440000000000001279e+00 -5.468459133393482885e-02 2.073794065649461615e-01
2.470000000000001528e+00 -5.428767547276785316e-02 2.042846548454208822e-01
2.500000000000001332e+00 -6.105419515063417735e-02 1.991427340345407193e-01
2.530000000000001137e+00 -6.740942538531757844e-02 1.976584022632721926e-01
2.560000000000001386e+00 -5.733523377153783296e-02 1.979644758202350752e-01
2.590000000000001634e+00 -3.470880776264680112e-02 1.989005860057187491e-01
2.620000000000001439e+00 -2.827615071524016907e-02 1.999302690234316116e-01
2.650000000000001243e+00 -4.499447573528165406e-02 2.025534690301058760e-01
2.680000000000001492e+00 -4.722684266255296887e-02 2.101058635909935079e-01
2.710000000000001741e+00 -3.777392636789422831e-02 2.158043510368444218e-01
2.740000000000001545e+00 -6.608090385387005439e-02 2.193068264022704217e-01
2.770000000000001350e+00 -4.452057215366281295e-02 2.212672284489188845e-01
2.800000000000001599e+00 -5.008586184700647426e-02 2.217529786877155129e-01
2.830000000000001847e+00 -1.381287874357604688e-02 2.212060790052861048e-01
2.860000000000001652e+00 1.118871319749092930e-02 2.196363148908710150e-01
2.890000000000001457e+00 -2.985378481633774866e-02 2.172669284197756290e-01
2.920000000000001705e+00 -1.283407372025112837e-03 2.137404827489693404e-01
2.950000000000001954e+00 4.102163588575674646e-02 2.102528711704200193e-01
2.980000000000001759e+00 -2.209977486263276988e-02 2.082839607598680753e-01
3.010000000000001563e+00 2.097509472738632794e-02 2.018093312803685979e-01
3.040000000000001812e+00 1.037739838184325789e-02 1.979846899146505412e-01
3.070000000000002061e+00 8.630843977236107162e-03 1.888394487418678103e-01
3.100000000000001865e+00 1.879837730010405078e-03 1.878205283348541588e-01
3.130000000000001670e+00 2.127201714589418285e-02 1.991649353202234740e-01
3.160000000000001918e+00 8.975475243821320892e-03 1.936163947057211177e-01
3.190000000000002167e+00 1.500916444988900991e-02 1.976984122621222029e-01
