# q_A^-1 I_arbitrary conditional_sigma (not total decomposition uncertainty)
6.000000000000000125e-03 1.192967909476158752e+02 1.219126914310385068e+01
7.000000000000000146e-03 7.154551500564488720e+01 5.599315180652690849e+00
8.000000000000000167e-03 4.752564477651534958e+01 3.437695332164337536e+00
9.000000000000001055e-03 3.055214747854855517e+01 2.219860603478962080e+00
1.000000000000000021e-02 2.442060933502667197e+01 1.628595105319010861e+00
1.099999999999999936e-02 1.826000679728965181e+01 1.323508370278372759e+00
1.200000000000000025e-02 2.048830491991940761e+01 1.157205973935324872e+00
1.300000000000000114e-02 2.324862065513447718e+01 9.970604522964943150e-01
1.400000000000000203e-02 1.862798919939365305e+01 9.014079327042726630e-01
1.499999999999999944e-02 1.713068592669274537e+01 8.162215117279132404e-01
1.600000000000000033e-02 1.637948230450995624e+01 7.352091904866160377e-01
1.700000000000000122e-02 1.549586376352383077e+01 6.727291389739920024e-01
1.800000000000000211e-02 1.539211537090089621e+01 6.276395858920510440e-01
1.899999999999999953e-02 1.648951260548480491e+01 5.940051546296102325e-01
2.000000000000000042e-02 1.412843971602675275e+01 5.577585726006469846e-01
2.100000000000000130e-02 1.596702813511675956e+01 5.317785261220232540e-01
2.200000000000000219e-02 1.508510898615120333e+01 5.084680231491308655e-01
2.300000000000000308e-02 1.342212881971722105e+01 4.845621999337375585e-01
2.400000000000000050e-02 1.223554743932462152e+01 4.697599648175623255e-01
2.500000000000000139e-02 1.232298176520920130e+01 4.543873915677576480e-01
2.600000000000000228e-02 1.369911111574288753e+01 4.443381884422308303e-01
2.699999999999999969e-02 1.371938528173266647e+01 4.284391988441816346e-01
2.800000000000000058e-02 1.209320325026039100e+01 4.154493763180862609e-01
2.900000000000000147e-02 1.308223767143834770e+01 4.046807002507941675e-01
3.000000000000000236e-02 1.329276242350040782e+01 4.004479683979102478e-01
3.100000000000000325e-02 1.287815780167010082e+01 3.906928141931965137e-01
3.200000000000000067e-02 1.189573444148972037e+01 3.805625686557549403e-01
3.300000000000000155e-02 1.177099332083193772e+01 3.703484539894054683e-01
3.400000000000000244e-02 1.166532123557037082e+01 3.646301024768291987e-01
3.499999999999999639e-02 1.092118044736209370e+01 3.565175213456348025e-01
3.599999999999999728e-02 1.105245383008877624e+01 3.542096501887777582e-01
3.699999999999999817e-02 1.052697877624570211e+01 3.468282256128851770e-01
3.799999999999999906e-02 1.085658694105244138e+01 3.435737437131345939e-01
3.899999999999999994e-02 1.082732703515770645e+01 3.338941604674505181e-01
4.000000000000000083e-02 9.298561805061016372e+00 3.312063280176449909e-01
4.100000000000000172e-02 9.705874973995687327e+00 3.265773724547404444e-01
4.199999999999999567e-02 9.451494884774490401e+00 3.209664074291300739e-01
4.299999999999999656e-02 9.331537369626106582e+00 3.166356238403580381e-01
4.399999999999999745e-02 8.502522263346994791e+00 3.124691899157489572e-01
4.499999999999999833e-02 8.982533820101021860e+00 3.088243364137994162e-01
4.599999999999999922e-02 9.290272358485148985e+00 3.029139466203136788e-01
4.700000000000000011e-02 8.444223472411467313e+00 2.985011076736867053e-01
4.800000000000000100e-02 8.952925580054412080e+00 2.928766478312250232e-01
4.899999999999999495e-02 7.083518446164385196e+00 2.911336920956855701e-01
5.000000000000000278e-02 7.698665028297752677e+00 2.871699404170897640e-01
5.200000000000000455e-02 7.036611255374872975e+00 1.988443381520365316e-01
5.400000000000000633e-02 6.696636634420556788e+00 1.930107129456628545e-01
5.600000000000000810e-02 6.199555491189865819e+00 1.936038320396749612e-01
5.800000000000000988e-02 6.077418380835716505e+00 1.965310714714459672e-01
6.000000000000001166e-02 5.743525508373370947e+00 1.958595552328823708e-01
6.200000000000001343e-02 5.213402356393922688e+00 1.884731942315547581e-01
6.400000000000001521e-02 5.073144992995132441e+00 1.823496890051462538e-01
6.600000000000001699e-02 5.276933824094900416e+00 1.792607917508361182e-01
6.800000000000001876e-02 4.567448606724663129e+00 1.735749660224883695e-01
7.000000000000002054e-02 4.275712373199748839e+00 1.711843362875548336e-01
7.200000000000002232e-02 3.822268973008344339e+00 1.676395275483484326e-01
7.400000000000002409e-02 3.972955629135166422e+00 1.689906521737354061e-01
7.600000000000002587e-02 3.484232029936254804e+00 1.667403526990160478e-01
7.800000000000002764e-02 3.525106000483435142e+00 1.622649048700733065e-01
8.000000000000002942e-02 3.033349809523743446e+00 1.640819792920483744e-01
8.200000000000003120e-02 2.821019994084989158e+00 1.649307334446149242e-01
8.400000000000003297e-02 3.147406608484696555e+00 1.645418159763488708e-01
8.600000000000003475e-02 2.602647352783081125e+00 1.584970200517037686e-01
8.800000000000003653e-02 2.868420869710528454e+00 1.574727052485454803e-01
9.000000000000003830e-02 2.347712430607951539e+00 1.587278233082694279e-01
9.200000000000004008e-02 2.387489159494815549e+00 1.582174520744289714e-01
9.400000000000004186e-02 2.337573300380704655e+00 1.566573051324895161e-01
9.600000000000004363e-02 1.929809334581569447e+00 1.558704346999275347e-01
9.800000000000004541e-02 1.825219537286067339e+00 1.562444302800454210e-01
1.000000000000000056e-01 1.512948409619737200e+00 1.550656037217933436e-01
1.050000000000000100e-01 1.682885930766768512e+00 9.649792157234352019e-02
1.100000000000000144e-01 1.431841677965913995e+00 9.449215236525095041e-02
1.150000000000000189e-01 1.167034698745700094e+00 9.303864776796531844e-02
1.200000000000000233e-01 1.194285289530767180e+00 9.128906775449147082e-02
1.250000000000000278e-01 1.039923131609484352e+00 9.094708430418786682e-02
1.300000000000000322e-01 9.221595792936543301e-01 9.368844883266828905e-02
1.350000000000000366e-01 5.747546704024054653e-01 9.033816528669043333e-02
1.400000000000000411e-01 6.466755027246117171e-01 8.853519011407329220e-02
1.450000000000000455e-01 8.977636074645840569e-01 8.718958045089522657e-02
1.500000000000000500e-01 7.054582227961314622e-01 8.779876627189842075e-02
1.550000000000000544e-01 6.765379718586042035e-01 9.030807439482699261e-02
1.600000000000000588e-01 2.761310105720211072e-01 9.107843615041628926e-02
1.650000000000000633e-01 5.624525006344928135e-01 9.156692493798505861e-02
1.700000000000000677e-01 4.321032221445568755e-01 9.236793336361073803e-02
1.750000000000000722e-01 3.702698798528768487e-01 9.242141470739465015e-02
1.800000000000000766e-01 3.359312835357091132e-01 9.168528112538112951e-02
1.850000000000000810e-01 2.493879565594533665e-01 9.129036429908772565e-02
1.900000000000000855e-01 4.825677168174392628e-01 9.086903614601438139e-02
1.950000000000000899e-01 3.154147463947779007e-01 9.154324953309857238e-02
2.000000000000000944e-01 8.672376985429314233e-02 8.383767324432138401e-02
2.050000000000000988e-01 2.396530574534918023e-01 8.732172161644527475e-02
2.100000000000001033e-01 3.164347248730324247e-01 8.608998314939582397e-02
2.150000000000001077e-01 2.764179886838429301e-01 8.675329148213531405e-02
2.200000000000001121e-01 4.138536573089587334e-01 8.401316842144318509e-02
2.250000000000001166e-01 3.926671871420052140e-01 8.331636690813046253e-02
2.300000000000001210e-01 2.949132285564864953e-01 8.328740052401549521e-02
2.350000000000001255e-01 1.242297378656381235e-01 8.130786649438048741e-02
2.400000000000001299e-01 3.072055892703674518e-01 8.575079147243992728e-02
2.450000000000001343e-01 9.248130930419365403e-02 8.733659722129151481e-02
2.500000000000001110e-01 2.658152192293312122e-01 8.524574843973736771e-02
2.550000000000001155e-01 1.071202636606596315e-01 8.926063498040667787e-02
2.600000000000001199e-01 1.071959694845441430e-01 8.753580894494894515e-02
2.650000000000001243e-01 2.525648524608393175e-01 9.250707814739538015e-02
2.700000000000001288e-01 3.620174002380149858e-01 9.184720414979537229e-02
2.750000000000001332e-01 2.329340015355872429e-01 8.733625079799349489e-02
2.800000000000001377e-01 1.467251821304592918e-01 9.749876897400766573e-02
2.850000000000001421e-01 1.091509059401876147e-01 9.272245130274250902e-02
2.900000000000001465e-01 1.144915157980900544e-01 9.654268787245835759e-02
2.950000000000001510e-01 -2.514071717763796329e-02 9.168285764971687013e-02
3.000000000000001554e-01 8.188096567320850283e-02 9.436361274712044833e-02
3.050000000000001599e-01 3.587868483284756271e-02 9.140575657586832992e-02
3.100000000000001643e-01 1.801185457385464372e-01 9.111559529694712722e-02
3.150000000000001688e-01 6.613882622821547208e-02 9.167169807390486425e-02
3.200000000000001732e-01 2.599304289064505169e-01 8.718108016268474869e-02
3.250000000000001776e-01 1.617110257986848487e-01 8.729625037520631625e-02
3.300000000000001821e-01 1.912541296014888259e-01 8.956577310096740241e-02
3.350000000000001865e-01 2.094154011222381373e-01 8.632240647321988425e-02
3.400000000000001910e-01 2.141640026848918854e-01 8.295196739257007512e-02
3.450000000000001954e-01 1.422327798026279400e-01 8.648036705175111971e-02
3.500000000000001998e-01 2.217979678089301854e-02 7.975915533773286770e-02
3.550000000000002043e-01 1.567292334928832021e-01 8.366328048130518280e-02
3.600000000000002087e-01 1.256537744501895204e-01 8.099282367046610476e-02
3.650000000000002132e-01 1.761525208119791297e-01 8.444193865427972179e-02
3.700000000000002176e-01 7.664811414054339966e-02 8.044459188892708057e-02
3.750000000000002220e-01 3.627500488942637658e-01 7.911086717965538917e-02
3.800000000000002265e-01 9.793799299795435953e-02 7.865205964259590343e-02
3.850000000000002309e-01 1.419846279046013127e-01 7.861425106075217717e-02
3.900000000000002354e-01 6.313031825293849431e-02 7.471843809615016929e-02
3.950000000000002398e-01 2.448170588201820375e-01 7.602342751238053142e-02
4.000000000000002442e-01 -5.700363124950417332e-02 7.455655349229677042e-02
4.050000000000002487e-01 1.783548489045595209e-01 8.524654042448782942e-02
4.100000000000002531e-01 2.723649057535956763e-01 8.077543759523830857e-02
4.150000000000002576e-01 4.244584864772886490e-02 8.528548459392756853e-02
4.200000000000002620e-01 9.766518074736818544e-02 7.340675064809830397e-02
4.250000000000002665e-01 2.644902299500417331e-01 7.275539261190280826e-02
4.300000000000002709e-01 9.455652831561430979e-03 7.314164760406617616e-02
4.350000000000002753e-01 2.250731373023365789e-01 7.370556165370809043e-02
4.400000000000002798e-01 1.695418528665905977e-01 7.200581760439953016e-02
4.450000000000002842e-01 1.128126967875952152e-01 7.021754018006026721e-02
4.500000000000002887e-01 1.299872610476811574e-01 7.326795032782593142e-02
4.550000000000002931e-01 5.152624747528578497e-04 7.028224118402080778e-02
4.600000000000002975e-01 -6.540734081760581076e-02 6.968517089779030504e-02
4.650000000000003020e-01 -9.825912653052819301e-02 6.898736497284019276e-02
4.700000000000003064e-01 1.263473989436652845e-01 7.084361212730801161e-02
4.750000000000003109e-01 5.187326957050154841e-02 6.701476333936787211e-02
4.800000000000003153e-01 1.110275571112426668e-01 7.030871505977344393e-02
4.850000000000003197e-01 6.738123118973095294e-02 6.695329694105596474e-02
4.900000000000003242e-01 7.135383114470678079e-02 6.788704096270699317e-02
4.950000000000003286e-01 2.034512222503907231e-01 6.415701801344979305e-02
5.000000000000000000e-01 3.984965141205177447e-02 7.610698841071693310e-02
5.100000000000000089e-01 4.134713420030801390e-02 4.813204361887189059e-02
5.200000000000000178e-01 1.482018396435993146e-01 4.492065727720204876e-02
5.300000000000000266e-01 1.082087179351110401e-01 4.514826253165173109e-02
5.400000000000000355e-01 7.062498856860584262e-02 4.428542448576441165e-02
5.500000000000000444e-01 9.536188739192359709e-02 4.326166051211819547e-02
5.600000000000000533e-01 9.718404410766073864e-02 4.299244086949013943e-02
5.700000000000000622e-01 8.300772039331534569e-02 4.203637755073247328e-02
5.800000000000000711e-01 6.534076383682820011e-02 4.251170222505069179e-02
5.900000000000000799e-01 5.856142641946586458e-02 4.193636290602705680e-02
6.000000000000000888e-01 9.857399068463865155e-02 4.269762815612589829e-02
6.100000000000000977e-01 1.666107726437741632e-01 4.236032069744542772e-02
6.200000000000001066e-01 9.438884513883349925e-02 4.133341790278804301e-02
6.300000000000001155e-01 3.321921270752247694e-03 4.098168960274881090e-02
6.400000000000001243e-01 1.253264059368430217e-01 4.020027049906687439e-02
6.500000000000001332e-01 2.018712579793201234e-02 4.027247509957963822e-02
6.600000000000001421e-01 1.720216434346422407e-01 3.977234211453026941e-02
6.700000000000001510e-01 8.233364983848140417e-02 4.044197278245071497e-02
6.800000000000001599e-01 1.153488059447710795e-01 3.963026804876648712e-02
6.900000000000001688e-01 6.680315992961372018e-02 3.975299178008200041e-02
7.000000000000001776e-01 9.101540390689118187e-02 3.999886658484001073e-02
7.100000000000001865e-01 1.446456694852141754e-02 3.965257992085404609e-02
7.200000000000001954e-01 8.820135261699908746e-02 3.999751264183189908e-02
7.300000000000002043e-01 7.659915069939970955e-02 3.983442910733788617e-02
7.400000000000002132e-01 8.448772491409621554e-02 4.007616659263089909e-02
7.500000000000002220e-01 1.068538133914089944e-01 3.962578227646702811e-02
7.600000000000002309e-01 7.700582293249023935e-02 4.022254958430218630e-02
7.700000000000002398e-01 1.440623112580090848e-01 4.008405653024292581e-02
7.800000000000002487e-01 5.085202017512949896e-02 4.131498881952389013e-02
7.900000000000002576e-01 1.368977515918429477e-01 4.165549215534914557e-02
8.000000000000002665e-01 3.038150457209831332e-02 4.077550690097176550e-02
8.100000000000002753e-01 2.245529686176318124e-02 4.038547390218379801e-02
8.200000000000002842e-01 1.882988962354965878e-02 4.092905639658079436e-02
8.300000000000002931e-01 1.352482053655591210e-01 4.186108291386707314e-02
8.400000000000003020e-01 9.858303436843050133e-03 4.244788587843532912e-02
8.500000000000003109e-01 4.592199797202985156e-02 4.199539574011819376e-02
8.600000000000003197e-01 3.251561006429837253e-02 4.239818384540502277e-02
8.700000000000003286e-01 1.445705902816321262e-02 4.239646182133109675e-02
8.800000000000003375e-01 1.116122181356170723e-01 4.089595882063187804e-02
8.900000000000003464e-01 8.168303363240538018e-02 3.957359894172904347e-02
9.000000000000003553e-01 2.514749048134990589e-02 3.963522815935500987e-02
9.100000000000003642e-01 9.242596796064554698e-02 4.023919508213483209e-02
9.200000000000003730e-01 -9.331675748871675821e-03 3.966612534770832393e-02
9.300000000000003819e-01 1.031695906274799207e-01 3.980509190697817390e-02
9.400000000000003908e-01 -2.864643869871036710e-02 3.994892376588411731e-02
9.500000000000003997e-01 5.850253754845523291e-02 4.062706464732369210e-02
9.600000000000004086e-01 -4.422246105346283596e-02 4.080396205432337137e-02
9.700000000000004174e-01 7.927256871351281986e-02 4.122157618390105693e-02
9.800000000000004263e-01 4.870716948715619193e-02 4.224562968918253031e-02
9.900000000000004352e-01 5.669144567339055168e-02 4.231508817613451046e-02
1.000000000000000000e+00 4.909911671874986339e-02 4.298670538597317015e-02
1.030000000000000027e+00 6.053058282137884633e-02 2.664628382836108783e-02
1.060000000000000053e+00 6.738451063797525065e-02 2.825827733194579208e-02
1.090000000000000080e+00 5.095578281907798407e-02 2.985138268092946481e-02
1.120000000000000107e+00 3.501055014181189001e-02 2.970821060859067317e-02
1.150000000000000133e+00 3.341232039162280593e-02 2.993409728405846057e-02
1.180000000000000160e+00 8.062415089093399878e-02 3.433460146169384913e-02
1.210000000000000187e+00 6.728565195129151966e-02 3.851400213105301423e-02
1.240000000000000213e+00 3.308805842060679597e-02 4.149500752407903059e-02
1.270000000000000240e+00 5.501484324078051436e-02 4.514040488938169532e-02
1.300000000000000266e+00 5.696813315152843282e-02 4.933133902844297897e-02
1.330000000000000293e+00 5.587720846019198634e-02 5.553159318834380992e-02
1.360000000000000320e+00 4.124565255510519862e-02 6.236590151989366421e-02
1.390000000000000346e+00 2.605537528715555495e-02 8.039134035722092508e-02
1.420000000000000373e+00 4.730894097501441020e-02 8.489245481667402615e-02
1.450000000000000400e+00 3.626004322149791598e-02 8.739058642624651652e-02
1.480000000000000426e+00 2.406855445866769305e-02 9.600310595010179415e-02
1.510000000000000453e+00 5.416057349723851777e-02 1.070532526908686832e-01
1.540000000000000480e+00 6.902833626893369046e-02 1.202132949127971556e-01
1.570000000000000506e+00 4.880903839645255732e-02 1.350557665532322038e-01
1.600000000000000533e+00 3.136513366659551827e-02 1.510362142076578651e-01
1.630000000000000560e+00 -5.246636846428428267e-04 1.692790148277768525e-01
1.660000000000000586e+00 6.762753301952478813e-02 1.891694552896045489e-01
1.690000000000000613e+00 5.008715817469436282e-02 2.088571878098492429e-01
1.720000000000000639e+00 5.728735789576576420e-03 2.292841688464984651e-01
1.750000000000000666e+00 2.604138903254447565e-02 2.527501806389050309e-01
1.780000000000000693e+00 8.348746846637057628e-02 2.920952159912141299e-01
1.810000000000000719e+00 -1.736972108797167624e-02 3.282854460997866597e-01
1.840000000000000746e+00 -2.379246501063154995e-02 3.483176551044572244e-01
1.870000000000000773e+00 -2.259307063639588720e-02 3.578891059821079912e-01
1.900000000000000799e+00 -2.762996681636128993e-02 3.721058407842584015e-01
1.930000000000000826e+00 9.253106383010644559e-03 3.847719662940781160e-01
1.960000000000000853e+00 1.800817294044936012e-02 3.955099673602997523e-01
1.990000000000000879e+00 2.004980520529773061e-02 5.565788943182653492e-01
2.020000000000000906e+00 2.322293877787322963e-02 4.150839939497263376e-01
2.050000000000000711e+00 -6.894380233766357049e-04 4.132752987289244340e-01
2.080000000000000959e+00 -4.796210525925435897e-02 4.026550160135392020e-01
2.110000000000001208e+00 6.083564393528011899e-02 3.851882266962139978e-01
2.140000000000001013e+00 -3.249508650635468676e-02 3.686350092792052835e-01
2.170000000000000817e+00 -9.030381686547721276e-02 3.458260841658783447e-01
2.200000000000001066e+00 5.724860261037025000e-02 3.247292210492205844e-01
2.230000000000001315e+00 3.624632603461658970e-02 3.084318993974104472e-01
2.260000000000001119e+00 1.706792744350868127e-02 2.957127668104460039e-01
2.290000000000000924e+00 2.409513352596793709e-02 2.825416268965469380e-01
2.320000000000001172e+00 -4.212833328364606368e-03 2.710715838808986367e-01
2.350000000000001421e+00 -1.127248726190862400e-03 2.610106238256313382e-01
2.380000000000001226e+00 8.401883681494733136e-02 2.625747025319251637e-01
2.410000000000001030e+00 2.219202971388688217e-02 2.659883851022727952e-01
2.440000000000001279e+00 7.862827876667767557e-02 2.518716436931147107e-01
2.470000000000001528e+00 4.415680051441590870e-02 2.481659278366518673e-01
2.500000000000001332e+00 8.979289958752890988e-03 2.418122515205135270e-01
2.530000000000001137e+00 2.549846929165196230e-02 2.400594771288895313e-01
2.560000000000001386e+00 4.323637895290261685e-02 2.404420988319908026e-01
2.590000000000001634e+00 5.146399951320705657e-02 2.415604189669323387e-01
2.620000000000001439e+00 6.147666303843347252e-02 2.427666930529421008e-01
2.650000000000001243e+00 -8.377955635752623153e-04 2.459113857781259627e-01
2.680000000000001492e+00 7.458807746466385689e-03 2.551399246603063276e-01
2.710000000000001741e+00 -1.378421010615501867e-02 2.620533477189937455e-01
2.740000000000001545e+00 3.817744276944141923e-02 2.663907094529978092e-01
2.770000000000001350e+00 -3.656390990357952231e-02 2.687245345346641057e-01
2.800000000000001599e+00 -1.660110687427027859e-03 2.693639939205399458e-01
2.830000000000001847e+00 3.270216009011461117e-02 2.687040580386994559e-01
2.860000000000001652e+00 -1.516816874091857746e-02 2.666767716003882738e-01
2.890000000000001457e+00 1.352090496228939426e-02 2.638786309554690401e-01
2.920000000000001705e+00 5.674169182886876217e-02 2.595964570289127082e-01
2.950000000000001954e+00 8.508531981685910073e-02 2.554612812221442875e-01
2.980000000000001759e+00 6.109978302792768573e-02 2.530265389003338306e-01
3.010000000000001563e+00 4.274155932382622120e-02 2.451603863833557717e-01
3.040000000000001812e+00 5.142998971977755240e-02 2.405058183575520814e-01
3.070000000000002061e+00 3.172097262432033854e-02 2.294147296107982847e-01
3.100000000000001865e+00 -2.153325097723601464e-02 2.281088397549931868e-01
3.130000000000001670e+00 3.081836646121026077e-02 2.417596113047701945e-01
3.160000000000001918e+00 1.937926449844176724e-02 2.350820522581564542e-01
3.190000000000002167e+00 2.956337083898786383e-02 2.399956492465180335e-01
