# q_A^-1 I_arbitrary conditional_sigma (not total decomposition uncertainty)
6.000000000000000125e-03 6.006972436805263271e+01 1.108481651879072061e+01
7.000000000000000146e-03 4.970553988358969377e+01 5.179193954559615065e+00
8.000000000000000167e-03 4.848371890497472947e+01 3.140772890577770315e+00
9.000000000000001055e-03 4.274333665715830932e+01 2.083090265409362374e+00
1.000000000000000021e-02 4.065103638527595820e+01 1.533866259759178785e+00
1.099999999999999936e-02 3.450054769656308196e+01 1.249421406634710241e+00
1.200000000000000025e-02 3.813420517614157035e+01 1.084568096047954233e+00
1.300000000000000114e-02 3.983495880178509196e+01 9.487826208001438610e-01
1.400000000000000203e-02 3.876447635831592464e+01 8.650401718796980610e-01
1.499999999999999944e-02 3.819772789457561402e+01 7.863200807859348496e-01
1.600000000000000033e-02 3.730856384487148603e+01 7.181030448081023865e-01
1.700000000000000122e-02 3.743111136269047279e+01 6.555216646529844482e-01
1.800000000000000211e-02 3.654518702051215229e+01 6.111282560732929081e-01
1.899999999999999953e-02 3.706445940377180648e+01 5.827003016247901401e-01
2.000000000000000042e-02 3.612511470487476828e+01 5.514547689191241497e-01
2.100000000000000130e-02 3.720354927643178655e+01 5.227068827337675305e-01
2.200000000000000219e-02 3.607213040945610061e+01 5.020751091417333667e-01
2.300000000000000308e-02 3.476436204694269350e+01 4.780720931527414064e-01
2.400000000000000050e-02 3.387229587046540047e+01 4.625759667808652109e-01
2.500000000000000139e-02 3.407188102940271790e+01 4.478567895116117858e-01
2.600000000000000228e-02 3.386575617832139784e+01 4.377668142419072206e-01
2.699999999999999969e-02 3.333747591653071396e+01 4.247872603260742230e-01
2.800000000000000058e-02 3.312468901995546844e+01 4.089565381574917224e-01
2.900000000000000147e-02 3.282297563474817537e+01 4.029933065962144623e-01
3.000000000000000236e-02 3.270976618056535301e+01 3.956629956758123123e-01
3.100000000000000325e-02 3.235589705834053831e+01 3.865456670827898122e-01
3.200000000000000067e-02 3.180717848985869978e+01 3.767580828136659066e-01
3.300000000000000155e-02 3.136615252646869934e+01 3.688309145180245219e-01
3.400000000000000244e-02 3.032731718450783376e+01 3.595889335118517272e-01
3.499999999999999639e-02 3.082513276874879438e+01 3.552898740519003229e-01
3.599999999999999728e-02 2.998937627050665711e+01 3.496940959966592377e-01
3.699999999999999817e-02 2.952002202652337459e+01 3.449929260017935984e-01
3.799999999999999906e-02 2.931267705094796128e+01 3.385881956292884354e-01
3.899999999999999994e-02 2.858233113900892164e+01 3.306508102269589688e-01
4.000000000000000083e-02 2.777734692426588836e+01 3.283705845479164553e-01
4.100000000000000172e-02 2.708387497718454640e+01 3.216625466563969304e-01
4.199999999999999567e-02 2.785495099346171699e+01 3.183962799736988480e-01
4.299999999999999656e-02 2.636998436564362081e+01 3.098943267813756841e-01
4.399999999999999745e-02 2.532024532761705160e+01 3.057237456414992893e-01
4.499999999999999833e-02 2.576005661758354393e+01 3.057711092413675225e-01
4.599999999999999922e-02 2.525248437339722329e+01 2.971745005081432578e-01
4.700000000000000011e-02 2.504222749894911004e+01 2.910754511983986159e-01
4.800000000000000100e-02 2.472345267842279526e+01 2.865540323728310024e-01
4.899999999999999495e-02 2.333683547442235096e+01 2.844896870620724494e-01
5.000000000000000278e-02 2.328727064790452062e+01 2.805704900564307547e-01
5.200000000000000455e-02 2.233543327739780793e+01 1.943125175984907194e-01
5.400000000000000633e-02 2.150671906839945180e+01 1.888362735011012983e-01
5.600000000000000810e-02 2.031438986159789906e+01 1.890150689564119024e-01
5.800000000000000988e-02 2.012478048909637351e+01 1.920095338042687172e-01
6.000000000000001166e-02 1.891087233213564645e+01 1.904832346317305025e-01
6.200000000000001343e-02 1.822924118125018111e+01 1.829179617444733896e-01
6.400000000000001521e-02 1.764325861923969896e+01 1.769479694765392908e-01
6.600000000000001699e-02 1.712818787730546433e+01 1.732593861644785016e-01
6.800000000000001876e-02 1.627663372972437728e+01 1.685146997863647689e-01
7.000000000000002054e-02 1.556234498014733170e+01 1.657111542747438382e-01
7.200000000000002232e-02 1.475753985363135357e+01 1.615436462206188695e-01
7.400000000000002409e-02 1.451784915288591904e+01 1.627851356631121182e-01
7.600000000000002587e-02 1.387335524433419032e+01 1.608760747274001757e-01
7.800000000000002764e-02 1.342702994639731706e+01 1.559249524047804925e-01
8.000000000000002942e-02 1.286514045416366514e+01 1.573230084619232361e-01
8.200000000000003120e-02 1.231480607785102954e+01 1.585427360908154559e-01
8.400000000000003297e-02 1.214518305744237558e+01 1.572384447020225839e-01
8.600000000000003475e-02 1.152684742284946218e+01 1.517891390240067861e-01
8.800000000000003653e-02 1.116763567353591746e+01 1.506009692849836767e-01
9.000000000000003830e-02 1.058218234640004773e+01 1.519725665452022201e-01
9.200000000000004008e-02 1.029254371104008925e+01 1.510821069692270535e-01
9.400000000000004186e-02 9.944124513108876684e+00 1.496148245755419270e-01
9.600000000000004363e-02 9.690998695888403347e+00 1.489785584872112545e-01
9.800000000000004541e-02 9.234612880590233885e+00 1.486705828400960161e-01
1.000000000000000056e-01 8.814007723170197650e+00 1.479692323719342950e-01
1.050000000000000100e-01 8.274826181993320873e+00 9.179618182463247789e-02
1.100000000000000144e-01 7.629358203745746358e+00 8.989475109153777233e-02
1.150000000000000189e-01 7.019072333410250053e+00 8.816691116283981167e-02
1.200000000000000233e-01 6.352835497086433136e+00 8.633677079469465054e-02
1.250000000000000278e-01 5.878349956441381252e+00 8.586419327005924418e-02
1.300000000000000322e-01 5.367881993065780399e+00 8.821698269943710480e-02
1.350000000000000366e-01 4.904261074132747922e+00 8.504627923313010096e-02
1.400000000000000411e-01 4.417717583074091792e+00 8.327211449314947389e-02
1.450000000000000455e-01 4.160514957751950682e+00 8.180337667646592203e-02
1.500000000000000500e-01 3.942158233759964325e+00 8.233157377290342693e-02
1.550000000000000544e-01 3.707437076650718755e+00 8.469861522556366984e-02
1.600000000000000588e-01 3.207576668607298398e+00 8.533149690544181154e-02
1.650000000000000633e-01 3.255889969724497846e+00 8.554174898689777262e-02
1.700000000000000677e-01 2.887651435145133227e+00 8.630577721764080834e-02
1.750000000000000722e-01 2.574316930361036704e+00 8.625709533573180932e-02
1.800000000000000766e-01 2.563042261732673133e+00 8.574158101532236564e-02
1.850000000000000810e-01 2.396165143746559867e+00 8.523840466786426762e-02
1.900000000000000855e-01 2.042790265703017916e+00 8.467080677520698317e-02
1.950000000000000899e-01 2.091404198089635624e+00 8.543803812529340846e-02
2.000000000000000944e-01 1.962699429698937958e+00 7.925338223045615138e-02
2.050000000000000988e-01 1.756339581670694816e+00 8.104481670102468838e-02
2.100000000000001033e-01 1.732385332862028449e+00 8.000985898736692747e-02
2.150000000000001077e-01 1.490003167912363979e+00 7.992178868095384248e-02
2.200000000000001121e-01 1.562387278229387277e+00 7.769815319043281432e-02
2.250000000000001166e-01 1.450688599390449918e+00 7.624802063169056066e-02
2.300000000000001210e-01 1.544216323164172788e+00 7.643205161022664784e-02
2.350000000000001255e-01 1.248308358441855059e+00 7.568013997530105563e-02
2.400000000000001299e-01 1.537297697870009250e+00 7.833509860339472886e-02
2.450000000000001343e-01 1.173228931942188913e+00 8.131397507684265391e-02
2.500000000000001110e-01 1.218762839861702085e+00 7.892660883984416176e-02
2.550000000000001155e-01 1.169507517624627235e+00 8.320384591858698276e-02
2.600000000000001199e-01 1.043199214742237313e+00 8.170698841759128916e-02
2.650000000000001243e-01 9.783872171484090385e-01 8.502136067301424571e-02
2.700000000000001288e-01 1.097998509670104372e+00 8.655400858392707508e-02
2.750000000000001332e-01 1.006989487375272274e+00 8.181068223620936719e-02
2.800000000000001377e-01 1.026306802684151531e+00 9.087988628984138006e-02
2.850000000000001421e-01 8.160565913848425446e-01 8.449330563933050986e-02
2.900000000000001465e-01 9.490113650434237602e-01 8.769501271127368158e-02
2.950000000000001510e-01 7.396269745033623444e-01 8.579058897890941282e-02
3.000000000000001554e-01 8.497840316087715840e-01 8.716955788344873945e-02
3.050000000000001599e-01 6.713160937401037032e-01 8.592366699947848185e-02
3.100000000000001643e-01 9.631017593982431624e-01 8.458537131581089774e-02
3.150000000000001688e-01 9.239886909894363676e-01 8.481453916877404464e-02
3.200000000000001732e-01 8.237903799517430903e-01 8.011010859783840310e-02
3.250000000000001776e-01 8.077987096184987559e-01 8.103048303237775363e-02
3.300000000000001821e-01 8.036340636292956807e-01 8.144607598684074079e-02
3.350000000000001865e-01 7.943510912881103225e-01 7.879968339207624184e-02
3.400000000000001910e-01 8.641640388668044848e-01 7.862518257748830897e-02
3.450000000000001954e-01 7.753372495928912977e-01 8.054457790775151893e-02
3.500000000000001998e-01 6.866725784365268481e-01 7.473354620598333942e-02
3.550000000000002043e-01 7.570685729857090651e-01 7.866416824161437393e-02
3.600000000000002087e-01 6.279160880319825111e-01 7.653269371769950979e-02
3.650000000000002132e-01 6.266197268977072854e-01 7.764367988903156381e-02
3.700000000000002176e-01 5.591384029007869794e-01 7.471810441879225828e-02
3.750000000000002220e-01 6.970634983508563476e-01 7.208223053272090619e-02
3.800000000000002265e-01 5.863120611805603399e-01 7.129806689049818236e-02
3.850000000000002309e-01 6.321933365049197118e-01 7.232943498938586291e-02
3.900000000000002354e-01 6.310976665975179811e-01 6.954320738678922142e-02
3.950000000000002398e-01 7.535168609347129287e-01 7.102195146930792569e-02
4.000000000000002442e-01 5.092556833234345159e-01 6.979261344287171487e-02
4.050000000000002487e-01 6.812228781038225378e-01 7.841230530798139198e-02
4.100000000000002531e-01 6.629892542353509333e-01 7.526750820317812396e-02
4.150000000000002576e-01 5.103334972739960174e-01 7.902669783323792996e-02
4.200000000000002620e-01 6.207391975563770758e-01 6.759496896405715882e-02
4.250000000000002665e-01 5.719874285773530742e-01 6.769779898585258360e-02
4.300000000000002709e-01 5.340849904370371659e-01 6.930801260413010922e-02
4.350000000000002753e-01 6.421794101981957992e-01 6.873324832993552014e-02
4.400000000000002798e-01 6.663659171793364644e-01 6.641582342065449618e-02
4.450000000000002842e-01 5.717167148215227535e-01 6.497030574484599641e-02
4.500000000000002887e-01 5.715302500345258441e-01 6.696391617517277739e-02
4.550000000000002931e-01 3.409884132698153825e-01 6.461534244872632615e-02
4.600000000000002975e-01 5.551889390183138984e-01 6.510038751339913832e-02
4.650000000000003020e-01 4.243464664613955661e-01 6.365934289365408894e-02
4.700000000000003064e-01 5.169702933888479235e-01 6.595492072162267849e-02
4.750000000000003109e-01 4.655723203237753238e-01 6.157448365817631136e-02
4.800000000000003153e-01 5.750963719028241439e-01 6.636564362302464770e-02
4.850000000000003197e-01 4.509372171438993937e-01 6.311347329583440191e-02
4.900000000000003242e-01 4.069528483627796178e-01 6.344241492939552141e-02
4.950000000000003286e-01 5.177959482998535368e-01 6.019214500953108671e-02
5.000000000000000000e-01 5.117566182413216813e-01 7.068999223542490884e-02
5.100000000000000089e-01 4.630509380352296200e-01 4.455132753162181769e-02
5.200000000000000178e-01 4.840225783555900940e-01 4.145003197792043043e-02
5.300000000000000266e-01 4.847635186087470571e-01 4.224204576015302970e-02
5.400000000000000355e-01 4.997717829606928563e-01 4.118337086576481093e-02
5.500000000000000444e-01 4.356735236841489667e-01 4.049964277211928060e-02
5.600000000000000533e-01 5.155744711233755107e-01 3.917457221019757241e-02
5.700000000000000622e-01 3.963667483083729293e-01 3.861351273396402412e-02
5.800000000000000711e-01 4.439190319765917159e-01 3.943543648980078753e-02
5.900000000000000799e-01 3.666599872711997499e-01 3.895297662205925160e-02
6.000000000000000888e-01 3.711981344568612839e-01 4.014862413141630226e-02
6.100000000000000977e-01 5.191019259070918102e-01 3.919374017795924231e-02
6.200000000000001066e-01 3.751642745828197567e-01 3.840033035457460220e-02
6.300000000000001155e-01 3.664909182870644266e-01 3.803065242748920188e-02
6.400000000000001243e-01 4.494081872392250987e-01 3.742293397073239575e-02
6.500000000000001332e-01 3.835823602804064869e-01 3.695633875672079544e-02
6.600000000000001421e-01 4.835941442304292903e-01 3.661749883212067624e-02
6.700000000000001510e-01 3.800135616488176105e-01 3.770096213410981806e-02
6.800000000000001599e-01 4.165874279982332840e-01 3.690968642471498945e-02
6.900000000000001688e-01 3.728302306048831838e-01 3.668964068397913281e-02
7.000000000000001776e-01 4.023509902486900880e-01 3.745776745351831610e-02
7.100000000000001865e-01 3.032462607432743762e-01 3.653609280670131604e-02
7.200000000000001954e-01 3.132364110868027240e-01 3.698844509128969976e-02
7.300000000000002043e-01 3.299980857782705557e-01 3.703240876794468284e-02
7.400000000000002132e-01 3.586674873343482783e-01 3.705340337633546144e-02
7.500000000000002220e-01 3.309574183250492685e-01 3.671586928084205614e-02
7.600000000000002309e-01 3.453742972861858496e-01 3.703693457476807394e-02
7.700000000000002398e-01 4.002997551414150812e-01 3.731084489954648170e-02
7.800000000000002487e-01 3.270617844385310669e-01 3.814770900517804042e-02
7.900000000000002576e-01 3.760134033092769612e-01 3.822567135061687160e-02
8.000000000000002665e-01 2.879608549280611718e-01 3.781248070565158131e-02
8.100000000000002753e-01 3.555443275104047673e-01 3.741254524015988348e-02
8.200000000000002842e-01 2.566059703745645626e-01 3.796469439858371486e-02
8.300000000000002931e-01 3.540827032619614512e-01 3.855766555876211088e-02
8.400000000000003020e-01 2.681362384805638932e-01 3.909646077760815797e-02
8.500000000000003109e-01 3.212160770627219275e-01 3.898612408476756497e-02
8.600000000000003197e-01 2.611807499590472204e-01 3.932420900926542756e-02
8.700000000000003286e-01 2.775762812029058391e-01 3.909498880898843592e-02
8.800000000000003375e-01 3.641359065668109962e-01 3.790130398435473391e-02
8.900000000000003464e-01 2.901681758250684862e-01 3.675289956395276503e-02
9.000000000000003553e-01 3.075874425697199266e-01 3.656132308783405921e-02
9.100000000000003642e-01 3.097596897856212950e-01 3.740474325086851765e-02
9.200000000000003730e-01 2.756576689825745996e-01 3.680911148059053117e-02
9.300000000000003819e-01 3.266747713167108547e-01 3.693005748573552349e-02
9.400000000000003908e-01 2.579082280356807533e-01 3.703263033661274850e-02
9.500000000000003997e-01 2.706126291991658439e-01 3.762255907627016366e-02
9.600000000000004086e-01 1.920200919746104240e-01 3.753931662502830308e-02
9.700000000000004174e-01 3.125514471081015655e-01 3.807178009191141549e-02
9.800000000000004263e-01 2.623051310357664145e-01 3.898000990680308697e-02
9.900000000000004352e-01 2.504400499458330764e-01 3.928378447171635562e-02
1.000000000000000000e+00 2.836929471795022750e-01 3.973988429447793819e-02
1.030000000000000027e+00 2.815044388016182952e-01 2.465387536945059035e-02
1.060000000000000053e+00 2.671757503675633028e-01 2.611219023226825711e-02
1.090000000000000080e+00 2.602766620382093721e-01 2.755873842157216189e-02
1.120000000000000107e+00 2.451041987687786472e-01 2.744990621139334688e-02
1.150000000000000133e+00 2.620811886551203673e-01 2.766286004350769837e-02
1.180000000000000160e+00 3.320743835853252612e-01 3.173035627555130522e-02
1.210000000000000187e+00 3.022131109905821233e-01 3.555158747951281395e-02
1.240000000000000213e+00 3.068279566180051599e-01 3.830319875500231425e-02
1.270000000000000240e+00 2.926452771485005822e-01 4.168517568716732097e-02
1.300000000000000266e+00 3.210498388595970920e-01 4.558705732106617392e-02
1.330000000000000293e+00 3.130991711722076465e-01 5.131319464114320744e-02
1.360000000000000320e+00 3.235940770173412750e-01 5.766770168939712449e-02
1.390000000000000346e+00 3.218836383744518859e-01 7.444389119531230614e-02
1.420000000000000373e+00 3.357485651733824183e-01 7.862126987715643833e-02
1.450000000000000400e+00 3.556442517943653181e-01 8.079790556591116835e-02
1.480000000000000426e+00 3.760292175460508424e-01 8.874758385904432667e-02
1.510000000000000453e+00 3.613281124857975479e-01 9.889083705187468043e-02
1.540000000000000480e+00 3.766855239191055360e-01 1.111448377239124125e-01
1.570000000000000506e+00 3.562101194254477243e-01 1.248695117067954580e-01
1.600000000000000533e+00 3.251935434539846570e-01 1.396946612325431492e-01
1.630000000000000560e+00 3.168210444744702925e-01 1.565394967631422440e-01
1.660000000000000586e+00 3.766475924729854596e-01 1.749087602541327668e-01
1.690000000000000613e+00 3.110721722463024030e-01 1.931057226239483726e-01
1.720000000000000639e+00 2.374998628360256991e-01 2.119904957338475948e-01
1.750000000000000666e+00 2.558617805309235105e-01 2.336149649626851621e-01
1.780000000000000693e+00 2.621495233322339025e-01 2.700198833360512585e-01
1.810000000000000719e+00 1.901828097073262613e-01 3.035519769179841343e-01
1.840000000000000746e+00 1.452238153119352893e-01 3.221069345182643873e-01
1.870000000000000773e+00 7.788190123442242929e-02 3.308357214904514287e-01
1.900000000000000799e+00 8.959658757548527586e-02 3.439870607590115315e-01
1.930000000000000826e+00 3.488099896789893101e-02 3.556475957413422484e-01
1.960000000000000853e+00 2.484203713955062884e-02 3.656292061567538165e-01
1.990000000000000879e+00 9.309578810243017422e-03 5.143372783961004391e-01
2.020000000000000906e+00 2.634152611725210699e-03 3.837138589749830575e-01
2.050000000000000711e+00 -1.836635074978138979e-02 3.818834481701132155e-01
2.080000000000000959e+00 -7.391840094796441052e-02 3.721089064308170102e-01
2.110000000000001208e+00 -2.311327451016589873e-02 3.562039280241244832e-01
2.140000000000001013e+00 -1.237472301313511380e-01 3.407566512944130155e-01
2.170000000000000817e+00 -1.336250755020160497e-01 3.196842824930249405e-01
2.200000000000001066e+00 -7.769341820354656869e-02 3.002239846493074404e-01
2.230000000000001315e+00 -7.722318986115578321e-02 2.851485369239095125e-01
2.260000000000001119e+00 -5.042078149920040109e-02 2.734068527215359756e-01
2.290000000000000924e+00 -9.911362154278703651e-02 2.612669605230991676e-01
2.320000000000001172e+00 -1.318080272333586322e-01 2.505629688569691593e-01
2.350000000000001421e+00 -8.591150840262301580e-02 2.413798294404017886e-01
2.380000000000001226e+00 -7.502473841469699256e-02 2.427042956436076260e-01
2.410000000000001030e+00 -1.114819602184119601e-01 2.459241494036165931e-01
2.440000000000001279e+00 -8.115416329782099147e-02 2.329432174429606484e-01
2.470000000000001528e+00 -8.808300453386345985e-02 2.294722877974872954e-01
2.500000000000001332e+00 -9.358818293717870163e-02 2.236966624515114577e-01
2.530000000000001137e+00 -9.468081303949531236e-02 2.220308229015310331e-01
2.560000000000001386e+00 -7.821215440416179332e-02 2.223763845050336363e-01
2.590000000000001634e+00 -5.854600464561687811e-02 2.234314412627841362e-01
2.620000000000001439e+00 -5.335609920718131088e-02 2.245828850179723557e-01
2.650000000000001243e+00 -6.819601414158840691e-02 2.275293197447647020e-01
2.680000000000001492e+00 -7.075499717277380918e-02 2.360118804893050204e-01
2.710000000000001741e+00 -5.447197670260379987e-02 2.424130107871777517e-01
2.740000000000001545e+00 -9.327905823972700017e-02 2.463432283987795623e-01
2.770000000000001350e+00 -6.514141824519413537e-02 2.485523168921773829e-01
2.800000000000001599e+00 -6.985910174467825640e-02 2.490914936273627422e-01
2.830000000000001847e+00 -3.113553229704903169e-02 2.484765315431139432e-01
2.860000000000001652e+00 -4.362924348515566896e-03 2.467119239429494126e-01
2.890000000000001457e+00 -5.595803239478978203e-02 2.440424085643923546e-01
2.920000000000001705e+00 -1.064005971015108062e-02 2.400903617200024487e-01
2.950000000000001954e+00 3.104026706653955497e-02 2.361674927122403289e-01
2.980000000000001759e+00 -3.823971227662305294e-02 2.339563761323028013e-01
3.010000000000001563e+00 8.180759205779139509e-03 2.266884591555377026e-01
3.040000000000001812e+00 3.945641057755254304e-03 2.223909339280212838e-01
3.070000000000002061e+00 -5.679450800702084447e-03 2.121206040947876958e-01
3.100000000000001865e+00 -7.793753920942681108e-03 2.109695436536219437e-01
3.130000000000001670e+00 2.452702481011706862e-02 2.237056115584353244e-01
3.160000000000001918e+00 2.813112360343153202e-04 2.174758810267773401e-01
3.190000000000002167e+00 1.522064711865963801e-02 2.220920117469065702e-01
