# q_A^-1 I_arbitrary conditional_sigma; scale: sum of elution coefficients = 1
6.000000000000000125e-03 1.140646132380250322e+02 1.351736955169376841e+01
7.000000000000000146e-03 8.465123979444251745e+01 6.302628461414173877e+00
8.000000000000000167e-03 7.467910251635855445e+01 3.825618606979094505e+00
9.000000000000001055e-03 6.162775041730377978e+01 2.528610307711485206e+00
1.000000000000000021e-02 5.708892728440166309e+01 1.863496686731945351e+00
1.099999999999999936e-02 4.768803839978448167e+01 1.517772561626353101e+00
1.200000000000000025e-02 5.278705485568963240e+01 1.317811040378630283e+00
1.300000000000000114e-02 5.582338812717453891e+01 1.152818707344338112e+00
1.400000000000000203e-02 5.291670514764356881e+01 1.049635024015213913e+00
1.499999999999999944e-02 5.161756475351630513e+01 9.541910685767039935e-01
1.600000000000000033e-02 5.027985075634899204e+01 8.702425747303423886e-01
1.700000000000000122e-02 5.015518503740161549e+01 7.946472945706004598e-01
1.800000000000000211e-02 4.909197098638077250e+01 7.402618944408273505e-01
1.899999999999999953e-02 5.005575997390170073e+01 7.058175247537757935e-01
2.000000000000000042e-02 4.808296592753899290e+01 6.675450727374826476e-01
2.100000000000000130e-02 5.000812900389009030e+01 6.333674956994798100e-01
2.200000000000000219e-02 4.830739681622326032e+01 6.078640023577699392e-01
2.300000000000000308e-02 4.619182195606006758e+01 5.794007604683323320e-01
2.400000000000000050e-02 4.468702448409243999e+01 5.602368250241474001e-01
2.500000000000000139e-02 4.492908107243792415e+01 5.423208226673862375e-01
2.600000000000000228e-02 4.518333936205397094e+01 5.304078518933750264e-01
2.699999999999999969e-02 4.459709939564514514e+01 5.143093675462068193e-01
2.800000000000000058e-02 4.377070298156527173e+01 4.955617019078676910e-01
2.900000000000000147e-02 4.373257591317268123e+01 4.880503656943634971e-01
3.000000000000000236e-02 4.371411164662127646e+01 4.792010651519257869e-01
3.100000000000000325e-02 4.312974560309997685e+01 4.680698861525068311e-01
3.200000000000000067e-02 4.212501067722499215e+01 4.562762027654000963e-01
3.300000000000000155e-02 4.153015519887446771e+01 4.464223572886291125e-01
3.400000000000000244e-02 4.024372668923582808e+01 4.356096370211003932e-01
3.499999999999999639e-02 4.057652102068968958e+01 4.299047705186764268e-01
3.599999999999999728e-02 3.964458114744131478e+01 4.234458707144873602e-01
3.699999999999999817e-02 3.890703744543594667e+01 4.175228513770304350e-01
3.799999999999999906e-02 3.876230829472552841e+01 4.102038436699440016e-01
3.899999999999999994e-02 3.787363493357649702e+01 4.003087058027496314e-01
4.000000000000000083e-02 3.637416221314879294e+01 3.974620159113642637e-01
4.100000000000000172e-02 3.567925900770733705e+01 3.897842565183350927e-01
4.199999999999999567e-02 3.651934195920307502e+01 3.854048549437883442e-01
4.299999999999999656e-02 3.470544925329424757e+01 3.756697762593012579e-01
4.399999999999999745e-02 3.315902110892416488e+01 3.704345884239038655e-01
4.499999999999999833e-02 3.381862899419877522e+01 3.700922921991123826e-01
4.599999999999999922e-02 3.342014486359678926e+01 3.601049507008036721e-01
4.700000000000000011e-02 3.281356915655671713e+01 3.529304963145853957e-01
4.800000000000000100e-02 3.258752826392304058e+01 3.472697188014316483e-01
4.899999999999999495e-02 3.028061185311588588e+01 3.447447591206304618e-01
5.000000000000000278e-02 3.042531042069581559e+01 3.399969707097150184e-01
5.200000000000000455e-02 2.907722434428684721e+01 2.355019448639630864e-01
5.400000000000000633e-02 2.796117148119845197e+01 2.288912032128728458e-01
5.600000000000000810e-02 2.636533006330129325e+01 2.291042911208366617e-01
5.800000000000000988e-02 2.608253915236512910e+01 2.326843618099018463e-01
6.000000000000001166e-02 2.452326325174150412e+01 2.308946669845632071e-01
6.200000000000001343e-02 2.350997920304573796e+01 2.218068563331945520e-01
6.400000000000001521e-02 2.277010043961760033e+01 2.145376859220769483e-01
6.600000000000001699e-02 2.221804406931354237e+01 2.101488123906115058e-01
6.800000000000001876e-02 2.094586465611111947e+01 2.043310308476754822e-01
7.000000000000002054e-02 2.000197071845037300e+01 2.009494380492046484e-01
7.200000000000002232e-02 1.888803222792518710e+01 1.959718479985956552e-01
7.400000000000002409e-02 1.864593882153839388e+01 1.974979416850884961e-01
7.600000000000002587e-02 1.768125991697814925e+01 1.951477097041288689e-01
7.800000000000002764e-02 1.719327767459058620e+01 1.891973548556181717e-01
8.000000000000002942e-02 1.632521814526063508e+01 1.909137766571451789e-01
8.200000000000003120e-02 1.560044589174760965e+01 1.923234582650347191e-01
8.400000000000003297e-02 1.552607724262753308e+01 1.908791721307001588e-01
8.600000000000003475e-02 1.457940032294565569e+01 1.842528500652607648e-01
8.800000000000003653e-02 1.426384720301377129e+01 1.827815921881142114e-01
9.000000000000003830e-02 1.337160068885042286e+01 1.844712058128382959e-01
9.200000000000004008e-02 1.302930839081812309e+01 1.834173859152413433e-01
9.400000000000004186e-02 1.259680366507765115e+01 1.816130152572782985e-01
9.600000000000004363e-02 1.216958822373734606e+01 1.808546152935573970e-01
9.800000000000004541e-02 1.156594663183542693e+01 1.805271462484992484e-01
1.000000000000000056e-01 1.097127619058932169e+01 1.796892962282730377e-01
1.050000000000000100e-01 1.039343472856856998e+01 1.114824192468309577e-01
1.100000000000000144e-01 9.550312760195474482e+00 1.091629670511439359e-01
1.150000000000000189e-01 8.716056189675454036e+00 1.070848870462081659e-01
1.200000000000000233e-01 7.940456905373595831e+00 1.048786935550177490e-01
1.250000000000000278e-01 7.318238741055406393e+00 1.043221865904335743e-01
1.300000000000000322e-01 6.673704740345431929e+00 1.071957447356424592e-01
1.350000000000000366e-01 5.998834621022353097e+00 1.033615679673127452e-01
1.400000000000000411e-01 5.451115476682624639e+00 1.011910859670044627e-01
1.450000000000000455e-01 5.253390369655052794e+00 9.945402971655506463e-02
1.500000000000000500e-01 4.917550965394257290e+00 1.000960732343494225e-01
1.550000000000000544e-01 4.631049912471292274e+00 1.029650397826651770e-01
1.600000000000000588e-01 3.880711046842392875e+00 1.037322499949343141e-01
1.650000000000000633e-01 4.029709506426124577e+00 1.039920284545682860e-01
1.700000000000000677e-01 3.567036056713122960e+00 1.049530461875252951e-01
1.750000000000000722e-01 3.167500768012003753e+00 1.048972802452317749e-01
1.800000000000000766e-01 3.138678114591406221e+00 1.042508849498881979e-01
1.850000000000000810e-01 2.917715565072553918e+00 1.036576193080537694e-01
1.900000000000000855e-01 2.590160520149435097e+00 1.029903188458880098e-01
1.950000000000000899e-01 2.583326395060846714e+00 1.039072181253881122e-01
2.000000000000000944e-01 2.343473276769106661e+00 9.625192474538754595e-02
2.050000000000000988e-01 2.156065806116668870e+00 9.852897805592530922e-02
2.100000000000001033e-01 2.154648029413755772e+00 9.733019312864933659e-02
2.150000000000001077e-01 1.861308122903445827e+00 9.731786288229062054e-02
2.200000000000001121e-01 1.998019991618396718e+00 9.463028775387037628e-02
2.250000000000001166e-01 1.867212712332002589e+00 9.296587828719463098e-02
2.300000000000001210e-01 1.935414108166006120e+00 9.309807224260401026e-02
2.350000000000001255e-01 1.510847210903000670e+00 9.205426919580397827e-02
2.400000000000001299e-01 1.930400639595432288e+00 9.536270881467735772e-02
2.450000000000001343e-01 1.423117501914581862e+00 9.896887332283323124e-02
2.500000000000001110e-01 1.534378126706971379e+00 9.602023325057520986e-02
2.550000000000001155e-01 1.409167604879386637e+00 1.012272459934179802e-01
2.600000000000001199e-01 1.260819262922181716e+00 9.937185148152230529e-02
2.650000000000001243e-01 1.259242953637058404e+00 1.035531220697160221e-01
2.700000000000001288e-01 1.433788630821251520e+00 1.049269436332790212e-01
2.750000000000001332e-01 1.276952508254426188e+00 9.943681233615649095e-02
2.800000000000001377e-01 1.270693824308260389e+00 1.105838486993242636e-01
2.850000000000001421e-01 9.907032846113310587e-01 1.031863476683834990e-01
2.900000000000001465e-01 1.163531977733612166e+00 1.070059235785672247e-01
2.950000000000001510e-01 8.589505668236696589e-01 1.042968624630007390e-01
3.000000000000001554e-01 1.035060317319868917e+00 1.062666002107484770e-01
3.050000000000001599e-01 8.044795188902461591e-01 1.044704900633672690e-01
3.100000000000001643e-01 1.194176088252471235e+00 1.029629742518397562e-01
3.150000000000001688e-01 1.110681168147689801e+00 1.032322928440819049e-01
3.200000000000001732e-01 1.066883850867017758e+00 9.755753752105006393e-02
3.250000000000001776e-01 1.013831237320588885e+00 9.852657192171056233e-02
3.300000000000001821e-01 1.015264975675361114e+00 9.928387390256833422e-02
3.350000000000001865e-01 1.019971926184653155e+00 9.589629190488074828e-02
3.400000000000001910e-01 1.094664940749237925e+00 9.553749142324462207e-02
3.450000000000001954e-01 9.712708064923609719e-01 9.788832105958966689e-02
3.500000000000001998e-01 8.230778348560908730e-01 9.084064301077048043e-02
3.550000000000002043e-01 9.559500272790463216e-01 9.553098119153981271e-02
3.600000000000002087e-01 7.855901730898360302e-01 9.304663833327933564e-02
3.650000000000002132e-01 8.083015314517767447e-01 9.464624790974975055e-02
3.700000000000002176e-01 6.965342655022227492e-01 9.082925336246225334e-02
3.750000000000002220e-01 9.672939671443698817e-01 8.782341659667326772e-02
3.800000000000002265e-01 7.306206084821117441e-01 8.693215991921732222e-02
3.850000000000002309e-01 7.951635221235109352e-01 8.809261832914933033e-02
3.900000000000002354e-01 7.730501170571764114e-01 8.457785521365895898e-02
3.950000000000002398e-01 9.739012778060088804e-01 8.634400654848593815e-02
4.000000000000002442e-01 5.827142140864531861e-01 8.476885848484200237e-02
4.050000000000002487e-01 8.700689667967851371e-01 9.550902234061794949e-02
4.100000000000002531e-01 8.828122572322456563e-01 9.154662415283616739e-02
4.150000000000002576e-01 6.124342044893016368e-01 9.615894265739392821e-02
4.200000000000002620e-01 7.669834248408282651e-01 8.227503428367023697e-02
4.250000000000002665e-01 7.729415278186175797e-01 8.231803393118558576e-02
4.300000000000002709e-01 6.259656891620752894e-01 8.416401101136801455e-02
4.350000000000002753e-01 8.431443064039283453e-01 8.352199370981008841e-02
4.400000000000002798e-01 8.459407031185417480e-01 8.076310282773221938e-02
4.450000000000002842e-01 7.130406856457071063e-01 7.906406576531717356e-02
4.500000000000002887e-01 7.309468099478187986e-01 8.158513531507467775e-02
4.550000000000002931e-01 4.009200154728333465e-01 7.873421070139317857e-02
4.600000000000002975e-01 6.276825730603510234e-01 7.915857502967706127e-02
4.650000000000003020e-01 4.717402541409977945e-01 7.746738594442892367e-02
4.700000000000003064e-01 6.569909611402708904e-01 8.018184281454686368e-02
4.750000000000003109e-01 5.649362965707096507e-01 7.499066288531223978e-02
4.800000000000003153e-01 7.226054399629664449e-01 8.060111408671791211e-02
4.850000000000003197e-01 5.503976079554731005e-01 7.675288559415673062e-02
4.900000000000003242e-01 5.115311758370632012e-01 7.720220473364612646e-02
4.950000000000003286e-01 6.920281419639703335e-01 7.315180154349437691e-02
5.000000000000000000e-01 6.208046314633937079e-01 8.590445650953790202e-02
5.100000000000000089e-01 5.642377872450445864e-01 5.425651718734655210e-02
5.200000000000000178e-01 6.258351397882584433e-01 5.046065744815354803e-02
5.300000000000000266e-01 6.152177585870981513e-01 5.137075435308261634e-02
5.400000000000000355e-01 6.158050993498531689e-01 5.009091360707661894e-02
5.500000000000000444e-01 5.470463677440732253e-01 4.923923040152271974e-02
5.600000000000000533e-01 6.397645613161814238e-01 4.772956441119183268e-02
5.700000000000000622e-01 4.978764618794512820e-01 4.701368478715588217e-02
5.800000000000000711e-01 5.474916924199852986e-01 4.796493744975770940e-02
5.900000000000000799e-01 4.543825756091828261e-01 4.738052524133695015e-02
6.000000000000000888e-01 4.764395778490116973e-01 4.879023874840929254e-02
6.100000000000000977e-01 6.726540351468515144e-01 4.768034447313663354e-02
6.200000000000001066e-01 4.764838898185064231e-01 4.674054054429674365e-02
6.300000000000001155e-01 4.337569641712035184e-01 4.628518668353492210e-02
6.400000000000001243e-01 5.757287318053108116e-01 4.554512676864506254e-02
6.500000000000001332e-01 4.602100188744048803e-01 4.501720123106926069e-02
6.600000000000001421e-01 6.340032920479581335e-01 4.459444573937571682e-02
6.700000000000001510e-01 4.776909871540853114e-01 4.586159461124924425e-02
6.800000000000001599e-01 5.323212763727476204e-01 4.489297495264060744e-02
6.900000000000001688e-01 4.670325379819692535e-01 4.467967496388486337e-02
7.000000000000001776e-01 5.076180107619383541e-01 4.553891819147444509e-02
7.100000000000001865e-01 3.654579799124573203e-01 4.448711936729198013e-02
7.200000000000001954e-01 4.036881486164805022e-01 4.502941004919952528e-02
7.300000000000002043e-01 4.183366898304909931e-01 4.504374502804817104e-02
7.400000000000002132e-01 4.563124621542086756e-01 4.508654680882626803e-02
7.500000000000002220e-01 4.279961769799153770e-01 4.468855651987088673e-02
7.600000000000002309e-01 4.335088347437998646e-01 4.509683190095912370e-02
7.700000000000002398e-01 5.306295041209988517e-01 4.537634370240526543e-02
7.800000000000002487e-01 4.043696706190534340e-01 4.643188962065668973e-02
7.900000000000002576e-01 4.974985326018711018e-01 4.654450677446339557e-02
8.000000000000002665e-01 3.530246023503561537e-01 4.599754117076747945e-02
8.100000000000002753e-01 4.278353888155204676e-01 4.553136021931324107e-02
8.200000000000002842e-01 3.073351342148630261e-01 4.621276439033157601e-02
8.300000000000002931e-01 4.713611172156874085e-01 4.694363208934147075e-02
8.400000000000003020e-01 3.184865474125565532e-01 4.760584696568765511e-02
8.500000000000003109e-01 3.982428894823796806e-01 4.744269294302950329e-02
8.600000000000003197e-01 3.184502216759746984e-01 4.787365681108290277e-02
8.700000000000003286e-01 3.292028747003342137e-01 4.760380256938835652e-02
8.800000000000003375e-01 4.723937743591690719e-01 4.611185989480830888e-02
8.900000000000003464e-01 3.727638755649965163e-01 4.471242031413142498e-02
9.000000000000003553e-01 3.705255871746451768e-01 4.450300063112055254e-02
9.100000000000003642e-01 4.010141405144780902e-01 4.548167929314850255e-02
9.200000000000003730e-01 3.194363838189863691e-01 4.477821145996494639e-02
9.300000000000003819e-01 4.233432147539423762e-01 4.493194563571641098e-02
9.400000000000003908e-01 2.910413109473933835e-01 4.507018316037167405e-02
9.500000000000003997e-01 3.436643913731299294e-01 4.578419041839340564e-02
9.600000000000004086e-01 2.137414973803894447e-01 4.570527753838218854e-02
9.700000000000004174e-01 3.991936126375794647e-01 4.631821547281023826e-02
9.800000000000004263e-01 3.263810173815219762e-01 4.746004001415798229e-02
9.900000000000004352e-01 3.187485266250410509e-01 4.781529980857333190e-02
1.000000000000000000e+00 3.533879351161328120e-01 4.835839363580637928e-02
1.030000000000000027e+00 3.544233533478557963e-01 3.000602851130801732e-02
1.060000000000000053e+00 3.403698424697714220e-01 3.178152052765829960e-02
1.090000000000000080e+00 3.272617700219188075e-01 3.354782045121255246e-02
1.120000000000000107e+00 3.019503528268249193e-01 3.341280642027755210e-02
1.150000000000000133e+00 3.211045771298588480e-01 3.366993573442256249e-02
1.180000000000000160e+00 4.195038547333019840e-01 3.862572315372989756e-02
1.210000000000000187e+00 3.822509616864743776e-01 4.327552826296361677e-02
1.240000000000000213e+00 3.753939787840064879e-01 4.662612473342820502e-02
1.270000000000000240e+00 3.669831891375868738e-01 5.074238333216827407e-02
1.300000000000000266e+00 4.006839304954398218e-01 5.548790950118431126e-02
1.330000000000000293e+00 3.914936094218347540e-01 6.246029533167248016e-02
1.360000000000000320e+00 3.967088804557651338e-01 7.019082311111030092e-02
1.390000000000000346e+00 3.903482605928647042e-01 9.058980963935171771e-02
1.420000000000000373e+00 4.144708940210931614e-01 9.568158668837027647e-02
1.450000000000000400e+00 4.316820946687280891e-01 9.834107581684069233e-02
1.480000000000000426e+00 4.524511055852420971e-01 1.080188046336844759e-01
1.510000000000000453e+00 4.464763588102056979e-01 1.203739825281415488e-01
1.540000000000000480e+00 4.689597692036635013e-01 1.352790370502056361e-01
1.570000000000000506e+00 4.363572469807422971e-01 1.519842319837058919e-01
1.600000000000000533e+00 3.957311743574503660e-01 1.700215022832918810e-01
1.630000000000000560e+00 3.727540126519320873e-01 1.905288874655162445e-01
1.660000000000000586e+00 4.708922136134591208e-01 2.128871969317199242e-01
1.690000000000000613e+00 3.866747524522240465e-01 2.350361422961637636e-01
1.720000000000000639e+00 2.831830865528310870e-01 2.580209648843580506e-01
1.750000000000000666e+00 3.137891029745291660e-01 2.843501748019892639e-01
1.780000000000000693e+00 3.399100591191551723e-01 3.286557665716478560e-01
1.810000000000000719e+00 2.177110802181075333e-01 3.694617018434369626e-01
1.840000000000000746e+00 1.605438514533182870e-01 3.920480145068114819e-01
1.870000000000000773e+00 8.428604578935600111e-02 4.026778900490070590e-01
1.900000000000000799e+00 9.489652891434224857e-02 4.186850656057962694e-01
1.930000000000000826e+00 4.447972105052337699e-02 4.328870807978870694e-01
1.960000000000000853e+00 3.599798570302965850e-02 4.450222392117807457e-01
1.990000000000000879e+00 1.874942581842102551e-02 6.260447145470076080e-01
2.020000000000000906e+00 1.145617536624216233e-02 4.670364557789013493e-01
2.050000000000000711e+00 -2.180654812884891963e-02 4.648235539473108413e-01
2.080000000000000959e+00 -1.060168265830211953e-01 4.529186431946689573e-01
2.110000000000001208e+00 -5.193089243136366634e-03 4.335354946219837635e-01
2.140000000000001013e+00 -1.568494186867819273e-01 4.147525855778305126e-01
2.170000000000000817e+00 -1.914362304564766193e-01 3.891047584993942987e-01
2.200000000000001066e+00 -6.846393841521979107e-02 3.654098722835517066e-01
2.230000000000001315e+00 -7.400363911425450469e-02 3.470599911366759605e-01
2.260000000000001119e+00 -5.271525877419890732e-02 3.327693047302454077e-01
2.290000000000000924e+00 -1.054262303305011361e-01 3.179901871879525221e-01
2.320000000000001172e+00 -1.534057231115171782e-01 3.049701040449008804e-01
2.350000000000001421e+00 -1.010038737250487928e-01 2.937751878353775381e-01
2.380000000000001226e+00 -5.710789433077018140e-02 2.954013668137230320e-01
2.410000000000001030e+00 -1.212745030293217174e-01 2.993135261754410470e-01
2.440000000000001279e+00 -6.633039034305275583e-02 2.835127813290765353e-01
2.470000000000001528e+00 -8.568026379211900190e-02 2.792894719937614734e-01
2.500000000000001332e+00 -1.053592906439178023e-01 2.722483031622358052e-01
2.530000000000001137e+00 -1.008616308107937454e-01 2.702248978903735721e-01
2.560000000000001386e+00 -7.502880064752390221e-02 2.706453924609025785e-01
2.590000000000001634e+00 -4.956770206001306911e-02 2.719195615203982563e-01
2.620000000000001439e+00 -3.930981789172918739e-02 2.733257582991414081e-01
2.650000000000001243e+00 -8.025643194030485095e-02 2.769055426939921460e-01
2.680000000000001492e+00 -7.854132209403991149e-02 2.872388306814294689e-01
2.710000000000001741e+00 -6.685023808476703300e-02 2.950262677588390559e-01
2.740000000000001545e+00 -9.458192624264658011e-02 2.998207608718751471e-01
2.770000000000001350e+00 -8.973379856185111081e-02 3.024966294399157318e-01
2.800000000000001599e+00 -8.120248185101072713e-02 3.031650025434184936e-01
2.830000000000001847e+00 -2.523475345105016115e-02 3.024186773787267968e-01
2.860000000000001652e+00 -1.082444800998522659e-02 3.002565811818742603e-01
2.890000000000001457e+00 -5.698191735054941587e-02 2.970274061231563678e-01
2.920000000000001705e+00 8.342886544950606220e-03 2.922034627288178088e-01
2.950000000000001954e+00 6.618460889659069646e-02 2.874456362879607152e-01
2.980000000000001759e+00 -2.139387854815785056e-02 2.847482545250542008e-01
3.010000000000001563e+00 2.612772054301174679e-02 2.758989587910046226e-01
3.040000000000001812e+00 2.875840979869202785e-02 2.706771111165170440e-01
3.070000000000002061e+00 4.238350582712858972e-03 2.581715866841119977e-01
3.100000000000001865e+00 -1.616749984003489071e-02 2.567688989860525961e-01
3.130000000000001670e+00 4.049291500128612831e-02 2.722603170004456730e-01
3.160000000000001918e+00 9.765908206258168758e-03 2.646865490424252232e-01
3.190000000000002167e+00 3.311182930200046864e-02 2.702762605260509154e-01
