# q I sigma extended_fit
1.200000000000000025e-02 1.530248158401641967e-01 9.021240908182051946e-03 1.184791304706597492e-01
1.300000000000000114e-02 1.495324919593891966e-01 7.732578505726345718e-03 1.168908697831258364e-01
1.400000000000000203e-02 1.322531072922594197e-01 7.013094209476603696e-03 1.152081588068835372e-01
1.499999999999999944e-02 1.234033522267452276e-01 6.332236534884755179e-03 1.134376884893299603e-01
1.600000000000000033e-02 1.116217938596865272e-01 5.720840768641475595e-03 1.115863625556868105e-01
1.700000000000000122e-02 1.103724733053173673e-01 5.215235886644217604e-03 1.096612490496901710e-01
1.800000000000000211e-02 1.122682567838631795e-01 4.858878641410361091e-03 1.076695321593806598e-01
1.899999999999999953e-02 1.068364868292760173e-01 4.604156614573843079e-03 1.056184648195584719e-01
2.000000000000000042e-02 9.593051277596337245e-02 4.321842439221651455e-03 1.035153225538414240e-01
2.100000000000000130e-02 1.033182371947341111e-01 4.118718250640585055e-03 1.013673589849115320e-01
2.200000000000000219e-02 9.416242741432570562e-02 3.938300675246048793e-03 9.918176340232037758e-02
2.300000000000000308e-02 9.123782478087448522e-02 3.758957559285291093e-03 9.696562073406544968e-02
2.400000000000000050e-02 8.288875469779212468e-02 3.639276024940992296e-03 9.472587422200495766e-02
2.500000000000000139e-02 8.284066614250248928e-02 3.514496159196725880e-03 9.246929105300584484e-02
2.600000000000000228e-02 8.640660561573768050e-02 3.437760453298753342e-03 9.020243114847573129e-02
2.699999999999999969e-02 8.677080351782541501e-02 3.318320639431577169e-03 8.793161926552560403e-02
2.800000000000000058e-02 7.970186626006815767e-02 3.216504051487025385e-03 8.566292051431596832e-02
2.900000000000000147e-02 8.448877674134547267e-02 3.139601155385993245e-03 8.340211934895157275e-02
3.000000000000000236e-02 8.390208236450101553e-02 3.097781413516858314e-03 8.115470204432476131e-02
3.100000000000000325e-02 8.153263765471333024e-02 3.028450072817639744e-03 7.892584262919312421e-02
3.200000000000000067e-02 7.394061232226568914e-02 2.950958743489959322e-03 7.672039220703974483e-02
3.300000000000000155e-02 7.573296392671038935e-02 2.873362796423926772e-03 7.454287156133086734e-02
3.400000000000000244e-02 7.183215441876295015e-02 2.828962032782477657e-03 7.239746691097778686e-02
3.499999999999999639e-02 6.733805268708843716e-02 2.769022080689666643e-03 7.028802865534741762e-02
3.599999999999999728e-02 6.744433998429259780e-02 2.743807036945494424e-03 6.821807292617312890e-02
3.699999999999999817e-02 6.635885901680378673e-02 2.693870304299481998e-03 6.619078574622176692e-02
3.799999999999999906e-02 6.504972990217541828e-02 2.662971662844483382e-03 6.420902958152194251e-02
3.899999999999999994e-02 6.422544698544679909e-02 2.589851994977388893e-03 6.227535206522417238e-02
4.000000000000000083e-02 6.040879351958797910e-02 2.570496032130256594e-03 6.039199666654933990e-02
4.100000000000000172e-02 5.966906447665429325e-02 2.534799174686677790e-03 5.856091507754434405e-02
4.199999999999999567e-02 5.519383311117734281e-02 2.493897018626327171e-03 5.678378109321034761e-02
4.299999999999999656e-02 5.665255342481996526e-02 2.458192521671691191e-03 5.506200576668041080e-02
4.399999999999999745e-02 5.227574705672247829e-02 2.426228307017853740e-03 5.339675363016155307e-02
4.499999999999999833e-02 5.454357577122961181e-02 2.401772599479667231e-03 5.178895978396858002e-02
4.599999999999999922e-02 5.345045621850436773e-02 2.356118647476733614e-03 5.023934766982053601e-02
4.700000000000000011e-02 4.970719502820792474e-02 2.319392719060237116e-03 4.874844736030493897e-02
4.800000000000000100e-02 5.192532368936423476e-02 2.275130684294589516e-03 4.731661421372378856e-02
