# q I sigma extended_fit
1.200000000000000025e-02 1.556531946493309615e+00 6.224902313123455155e-02 1.539234609217670080e+00
1.300000000000000114e-02 1.541224124409809715e+00 5.314161426225883639e-02 1.530826262882285294e+00
1.400000000000000203e-02 1.564521923676055914e+00 5.268740297282897833e-02 1.521809804307586500e+00
1.499999999999999944e-02 1.569311653952704111e+00 4.619891033851375450e-02 1.512199513941551166e+00
1.600000000000000033e-02 1.509153522224949917e+00 3.554391668577520924e-02 1.502010508667309896e+00
1.700000000000000122e-02 1.544754780191560650e+00 3.456422389643865750e-02 1.491258697833871993e+00
1.800000000000000211e-02 1.511218870549542403e+00 3.454485008118075157e-02 1.479960737391830206e+00
1.899999999999999953e-02 1.479896333052814983e+00 3.552848610955657710e-02 1.468133982335230181e+00
2.000000000000000042e-02 1.469756245965058161e+00 3.352233382184437172e-02 1.455796437655911379e+00
2.100000000000000130e-02 1.488398885678932304e+00 3.215299341382884396e-02 1.442966708020502864e+00
2.200000000000000219e-02 1.436667326243961540e+00 3.034246694810141878e-02 1.429663946382936368e+00
2.300000000000000308e-02 1.414929717289820754e+00 3.103831002199954406e-02 1.415907801746763006e+00
2.400000000000000050e-02 1.385445551222492799e+00 2.461198716654275712e-02 1.401718366291800910e+00
2.500000000000000139e-02 1.396558781335431432e+00 2.750461678229133844e-02 1.387116122078668301e+00
2.600000000000000228e-02 1.355524837141198757e+00 2.875033301178873263e-02 1.372121887542648189e+00
2.699999999999999969e-02 1.338862701630499252e+00 2.652996245897328714e-02 1.356756763985076386e+00
2.800000000000000058e-02 1.355109595170656211e+00 2.856378651627354895e-02 1.341042082266133084e+00
2.900000000000000147e-02 1.326263319091772530e+00 2.440024396419601671e-02 1.324999349897572953e+00
3.000000000000000236e-02 1.313697754138658969e+00 2.413833855752007401e-02 1.308650198727622227e+00
3.100000000000000325e-02 1.299093293023058981e+00 2.516659349910304114e-02 1.292016333403054329e+00
3.200000000000000067e-02 1.277991101769671234e+00 2.299616645650168212e-02 1.275119480785422255e+00
3.300000000000000155e-02 1.274266407259247558e+00 2.545860541850692924e-02 1.257981340489615407e+00
3.400000000000000244e-02 1.212360137257206594e+00 2.396084245724161219e-02 1.240623536703425733e+00
3.499999999999999639e-02 1.237558196397472221e+00 2.135022295958288741e-02 1.223067571436723400e+00
3.599999999999999728e-02 1.206748061473778444e+00 2.257826865183937964e-02 1.205334779338226525e+00
3.699999999999999817e-02 1.196534366366152069e+00 2.211071764014976501e-02 1.187446284206805203e+00
3.799999999999999906e-02 1.173800681409601365e+00 1.892811119288997229e-02 1.169422957312857614e+00
3.899999999999999994e-02 1.139222543168383117e+00 1.866095220137579253e-02 1.151285377633618268e+00
4.000000000000000083e-02 1.137464640560816642e+00 2.004713403053398971e-02 1.133053794094394329e+00
4.100000000000000172e-02 1.089862894736483456e+00 1.855956738322848618e-02 1.114748089895754246e+00
4.199999999999999567e-02 1.114458296383884495e+00 1.826661788582108550e-02 1.096387748994698930e+00
4.299999999999999656e-02 1.062475596636300867e+00 1.926311630709986664e-02 1.077991824795871523e+00
4.399999999999999745e-02 1.024645032139342993e+00 1.642813244987412213e-02 1.059578911097058374e+00
4.499999999999999833e-02 1.036973695433188292e+00 1.821972485333685915e-02 1.041167115321558700e+00
4.599999999999999922e-02 1.002540871259741673e+00 1.851515337003165063e-02 1.022774034058639314e+00
4.700000000000000011e-02 1.009865782562000103e+00 1.626525586669400059e-02 1.004416730922204515e+00
4.800000000000000100e-02 9.906306680378038632e-01 1.446384664011416028e-02 9.861117167271209460e-01
4.899999999999999495e-02 9.443686733252089072e-01 1.717031877297429954e-02 9.678749319723605193e-01
5.000000000000000278e-02 9.324780938133770958e-01 1.773800858032132874e-02 9.497217316103270246e-01
5.200000000000000455e-02 9.064662010036491635e-01 1.257108015285384253e-02 9.137245005123345587e-01
5.400000000000000633e-02 8.655603939820927240e-01 1.225299460013729372e-02 8.782307141508597370e-01
5.600000000000000810e-02 8.234729258505685268e-01 1.177233225024828210e-02 8.433410903404671144e-01
5.800000000000000988e-02 8.147550810872702387e-01 1.100893119436962414e-02 8.091462633951365113e-01
6.000000000000001166e-02 7.610280439253851448e-01 1.229453695325579202e-02 7.757267957918790868e-01
6.200000000000001343e-02 7.388179534056892317e-01 1.072439900056376336e-02 7.431533018537284097e-01
6.400000000000001521e-02 7.112139868962796818e-01 9.785975784035555805e-03 7.114866722552461997e-01
6.600000000000001699e-02 6.799049434443179551e-01 1.026784983725768582e-02 6.807783875174709953e-01
6.800000000000001876e-02 6.540388116815907260e-01 9.815541868251499019e-03 6.510709083254184737e-01
7.000000000000002054e-02 6.298227205362096903e-01 8.629897949476567770e-03 6.223981304468582110e-01
7.200000000000002232e-02 6.032853765933517964e-01 1.006058059579345403e-02 5.947858922285219618e-01
7.400000000000002409e-02 5.896106684375206353e-01 1.004583689982075680e-02 5.682525230639945413e-01
7.600000000000002587e-02 5.627817938305083034e-01 9.149105324590584704e-03 5.428094218331369625e-01
