### DATA:
#
# 274
#      Q             I(Q)           Error     
5.00000000E-03  7.10671277E+00  9.54174298E+00
6.00000000E-03  7.82142543E+00  4.60900456E+00
7.00000000E-03  5.50315756E+00  2.23923237E+00
8.00000000E-03  4.99952531E+00  1.20860458E+00
9.00000000E-03  5.04120249E+00  8.14338646E-01
1.00000000E-02  4.51136907E+00  6.12044452E-01
1.10000000E-02  4.34347040E+00  4.79358521E-01
1.20000000E-02  4.88348797E+00  3.71091983E-01
1.30000000E-02  4.73449982E+00  3.55978848E-01
1.40000000E-02  4.72544907E+00  2.82552947E-01
1.50000000E-02  4.75430237E+00  2.48948142E-01
1.60000000E-02  4.82754562E+00  2.10583403E-01
1.70000000E-02  4.68945160E+00  1.91241724E-01
1.80000000E-02  4.56322351E+00  1.77084282E-01
1.90000000E-02  4.49167162E+00  1.55333778E-01
2.00000000E-02  4.31140387E+00  1.45890521E-01
2.10000000E-02  4.30344956E+00  1.37128433E-01
2.20000000E-02  4.24374753E+00  1.32070879E-01
2.30000000E-02  4.04193958E+00  1.21966252E-01
2.40000000E-02  3.89900102E+00  1.13502604E-01
2.50000000E-02  4.06422167E+00  1.11935226E-01
2.60000000E-02  3.82596150E+00  1.06111597E-01
2.70000000E-02  4.02706942E+00  1.02832373E-01
2.80000000E-02  3.89036548E+00  9.57031159E-02
2.90000000E-02  3.62721452E+00  9.42435093E-02
3.00000000E-02  3.58815427E+00  9.31396232E-02
3.10000000E-02  3.66224836E+00  8.80824373E-02
3.20000000E-02  3.50654724E+00  8.19840735E-02
3.30000000E-02  3.42590438E+00  8.35164340E-02
3.40000000E-02  3.25084582E+00  7.89022843E-02
3.50000000E-02  3.33123812E+00  7.97316154E-02
3.60000000E-02  3.26504637E+00  7.71682281E-02
3.70000000E-02  3.09341353E+00  7.60694738E-02
3.80000000E-02  3.11112971E+00  7.37465053E-02
3.90000000E-02  2.99681827E+00  7.19124938E-02
4.00000000E-02  2.97374207E+00  7.05205630E-02
4.10000000E-02  2.85743460E+00  6.74238446E-02
4.20000000E-02  2.82650320E+00  6.61594578E-02
4.30000000E-02  2.75342562E+00  6.54426683E-02
4.40000000E-02  2.69995215E+00  6.40024985E-02
4.50000000E-02  2.62097402E+00  6.32072309E-02
4.60000000E-02  2.64024566E+00  6.21146915E-02
4.70000000E-02  2.54854513E+00  6.12263128E-02
4.80000000E-02  2.49425905E+00  5.94432560E-02
4.90000000E-02  2.38039436E+00  5.96362874E-02
5.00000000E-02  2.21704973E+00  5.84853276E-02
5.20000000E-02  2.24102194E+00  3.94177930E-02
5.40000000E-02  2.14251943E+00  3.85932292E-02
5.60000000E-02  2.02355638E+00  3.77597843E-02
5.80000000E-02  1.96195481E+00  3.86067951E-02
6.00000000E-02  1.85500935E+00  3.76515081E-02
6.20000000E-02  1.73360088E+00  3.57734577E-02
6.40000000E-02  1.67594337E+00  3.50943492E-02
6.60000000E-02  1.56833365E+00  3.37245059E-02
6.80000000E-02  1.50403618E+00  3.30195857E-02
7.00000000E-02  1.44931260E+00  3.21462091E-02
7.20000000E-02  1.40428908E+00  3.17451107E-02
7.40000000E-02  1.33419561E+00  3.15398662E-02
7.60000000E-02  1.29841190E+00  3.07452667E-02
7.80000000E-02  1.18084785E+00  3.04283160E-02
8.00000000E-02  1.19036850E+00  3.05394373E-02
8.20000000E-02  1.12223925E+00  3.04798747E-02
8.40000000E-02  1.05486556E+00  2.91773507E-02
8.60000000E-02  1.04941799E+00  2.84830397E-02
8.80000000E-02  9.73867712E-01  2.82478947E-02
9.00000000E-02  9.31591094E-01  2.84945676E-02
9.20000000E-02  9.44905144E-01  2.81258486E-02
9.40000000E-02  8.68698941E-01  2.79372021E-02
9.60000000E-02  8.48507828E-01  2.81044698E-02
9.80000000E-02  8.03599347E-01  2.80258767E-02
1.00000000E-01  7.97753371E-01  2.77061211E-02
1.05000000E-01  7.35413974E-01  1.69183077E-02
1.10000000E-01  6.69201426E-01  1.65152274E-02
1.15000000E-01  6.32289618E-01  1.60046932E-02
1.20000000E-01  5.46748502E-01  1.57221365E-02
1.25000000E-01  5.12293125E-01  1.58933462E-02
1.30000000E-01  4.83717382E-01  1.56981067E-02
1.35000000E-01  4.70187037E-01  1.52625535E-02
1.40000000E-01  4.53219631E-01  1.50298661E-02
1.45000000E-01  4.01679019E-01  1.47288799E-02
1.50000000E-01  3.82436571E-01  1.53692207E-02
1.55000000E-01  3.55118770E-01  1.53181583E-02
1.60000000E-01  3.19358452E-01  1.51544499E-02
1.65000000E-01  3.15590717E-01  1.56492111E-02
1.70000000E-01  2.77837587E-01  1.54296098E-02
1.75000000E-01  3.03566600E-01  1.52209580E-02
1.80000000E-01  2.65988436E-01  1.36972441E-02
1.85000000E-01  2.33718556E-01  1.37055113E-02
1.90000000E-01  2.50965949E-01  1.32018380E-02
1.95000000E-01  2.34700627E-01  1.24446591E-02
2.00000000E-01  2.33607518E-01  1.38376710E-02
2.05000000E-01  2.06011419E-01  1.36234076E-02
2.10000000E-01  2.04742303E-01  1.32060332E-02
2.15000000E-01  2.04364876E-01  1.39302807E-02
2.20000000E-01  1.81514249E-01  1.23908075E-02
2.25000000E-01  1.70832292E-01  1.33659529E-02
2.30000000E-01  1.80833305E-01  1.29129527E-02
2.35000000E-01  1.70698381E-01  1.37581963E-02
2.40000000E-01  1.63708526E-01  1.40904180E-02
2.45000000E-01  1.69955619E-01  1.34568679E-02
2.50000000E-01  1.45456901E-01  1.43601256E-02
2.55000000E-01  1.55072292E-01  1.41690960E-02
2.60000000E-01  1.45882888E-01  1.59147873E-02
2.65000000E-01  1.15791179E-01  1.39160260E-02
2.70000000E-01  1.32463225E-01  1.54858594E-02
2.75000000E-01  1.34863661E-01  1.49090354E-02
2.80000000E-01  1.21562340E-01  1.43129888E-02
2.85000000E-01  1.25096833E-01  1.48194216E-02
2.90000000E-01  1.26931207E-01  1.33345981E-02
2.95000000E-01  1.17178900E-01  1.52338643E-02
3.00000000E-01  1.20352095E-01  1.40240938E-02
3.05000000E-01  1.02612018E-01  1.37808986E-02
3.10000000E-01  9.66199497E-02  1.45075780E-02
3.15000000E-01  1.15360850E-01  1.43391739E-02
3.20000000E-01  1.18386624E-01  1.33380112E-02
3.25000000E-01  9.96281091E-02  1.35720455E-02
3.30000000E-01  8.72338488E-02  1.28882458E-02
3.35000000E-01  9.47819135E-02  1.36226737E-02
3.40000000E-01  9.63961237E-02  1.24116613E-02
3.45000000E-01  1.04971356E-01  1.24056197E-02
3.50000000E-01  1.01492999E-01  1.31177514E-02
3.55000000E-01  8.37545068E-02  1.26527724E-02
3.60000000E-01  8.04192662E-02  1.37780477E-02
3.65000000E-01  8.27670007E-02  1.30870136E-02
3.70000000E-01  9.27188182E-02  1.23499667E-02
3.75000000E-01  9.09994877E-02  1.25997512E-02
3.80000000E-01  6.56085388E-02  1.24907393E-02
3.85000000E-01  7.76705387E-02  1.24008515E-02
3.90000000E-01  8.56214777E-02  1.34728521E-02
3.95000000E-01  8.47486517E-02  1.28256829E-02
4.00000000E-01  7.81369785E-02  1.25392152E-02
4.05000000E-01  6.97614703E-02  1.17423212E-02
4.10000000E-01  7.87278794E-02  1.17364196E-02
4.15000000E-01  7.41784584E-02  1.09982736E-02
4.20000000E-01  8.58226143E-02  1.21803680E-02
4.25000000E-01  7.84930106E-02  1.25860445E-02
4.30000000E-01  7.65202136E-02  1.09318505E-02
4.35000000E-01  7.30068991E-02  1.20967886E-02
4.40000000E-01  7.47682740E-02  1.10910095E-02
4.45000000E-01  6.86024669E-02  1.05089787E-02
4.50000000E-01  7.19803926E-02  1.11193060E-02
4.55000000E-01  6.73706138E-02  1.12462661E-02
4.60000000E-01  7.47092010E-02  1.04723043E-02
4.65000000E-01  7.65670448E-02  1.15110259E-02
4.70000000E-01  7.12465302E-02  1.01108826E-02
4.75000000E-01  6.61170690E-02  1.02693050E-02
4.80000000E-01  6.64575761E-02  1.20907639E-02
4.85000000E-01  7.11280912E-02  1.27973452E-02
4.90000000E-01  6.30768883E-02  1.05611093E-02
4.95000000E-01  6.39165776E-02  1.08474785E-02
5.00000000E-01  7.06044035E-02  1.06566688E-02
5.10000000E-01  6.58113317E-02  6.99004890E-03
5.20000000E-01  6.91964270E-02  7.04750022E-03
5.30000000E-01  5.22958024E-02  6.55019942E-03
5.40000000E-01  5.16161177E-02  6.47751296E-03
5.50000000E-01  5.93024199E-02  6.99469402E-03
5.60000000E-01  6.19222145E-02  7.20366617E-03
5.70000000E-01  5.55419074E-02  6.87574124E-03
5.80000000E-01  6.31860491E-02  6.53877238E-03
5.90000000E-01  6.12382687E-02  6.68966904E-03
6.00000000E-01  5.08915581E-02  6.30878910E-03
6.10000000E-01  4.80863541E-02  6.13065527E-03
6.20000000E-01  5.32406007E-02  6.08057705E-03
6.30000000E-01  5.16031246E-02  6.47073484E-03
6.40000000E-01  5.19247469E-02  5.85796038E-03
6.50000000E-01  5.01143961E-02  6.13967249E-03
6.60000000E-01  4.77238625E-02  6.10012320E-03
6.70000000E-01  4.84671012E-02  6.14491169E-03
6.80000000E-01  4.64488684E-02  6.26861800E-03
6.90000000E-01  4.81266067E-02  5.77833095E-03
7.00000000E-01  3.76395081E-02  5.89548152E-03
7.10000000E-01  4.76018595E-02  5.89156023E-03
7.20000000E-01  4.52776435E-02  5.62461631E-03
7.30000000E-01  4.28914034E-02  5.71400495E-03
7.40000000E-01  4.11021974E-02  5.47667473E-03
7.50000000E-01  4.19318477E-02  5.57706121E-03
7.60000000E-01  4.43869712E-02  5.84184236E-03
7.70000000E-01  4.44099036E-02  5.57184131E-03
7.80000000E-01  4.37726853E-02  5.80078874E-03
7.90000000E-01  4.61733338E-02  5.73814802E-03
8.00000000E-01  3.94103263E-02  5.42236028E-03
8.10000000E-01  3.79527186E-02  5.45326873E-03
8.20000000E-01  4.00587590E-02  5.64105342E-03
8.30000000E-01  3.81203603E-02  5.46839527E-03
8.40000000E-01  3.93125602E-02  5.55628110E-03
8.50000000E-01  3.74632249E-02  5.35286441E-03
8.60000000E-01  3.70745578E-02  5.06530572E-03
8.70000000E-01  4.32596792E-02  5.59741594E-03
8.80000000E-01  3.40270825E-02  5.45127829E-03
8.90000000E-01  3.16270792E-02  5.18827503E-03
9.00000000E-01  3.48506079E-02  5.24141710E-03
9.10000000E-01  3.61958550E-02  4.78492227E-03
9.20000000E-01  3.77722207E-02  4.73127036E-03
9.30000000E-01  3.15911601E-02  4.90820721E-03
9.40000000E-01  3.46339576E-02  4.81679916E-03
9.50000000E-01  3.49918785E-02  4.82246410E-03
9.60000000E-01  3.47557970E-02  4.54338425E-03
9.70000000E-01  3.87409725E-02  4.48617413E-03
9.80000000E-01  3.39129819E-02  4.44493235E-03
9.90000000E-01  3.85851018E-02  4.77014163E-03
1.00000000E+00  3.32746104E-02  4.76481356E-03
1.03000000E+00  3.14639509E-02  2.62020176E-03
1.06000000E+00  3.27514662E-02  2.75464496E-03
1.09000000E+00  3.47613591E-02  2.80426027E-03
1.12000000E+00  3.38243822E-02  2.79407800E-03
1.15000000E+00  3.53151358E-02  2.80481927E-03
1.18000000E+00  3.66701783E-02  2.88432570E-03
1.21000000E+00  3.45394918E-02  2.97378681E-03
1.24000000E+00  3.77464785E-02  2.98362836E-03
1.27000000E+00  3.75106679E-02  3.22115799E-03
1.30000000E+00  3.59351289E-02  3.40617551E-03
1.33000000E+00  4.34128650E-02  3.73331732E-03
1.36000000E+00  4.31276833E-02  1.18411982E-02
1.39000000E+00  5.52160752E-02  6.31663482E-01
1.42000000E+00  4.11004951E-02  5.47739701E-03
1.45000000E+00  4.07053797E-02  5.74662488E-03
1.48000000E+00  4.63911804E-02  6.51049191E-03
1.51000000E+00  4.46829751E-02  7.39234115E-03
1.54000000E+00  4.40380628E-02  8.46193170E-03
1.57000000E+00  3.89805503E-02  9.80452215E-03
1.60000000E+00  4.31172616E-02  1.15809368E-02
1.63000000E+00  3.64860123E-02  1.29881325E-02
1.66000000E+00  4.12293905E-02  1.45607633E-02
1.69000000E+00  3.59306253E-02  1.65067709E-02
1.72000000E+00  3.57519432E-02  1.85510927E-02
1.75000000E+00  3.07013086E-02  2.08012964E-02
1.78000000E+00  2.84765430E-02  2.37267108E-02
1.81000000E+00  2.28145587E-02  2.87087609E-02
1.84000000E+00  1.66219913E-02  2.91115486E-02
1.87000000E+00  1.39005815E-02  3.21581032E-02
1.90000000E+00  1.05157436E-02  3.29448701E-02
1.93000000E+00  4.45432230E-03  3.86653369E-02
1.96000000E+00  1.57682470E-03  3.18920147E-02
1.99000000E+00  -4.41876683E-04  3.16647176E-02
2.02000000E+00  -1.70381666E-03  2.14206542E-02
2.05000000E+00  -7.36511022E-03  3.81308045E-02
2.08000000E+00  -9.82802648E-03  5.25890796E-02
2.11000000E+00  -5.73557876E-03  2.69295109E-02
2.14000000E+00  -5.36641793E-03  4.69775167E-02
2.17000000E+00  -8.98965494E-03  3.89069075E-02
2.20000000E+00  -4.19046031E-03  3.35326891E-02
2.23000000E+00  -6.37805679E-03  3.24498112E-02
2.26000000E+00  -6.79879018E-03  2.78749101E-02
2.29000000E+00  -9.43795745E-03  3.10742735E-02
2.32000000E+00  -4.64288976E-03  2.51461538E-02
2.35000000E+00  -8.53186964E-03  3.87280099E-02
2.38000000E+00  -8.56065519E-03  2.75755931E-02
2.41000000E+00  -6.52428521E-03  1.16277667E-01
2.44000000E+00  -6.19664061E-03  2.62116890E-01
2.47000000E+00  -2.30913578E-03  3.16820260E-02
2.50000000E+00  -4.11992166E-03  2.14977982E-02
2.53000000E+00  -4.81603386E-03  2.99015333E-02
2.56000000E+00  -6.70993905E-05  -8.74359966E-04
2.59000000E+00  -6.23273873E-03  2.10657913E-02
2.62000000E+00  -3.06423568E-03  2.37350218E-02
2.65000000E+00  -3.19057252E-03  1.49846969E-02
2.68000000E+00  -4.87103803E-03  3.17081591E-02
2.71000000E+00  -4.84517265E-03  2.28546551E-02
2.74000000E+00  -7.22371673E-03  2.49805397E-02
2.77000000E+00  -4.40589917E-03  2.58913437E-02
2.80000000E+00  -5.34811836E-03  1.83335749E-02
2.83000000E+00  1.05006578E-03  1.31281744E-02
2.86000000E+00  -3.61874485E-03  2.55951433E-02
2.89000000E+00  -6.23371358E-03  2.04303909E-02
2.92000000E+00  -7.33127175E-03  1.62086189E-02
2.95000000E+00  -2.10937055E-03  2.03474910E-02
2.98000000E+00  -3.65694969E-03  1.90163742E-02
3.01000000E+00  -6.75459992E-03  1.90771889E-02
3.04000000E+00  -5.39175184E-03  1.50047684E-02
3.07000000E+00  -8.79213036E-04  -8.85347071E-02
3.10000000E+00  5.25911961E-03  1.14432145E-02
3.13000000E+00  2.97446017E-04  5.09616801E-03
3.16000000E+00  -9.39420824E-04  1.52009132E-02
3.19000000E+00  3.09804654E-03  9.35156755E-03


### HEADER:
#
#{
#    "analysis": {
#        "guinier": {
#            "I0": 4.963318704889224,
#            "I0_autorg_err": 0.06344920193808172,
#            "I0_err": 0.06344920193808172,
#            "I0_est_err": -1,
#            "I0_fit_err": 0.06344920193808172,
#            "Rg": 31.607679953960346,
#            "Rg_autorg_err": 0.5787863348297163,
#            "Rg_err": 0.5787863348297163,
#            "Rg_est_err": -1,
#            "Rg_fit_err": 0.5787863348297163,
#            "nEnd": 36,
#            "nStart": 2,
#            "qEnd": 0.041,
#            "qRg_max": 1.2959148781123742,
#            "qRg_min": 0.22125375967772243,
#            "qStart": 0.007,
#            "rsq": 0.9542747728894523
#        }
#    },
#    "filename": "./dat_files/AA_052026/profile_182.dat",
#    "history": {
#        "baseline_correction": {
#            "initial_file": [
#                "S_S_AA_Tau5_apo_0183",
#                {
#                    "subtraction": {
#                        "initial_file": [
#                            "S_AA_Tau5_apo_0183"
#                        ],
#                        "subtracted_file": [
#                            "A_S_AA_Tau5_apo_0025",
#                            {
#                                "averaged_files": [
#                                    [
#                                        "S_AA_Tau5_apo_0025"
#                                    ],
#                                    [
#                                        "S_AA_Tau5_apo_0026"
#                                    ],
#                                    [
#                                        "S_AA_Tau5_apo_0027"
#                                    ],
#                                    [
#                                        "S_AA_Tau5_apo_0028"
#                                    ],
#                                    [
#                                        "S_AA_Tau5_apo_0029"
#                                    ],
#                                    [
#                                        "S_AA_Tau5_apo_0030"
#                                    ],
#                                    [
#                                        "S_AA_Tau5_apo_0031"
#                                    ],
#                                    [
#                                        "S_AA_Tau5_apo_0032"
#                                    ],
#                                    [
#                                        "S_AA_Tau5_apo_0033"
#                                    ],
#                                    [
#                                        "S_AA_Tau5_apo_0034"
#                                    ],
#                                    [
#                                        "S_AA_Tau5_apo_0035"
#                                    ],
#                                    [
#                                        "S_AA_Tau5_apo_0036"
#                                    ],
#                                    [
#                                        "S_AA_Tau5_apo_0037"
#                                    ],
#                                    [
#                                        "S_AA_Tau5_apo_0038"
#                                    ],
#                                    [
#                                        "S_AA_Tau5_apo_0039"
#                                    ],
#                                    [
#                                        "S_AA_Tau5_apo_0040"
#                                    ],
#                                    [
#                                        "S_AA_Tau5_apo_0041"
#                                    ],
#                                    [
#                                        "S_AA_Tau5_apo_0042"
#                                    ],
#                                    [
#                                        "S_AA_Tau5_apo_0043"
#                                    ],
#                                    [
#                                        "S_AA_Tau5_apo_0044"
#                                    ],
#                                    [
#                                        "S_AA_Tau5_apo_0045"
#                                    ],
#                                    [
#                                        "S_AA_Tau5_apo_0046"
#                                    ],
#                                    [
#                                        "S_AA_Tau5_apo_0047"
#                                    ],
#                                    [
#                                        "S_AA_Tau5_apo_0048"
#                                    ],
#                                    [
#                                        "S_AA_Tau5_apo_0049"
#                                    ],
#                                    [
#                                        "S_AA_Tau5_apo_0050"
#                                    ],
#                                    [
#                                        "S_AA_Tau5_apo_0051"
#                                    ],
#                                    [
#                                        "S_AA_Tau5_apo_0052"
#                                    ],
#                                    [
#                                        "S_AA_Tau5_apo_0053"
#                                    ],
#                                    [
#                                        "S_AA_Tau5_apo_0054"
#                                    ],
#                                    [
#                                        "S_AA_Tau5_apo_0055"
#                                    ],
#                                    [
#                                        "S_AA_Tau5_apo_0056"
#                                    ],
#                                    [
#                                        "S_AA_Tau5_apo_0057"
#                                    ],
#                                    [
#                                        "S_AA_Tau5_apo_0058"
#                                    ],
#                                    [
#                                        "S_AA_Tau5_apo_0059"
#                                    ],
#                                    [
#                                        "S_AA_Tau5_apo_0060"
#                                    ],
#                                    [
#                                        "S_AA_Tau5_apo_0061"
#                                    ],
#                                    [
#                                        "S_AA_Tau5_apo_0062"
#                                    ],
#                                    [
#                                        "S_AA_Tau5_apo_0063"
#                                    ],
#                                    [
#                                        "S_AA_Tau5_apo_0064"
#                                    ],
#                                    [
#                                        "S_AA_Tau5_apo_0065"
#                                    ],
#                                    [
#                                        "S_AA_Tau5_apo_0066"
#                                    ],
#                                    [
#                                        "S_AA_Tau5_apo_0067"
#                                    ],
#                                    [
#                                        "S_AA_Tau5_apo_0068"
#                                    ],
#                                    [
#                                        "S_AA_Tau5_apo_0069"
#                                    ],
#                                    [
#                                        "S_AA_Tau5_apo_0070"
#                                    ],
#                                    [
#                                        "S_AA_Tau5_apo_0071"
#                                    ]
#                                ]
#                            }
#                        ]
#                    }
#                }
#            ],
#            "type": "Linear"
#        }
#    },
#    "unit": ""
#}

