### DATA:
#
# 274
#      Q             I(Q)           Error     
5.00000000E-03  1.03122005E+01  9.96121567E+00
6.00000000E-03  7.34187644E+00  4.58111385E+00
7.00000000E-03  6.24851202E+00  2.33864923E+00
8.00000000E-03  6.57029338E+00  1.25265171E+00
9.00000000E-03  5.83790019E+00  8.14178483E-01
1.00000000E-02  5.54166432E+00  5.87933238E-01
1.10000000E-02  5.22845934E+00  4.77906567E-01
1.20000000E-02  4.73195434E+00  3.95503050E-01
1.30000000E-02  5.47541793E+00  3.49205624E-01
1.40000000E-02  5.03788954E+00  2.84177776E-01
1.50000000E-02  5.13620363E+00  2.53548180E-01
1.60000000E-02  5.17667844E+00  2.12592196E-01
1.70000000E-02  4.98166927E+00  1.88363926E-01
1.80000000E-02  5.11425564E+00  1.83217053E-01
1.90000000E-02  4.90796667E+00  1.66505799E-01
2.00000000E-02  4.62583037E+00  1.46020919E-01
2.10000000E-02  4.59900149E+00  1.37772628E-01
2.20000000E-02  4.61193025E+00  1.28788045E-01
2.30000000E-02  4.69047485E+00  1.23117833E-01
2.40000000E-02  4.68816427E+00  1.16945169E-01
2.50000000E-02  4.52404888E+00  1.11033690E-01
2.60000000E-02  4.28789028E+00  1.10134906E-01
2.70000000E-02  4.24613641E+00  1.05237476E-01
2.80000000E-02  4.25711019E+00  9.78700527E-02
2.90000000E-02  4.07451586E+00  9.54846251E-02
3.00000000E-02  4.11815751E+00  9.10905690E-02
3.10000000E-02  3.93019732E+00  9.14363169E-02
3.20000000E-02  3.84145937E+00  8.41851023E-02
3.30000000E-02  3.82985459E+00  8.52282062E-02
3.40000000E-02  3.84666179E+00  8.39766115E-02
3.50000000E-02  3.70539932E+00  8.01301322E-02
3.60000000E-02  3.50090090E+00  7.73923095E-02
3.70000000E-02  3.39954362E+00  7.50742678E-02
3.80000000E-02  3.43657881E+00  7.51638275E-02
3.90000000E-02  3.23416578E+00  7.20662421E-02
4.00000000E-02  3.37538339E+00  7.16410268E-02
4.10000000E-02  3.25096614E+00  6.88995175E-02
4.20000000E-02  3.09433489E+00  6.81842136E-02
4.30000000E-02  3.08740649E+00  6.78912636E-02
4.40000000E-02  2.93052604E+00  6.64801334E-02
4.50000000E-02  2.85456925E+00  6.30476875E-02
4.60000000E-02  2.80366613E+00  6.18085753E-02
4.70000000E-02  2.91408733E+00  6.23986076E-02
4.80000000E-02  2.88891311E+00  6.12831719E-02
4.90000000E-02  2.62928392E+00  5.95009421E-02
5.00000000E-02  2.58798522E+00  5.93503769E-02
5.20000000E-02  2.45028289E+00  3.98896707E-02
5.40000000E-02  2.31826774E+00  3.97363044E-02
5.60000000E-02  2.23812285E+00  3.92129323E-02
5.80000000E-02  2.09793781E+00  3.88549428E-02
6.00000000E-02  2.01523632E+00  3.78465186E-02
6.20000000E-02  1.97179741E+00  3.70970429E-02
6.40000000E-02  1.86095516E+00  3.53988720E-02
6.60000000E-02  1.73088870E+00  3.39664059E-02
6.80000000E-02  1.67250510E+00  3.35882942E-02
7.00000000E-02  1.58211772E+00  3.25508145E-02
7.20000000E-02  1.56686778E+00  3.23273137E-02
7.40000000E-02  1.43902227E+00  3.17880801E-02
7.60000000E-02  1.41857548E+00  3.08462357E-02
7.80000000E-02  1.37286156E+00  3.10628982E-02
8.00000000E-02  1.26143355E+00  3.07438140E-02
8.20000000E-02  1.21874575E+00  3.05889051E-02
8.40000000E-02  1.16391981E+00  2.93313392E-02
8.60000000E-02  1.16830476E+00  2.85452575E-02
8.80000000E-02  1.08728579E+00  2.86821798E-02
9.00000000E-02  1.05336751E+00  2.87790560E-02
9.20000000E-02  1.03269941E+00  2.85432459E-02
9.40000000E-02  9.73621932E-01  2.81858903E-02
9.60000000E-02  9.29602547E-01  2.83137108E-02
9.80000000E-02  8.90658410E-01  2.79954563E-02
1.00000000E-01  8.92035424E-01  2.75685998E-02
1.05000000E-01  7.93921746E-01  1.69328571E-02
1.10000000E-01  7.09209868E-01  1.65131292E-02
1.15000000E-01  6.77265416E-01  1.61210216E-02
1.20000000E-01  6.35930174E-01  1.58169167E-02
1.25000000E-01  5.76238941E-01  1.60099829E-02
1.30000000E-01  5.39837739E-01  1.59334123E-02
1.35000000E-01  4.84178033E-01  1.53988769E-02
1.40000000E-01  4.77431438E-01  1.49994126E-02
1.45000000E-01  4.42619948E-01  1.47559469E-02
1.50000000E-01  4.04305652E-01  1.54671730E-02
1.55000000E-01  3.68370214E-01  1.53160544E-02
1.60000000E-01  3.64333375E-01  1.53600866E-02
1.65000000E-01  3.25233660E-01  1.55859325E-02
1.70000000E-01  3.18613877E-01  1.54602048E-02
1.75000000E-01  3.17617826E-01  1.53164079E-02
1.80000000E-01  2.70158391E-01  1.30473637E-02
1.85000000E-01  2.73645007E-01  1.33190646E-02
1.90000000E-01  2.70133897E-01  1.31330310E-02
1.95000000E-01  2.50945053E-01  1.31750861E-02
2.00000000E-01  2.37490937E-01  1.31868719E-02
2.05000000E-01  2.21504321E-01  1.27342514E-02
2.10000000E-01  2.22749056E-01  1.26382608E-02
2.15000000E-01  2.37639534E-01  1.36293827E-02
2.20000000E-01  2.02951898E-01  1.21114935E-02
2.25000000E-01  1.91580196E-01  1.32758804E-02
2.30000000E-01  1.85951662E-01  1.29325595E-02
2.35000000E-01  1.66263364E-01  1.35830858E-02
2.40000000E-01  1.82560968E-01  1.43352675E-02
2.45000000E-01  1.57051396E-01  1.29610096E-02
2.50000000E-01  1.65894864E-01  1.43100216E-02
2.55000000E-01  1.53091945E-01  1.35011688E-02
2.60000000E-01  1.68904412E-01  1.40130277E-02
2.65000000E-01  1.60988444E-01  1.43039133E-02
2.70000000E-01  1.35716368E-01  1.54556226E-02
2.75000000E-01  1.56432197E-01  1.49193779E-02
2.80000000E-01  1.28616072E-01  1.36437262E-02
2.85000000E-01  1.36172072E-01  1.57010031E-02
2.90000000E-01  1.36362956E-01  1.41492249E-02
2.95000000E-01  1.22938536E-01  1.52547232E-02
3.00000000E-01  1.30787862E-01  1.40569088E-02
3.05000000E-01  1.07529621E-01  1.42666102E-02
3.10000000E-01  1.14076171E-01  1.31690397E-02
3.15000000E-01  1.03798753E-01  1.41281314E-02
3.20000000E-01  1.23073545E-01  1.41237368E-02
3.25000000E-01  1.11476731E-01  1.35465572E-02
3.30000000E-01  1.06811982E-01  1.29447076E-02
3.35000000E-01  1.06879144E-01  1.21657488E-02
3.40000000E-01  1.11015383E-01  1.30225227E-02
3.45000000E-01  8.51061291E-02  1.24476679E-02
3.50000000E-01  1.03296016E-01  1.25242831E-02
3.55000000E-01  9.91559810E-02  1.38093506E-02
3.60000000E-01  1.05696886E-01  1.32445442E-02
3.65000000E-01  8.94841946E-02  1.28587716E-02
3.70000000E-01  8.58208347E-02  1.22095162E-02
3.75000000E-01  1.06010350E-01  1.22333313E-02
3.80000000E-01  9.74082827E-02  1.30263025E-02
3.85000000E-01  1.03614232E-01  1.22360159E-02
3.90000000E-01  8.44187460E-02  1.32534149E-02
3.95000000E-01  7.62901917E-02  1.27624852E-02
4.00000000E-01  9.50590187E-02  1.17535085E-02
4.05000000E-01  8.44498159E-02  1.28623142E-02
4.10000000E-01  9.38165776E-02  1.18327402E-02
4.15000000E-01  8.64294935E-02  1.16350840E-02
4.20000000E-01  8.25061099E-02  1.10037663E-02
4.25000000E-01  8.05436505E-02  1.14875828E-02
4.30000000E-01  7.62346337E-02  1.24449476E-02
4.35000000E-01  8.40605738E-02  1.12510980E-02
4.40000000E-01  6.91551643E-02  1.11867655E-02
4.45000000E-01  7.46723726E-02  1.08660784E-02
4.50000000E-01  8.86755089E-02  1.12701339E-02
4.55000000E-01  8.19471064E-02  1.09386492E-02
4.60000000E-01  7.98471123E-02  1.01516289E-02
4.65000000E-01  7.31533466E-02  1.16833312E-02
4.70000000E-01  7.55217187E-02  1.02756876E-02
4.75000000E-01  8.46531213E-02  1.09850015E-02
4.80000000E-01  7.49386332E-02  1.20639837E-02
4.85000000E-01  7.71346801E-02  1.27551402E-02
4.90000000E-01  6.66027563E-02  1.10811719E-02
4.95000000E-01  7.36954691E-02  1.05150705E-02
5.00000000E-01  7.08925076E-02  9.63886641E-03
5.10000000E-01  7.12765419E-02  7.63940376E-03
5.20000000E-01  7.65136536E-02  7.15336346E-03
5.30000000E-01  6.34157988E-02  6.85640861E-03
5.40000000E-01  5.75873055E-02  6.45790323E-03
5.50000000E-01  6.26772061E-02  6.82129183E-03
5.60000000E-01  6.07107120E-02  6.98440252E-03
5.70000000E-01  6.21556280E-02  6.76233794E-03
5.80000000E-01  6.04677687E-02  6.42542536E-03
5.90000000E-01  5.85386945E-02  6.61574393E-03
6.00000000E-01  5.94586832E-02  6.36080214E-03
6.10000000E-01  5.55643065E-02  6.15629982E-03
6.20000000E-01  5.24414890E-02  6.20297605E-03
6.30000000E-01  5.78055544E-02  6.29329914E-03
6.40000000E-01  5.33202575E-02  6.16152176E-03
6.50000000E-01  4.64695397E-02  6.16965714E-03
6.60000000E-01  5.72152276E-02  6.12939045E-03
6.70000000E-01  4.96807819E-02  6.13731986E-03
6.80000000E-01  5.64564271E-02  6.03659111E-03
6.90000000E-01  5.32801991E-02  5.80061384E-03
7.00000000E-01  5.01561390E-02  5.90999262E-03
7.10000000E-01  5.11529766E-02  5.74422974E-03
7.20000000E-01  5.26634873E-02  5.80384429E-03
7.30000000E-01  4.48324275E-02  5.94518374E-03
7.40000000E-01  4.62222634E-02  5.44339256E-03
7.50000000E-01  4.72771198E-02  5.80881863E-03
7.60000000E-01  5.12477115E-02  5.80433477E-03
7.70000000E-01  4.88291166E-02  5.59008351E-03
7.80000000E-01  4.94156216E-02  5.83612006E-03
7.90000000E-01  4.52984520E-02  5.64139690E-03
8.00000000E-01  4.08771703E-02  5.42009508E-03
8.10000000E-01  4.23359384E-02  5.48376641E-03
8.20000000E-01  4.41861538E-02  5.55221614E-03
8.30000000E-01  4.34804462E-02  5.51099395E-03
8.40000000E-01  4.13026814E-02  5.44690958E-03
8.50000000E-01  3.01743161E-02  5.28286938E-03
8.60000000E-01  3.79374392E-02  5.10430480E-03
8.70000000E-01  3.47618148E-02  5.39005330E-03
8.80000000E-01  3.65173475E-02  5.32315481E-03
8.90000000E-01  4.34328810E-02  5.16351474E-03
9.00000000E-01  4.35622732E-02  5.26263363E-03
9.10000000E-01  3.97558835E-02  4.86331029E-03
9.20000000E-01  4.06184504E-02  4.73599216E-03
9.30000000E-01  4.00241698E-02  4.79560717E-03
9.40000000E-01  3.75445344E-02  4.78875910E-03
9.50000000E-01  4.17823484E-02  4.84376160E-03
9.60000000E-01  4.02335795E-02  4.62316813E-03
9.70000000E-01  3.48520347E-02  4.46389294E-03
9.80000000E-01  3.58350531E-02  4.47555758E-03
9.90000000E-01  4.04938500E-02  4.78229644E-03
1.00000000E+00  4.17061258E-02  4.69809006E-03
1.03000000E+00  3.67919878E-02  2.59013674E-03
1.06000000E+00  4.01477859E-02  2.73837283E-03
1.09000000E+00  3.73298135E-02  2.83249965E-03
1.12000000E+00  3.42893256E-02  2.80087439E-03
1.15000000E+00  3.87925812E-02  2.80690239E-03
1.18000000E+00  3.83748615E-02  2.88053181E-03
1.21000000E+00  4.23131912E-02  2.97274580E-03
1.24000000E+00  3.83539244E-02  2.96530918E-03
1.27000000E+00  4.27294009E-02  3.19141682E-03
1.30000000E+00  4.07008550E-02  3.42450015E-03
1.33000000E+00  4.44538857E-02  3.70932022E-03
1.36000000E+00  4.43651381E-02  1.18106929E-02
1.39000000E+00  5.91615387E-02  6.29643056E-01
1.42000000E+00  4.55974661E-02  5.48330725E-03
1.45000000E+00  4.62082532E-02  5.75945291E-03
1.48000000E+00  4.91717433E-02  6.53304459E-03
1.51000000E+00  4.77115908E-02  7.39534554E-03
1.54000000E+00  4.53468132E-02  8.53029778E-03
1.57000000E+00  5.03662123E-02  9.83875995E-03
1.60000000E+00  4.67938556E-02  1.15553247E-02
1.63000000E+00  4.51542355E-02  1.29992226E-02
1.66000000E+00  4.02650567E-02  1.45473822E-02
1.69000000E+00  3.64042893E-02  1.65231450E-02
1.72000000E+00  4.02731653E-02  1.86088143E-02
1.75000000E+00  3.53382024E-02  2.08260270E-02
1.78000000E+00  2.59620563E-02  2.36101489E-02
1.81000000E+00  2.95348889E-02  2.88432730E-02
1.84000000E+00  2.13023963E-02  2.95453897E-02
1.87000000E+00  1.27032431E-02  3.21776999E-02
1.90000000E+00  1.10058703E-02  3.30761381E-02
1.93000000E+00  1.04206123E-02  3.70212013E-02
1.96000000E+00  1.13424592E-03  3.00051883E-02
1.99000000E+00  -7.24546111E-03  3.84686151E-02
2.02000000E+00  -5.79209800E-04  1.15389012E-02
2.05000000E+00  -8.34324017E-03  3.81342187E-02
2.08000000E+00  -4.83489179E-03  8.26986817E-02
2.11000000E+00  -1.03463521E-02  3.12530125E-02
2.14000000E+00  -3.90819007E-03  5.06991300E-02
2.17000000E+00  -8.82054391E-03  3.88845941E-02
2.20000000E+00  -7.34456736E-03  3.42810209E-02
2.23000000E+00  -1.42897181E-02  3.23751708E-02
2.26000000E+00  -9.19697717E-03  2.82043139E-02
2.29000000E+00  -9.24594930E-03  3.12262063E-02
2.32000000E+00  -2.68439078E-03  2.41353244E-02
2.35000000E+00  -6.72763020E-03  4.46052194E-02
2.38000000E+00  -6.82281167E-03  2.82525934E-02
2.41000000E+00  -4.58673874E-03  1.09022726E-01
2.44000000E+00  -6.11383723E-03  2.59855733E-01
2.47000000E+00  -5.36580905E-03  2.65287420E-02
2.50000000E+00  -9.30253342E-03  2.22902067E-02
2.53000000E+00  -4.71639628E-03  3.02293039E-02
2.56000000E+00  -6.30870927E-03  3.05548686E-02
2.59000000E+00  -1.88826511E-03  1.98182602E-02
2.62000000E+00  -4.77235309E-03  2.28162213E-02
2.65000000E+00  -5.08052294E-03  1.68079540E-02
2.68000000E+00  -1.65008856E-03  7.67179632E-01
2.71000000E+00  -3.61511482E-03  2.36191648E-02
2.74000000E+00  -5.09390058E-03  2.76213897E-02
2.77000000E+00  -3.80728387E-03  2.71540412E-02
2.80000000E+00  -6.31875513E-03  1.83452308E-02
2.83000000E+00  2.28604746E-04  5.30115804E-03
2.86000000E+00  -6.30931973E-03  2.15438611E-02
2.89000000E+00  -3.27260612E-03  2.46499135E-02
2.92000000E+00  -2.16714749E-03  1.56142676E-02
2.95000000E+00  -1.47829091E-03  2.32210122E-02
2.98000000E+00  -3.74903811E-03  1.88522163E-02
3.01000000E+00  -9.23617947E-03  1.73776455E-02
3.04000000E+00  1.51867290E-03  1.10172506E-02
3.07000000E+00  -6.94441860E-03  1.51240167E-02
3.10000000E+00  -3.55933461E-03  1.35655460E-02
3.13000000E+00  -3.66816956E-03  1.24625890E-02
3.16000000E+00  -8.68690305E-04  1.55163925E-02
3.19000000E+00  -3.76447047E-03  1.46825194E-02


### HEADER:
#
#{
#    "analysis": {
#        "guinier": {
#            "I0": 5.4587953978070365,
#            "I0_autorg_err": 0.0639614988028782,
#            "I0_err": 0.0639614988028782,
#            "I0_est_err": -1,
#            "I0_fit_err": 0.0639614988028782,
#            "Rg": 31.162229806175674,
#            "Rg_autorg_err": 0.5365920328110845,
#            "Rg_err": 0.5365920328110845,
#            "Rg_est_err": -1,
#            "Rg_fit_err": 0.5365920328110845,
#            "nEnd": 36,
#            "nStart": 0,
#            "qEnd": 0.041,
#            "qRg_max": 1.2776514220532027,
#            "qRg_min": 0.15581114903087837,
#            "qStart": 0.005,
#            "rsq": 0.7070994571645798
#        }
#    },
#    "filename": "./dat_files/AA_052026/profile_179.dat",
#    "history": {
#        "baseline_correction": {
#            "initial_file": [
#                "S_S_AA_Tau5_apo_0180",
#                {
#                    "subtraction": {
#                        "initial_file": [
#                            "S_AA_Tau5_apo_0180"
#                        ],
#                        "subtracted_file": [
#                            "A_S_AA_Tau5_apo_0025",
#                            {
#                                "averaged_files": [
#                                    [
#                                        "S_AA_Tau5_apo_0025"
#                                    ],
#                                    [
#                                        "S_AA_Tau5_apo_0026"
#                                    ],
#                                    [
#                                        "S_AA_Tau5_apo_0027"
#                                    ],
#                                    [
#                                        "S_AA_Tau5_apo_0028"
#                                    ],
#                                    [
#                                        "S_AA_Tau5_apo_0029"
#                                    ],
#                                    [
#                                        "S_AA_Tau5_apo_0030"
#                                    ],
#                                    [
#                                        "S_AA_Tau5_apo_0031"
#                                    ],
#                                    [
#                                        "S_AA_Tau5_apo_0032"
#                                    ],
#                                    [
#                                        "S_AA_Tau5_apo_0033"
#                                    ],
#                                    [
#                                        "S_AA_Tau5_apo_0034"
#                                    ],
#                                    [
#                                        "S_AA_Tau5_apo_0035"
#                                    ],
#                                    [
#                                        "S_AA_Tau5_apo_0036"
#                                    ],
#                                    [
#                                        "S_AA_Tau5_apo_0037"
#                                    ],
#                                    [
#                                        "S_AA_Tau5_apo_0038"
#                                    ],
#                                    [
#                                        "S_AA_Tau5_apo_0039"
#                                    ],
#                                    [
#                                        "S_AA_Tau5_apo_0040"
#                                    ],
#                                    [
#                                        "S_AA_Tau5_apo_0041"
#                                    ],
#                                    [
#                                        "S_AA_Tau5_apo_0042"
#                                    ],
#                                    [
#                                        "S_AA_Tau5_apo_0043"
#                                    ],
#                                    [
#                                        "S_AA_Tau5_apo_0044"
#                                    ],
#                                    [
#                                        "S_AA_Tau5_apo_0045"
#                                    ],
#                                    [
#                                        "S_AA_Tau5_apo_0046"
#                                    ],
#                                    [
#                                        "S_AA_Tau5_apo_0047"
#                                    ],
#                                    [
#                                        "S_AA_Tau5_apo_0048"
#                                    ],
#                                    [
#                                        "S_AA_Tau5_apo_0049"
#                                    ],
#                                    [
#                                        "S_AA_Tau5_apo_0050"
#                                    ],
#                                    [
#                                        "S_AA_Tau5_apo_0051"
#                                    ],
#                                    [
#                                        "S_AA_Tau5_apo_0052"
#                                    ],
#                                    [
#                                        "S_AA_Tau5_apo_0053"
#                                    ],
#                                    [
#                                        "S_AA_Tau5_apo_0054"
#                                    ],
#                                    [
#                                        "S_AA_Tau5_apo_0055"
#                                    ],
#                                    [
#                                        "S_AA_Tau5_apo_0056"
#                                    ],
#                                    [
#                                        "S_AA_Tau5_apo_0057"
#                                    ],
#                                    [
#                                        "S_AA_Tau5_apo_0058"
#                                    ],
#                                    [
#                                        "S_AA_Tau5_apo_0059"
#                                    ],
#                                    [
#                                        "S_AA_Tau5_apo_0060"
#                                    ],
#                                    [
#                                        "S_AA_Tau5_apo_0061"
#                                    ],
#                                    [
#                                        "S_AA_Tau5_apo_0062"
#                                    ],
#                                    [
#                                        "S_AA_Tau5_apo_0063"
#                                    ],
#                                    [
#                                        "S_AA_Tau5_apo_0064"
#                                    ],
#                                    [
#                                        "S_AA_Tau5_apo_0065"
#                                    ],
#                                    [
#                                        "S_AA_Tau5_apo_0066"
#                                    ],
#                                    [
#                                        "S_AA_Tau5_apo_0067"
#                                    ],
#                                    [
#                                        "S_AA_Tau5_apo_0068"
#                                    ],
#                                    [
#                                        "S_AA_Tau5_apo_0069"
#                                    ],
#                                    [
#                                        "S_AA_Tau5_apo_0070"
#                                    ],
#                                    [
#                                        "S_AA_Tau5_apo_0071"
#                                    ]
#                                ]
#                            }
#                        ]
#                    }
#                }
#            ],
#            "type": "Linear"
#        }
#    },
#    "unit": ""
#}

