### DATA:
#
# 274
#      Q             I(Q)           Error     
5.00000000E-03  3.53676738E+00  8.53980643E+00
6.00000000E-03  3.21566730E+00  4.09562273E+00
7.00000000E-03  6.73473072E+00  2.29306859E+00
8.00000000E-03  4.95738216E+00  1.22540238E+00
9.00000000E-03  6.00674304E+00  8.13658234E-01
1.00000000E-02  5.74531358E+00  6.08446941E-01
1.10000000E-02  5.64762108E+00  4.92780622E-01
1.20000000E-02  5.63030701E+00  3.78352712E-01
1.30000000E-02  5.03815495E+00  3.35201433E-01
1.40000000E-02  5.26894711E+00  2.95126340E-01
1.50000000E-02  5.15382540E+00  2.48303418E-01
1.60000000E-02  4.73878349E+00  2.08727044E-01
1.70000000E-02  5.28714697E+00  1.93294390E-01
1.80000000E-02  4.86558808E+00  1.80464108E-01
1.90000000E-02  4.61313313E+00  1.57247031E-01
2.00000000E-02  4.63220851E+00  1.46248926E-01
2.10000000E-02  4.84068620E+00  1.39265173E-01
2.20000000E-02  4.56359648E+00  1.27836922E-01
2.30000000E-02  4.59191334E+00  1.25807168E-01
2.40000000E-02  4.49902835E+00  1.16452369E-01
2.50000000E-02  4.29768224E+00  1.14860536E-01
2.60000000E-02  4.23103925E+00  1.05340215E-01
2.70000000E-02  4.12832711E+00  1.01299951E-01
2.80000000E-02  4.17561957E+00  9.77028476E-02
2.90000000E-02  4.11881522E+00  9.40940869E-02
3.00000000E-02  4.04184276E+00  9.25854785E-02
3.10000000E-02  3.87879480E+00  8.84638829E-02
3.20000000E-02  3.89030449E+00  8.60478634E-02
3.30000000E-02  3.80692255E+00  8.55542752E-02
3.40000000E-02  3.75337210E+00  8.18245025E-02
3.50000000E-02  3.54090172E+00  7.90753318E-02
3.60000000E-02  3.53060694E+00  7.93219372E-02
3.70000000E-02  3.54391700E+00  7.63324438E-02
3.80000000E-02  3.42417218E+00  7.32178813E-02
3.90000000E-02  3.27729452E+00  7.23498240E-02
4.00000000E-02  3.21206531E+00  7.02096194E-02
4.10000000E-02  3.12779712E+00  6.85213845E-02
4.20000000E-02  3.07716332E+00  6.75201015E-02
4.30000000E-02  2.95429528E+00  6.83789447E-02
4.40000000E-02  2.89074005E+00  6.68254891E-02
4.50000000E-02  2.88655498E+00  6.38447797E-02
4.60000000E-02  2.77250946E+00  6.17785481E-02
4.70000000E-02  2.79684157E+00  6.34684425E-02
4.80000000E-02  2.68002120E+00  6.14826328E-02
4.90000000E-02  2.69538058E+00  5.93156152E-02
5.00000000E-02  2.61716887E+00  5.94332758E-02
5.20000000E-02  2.35724761E+00  4.00670215E-02
5.40000000E-02  2.32766111E+00  3.85798108E-02
5.60000000E-02  2.23962347E+00  3.99286745E-02
5.80000000E-02  2.07151695E+00  3.91267274E-02
6.00000000E-02  1.99806367E+00  3.82583115E-02
6.20000000E-02  1.95112832E+00  3.64669229E-02
6.40000000E-02  1.85976577E+00  3.59416312E-02
6.60000000E-02  1.72697319E+00  3.44457562E-02
6.80000000E-02  1.61714049E+00  3.33607130E-02
7.00000000E-02  1.58266304E+00  3.23881479E-02
7.20000000E-02  1.51557086E+00  3.18872832E-02
7.40000000E-02  1.46376186E+00  3.21096249E-02
7.60000000E-02  1.40541186E+00  3.05427450E-02
7.80000000E-02  1.38799985E+00  3.07021764E-02
8.00000000E-02  1.30996803E+00  3.09137565E-02
8.20000000E-02  1.19618367E+00  3.06808039E-02
8.40000000E-02  1.16234357E+00  2.96877716E-02
8.60000000E-02  1.11200279E+00  2.89349395E-02
8.80000000E-02  1.07548798E+00  2.87118735E-02
9.00000000E-02  1.04396082E+00  2.83189604E-02
9.20000000E-02  9.81139578E-01  2.83721855E-02
9.40000000E-02  9.72221279E-01  2.80683582E-02
9.60000000E-02  9.36455805E-01  2.86268278E-02
9.80000000E-02  9.26087734E-01  2.80887099E-02
1.00000000E-01  8.52635581E-01  2.76278220E-02
1.05000000E-01  7.91697198E-01  1.70266297E-02
1.10000000E-01  7.17178183E-01  1.66441132E-02
1.15000000E-01  6.52846197E-01  1.60200480E-02
1.20000000E-01  6.14693415E-01  1.56458875E-02
1.25000000E-01  5.85760033E-01  1.58986526E-02
1.30000000E-01  5.25137836E-01  1.59526345E-02
1.35000000E-01  4.91858963E-01  1.52345311E-02
1.40000000E-01  4.69569040E-01  1.50415557E-02
1.45000000E-01  4.48615655E-01  1.48956945E-02
1.50000000E-01  4.02467918E-01  1.54484202E-02
1.55000000E-01  3.65826253E-01  1.54118332E-02
1.60000000E-01  3.57291954E-01  1.53103477E-02
1.65000000E-01  3.64789425E-01  1.56476075E-02
1.70000000E-01  3.18207664E-01  1.56060641E-02
1.75000000E-01  2.90924426E-01  1.52890975E-02
1.80000000E-01  2.95133660E-01  1.36645523E-02
1.85000000E-01  2.69397567E-01  1.33654285E-02
1.90000000E-01  2.61846764E-01  1.31076278E-02
1.95000000E-01  2.30537314E-01  1.31473797E-02
2.00000000E-01  2.46516322E-01  1.30762518E-02
2.05000000E-01  2.07950354E-01  1.36744730E-02
2.10000000E-01  2.15275350E-01  1.24130741E-02
2.15000000E-01  2.22331481E-01  1.37055769E-02
2.20000000E-01  2.25559834E-01  1.29121434E-02
2.25000000E-01  2.02606953E-01  1.34380878E-02
2.30000000E-01  1.84555714E-01  1.29273933E-02
2.35000000E-01  1.97343183E-01  1.35540939E-02
2.40000000E-01  1.55322903E-01  1.33103640E-02
2.45000000E-01  1.56327788E-01  1.28922687E-02
2.50000000E-01  1.66550302E-01  1.44326075E-02
2.55000000E-01  1.55513338E-01  1.37245351E-02
2.60000000E-01  1.34052932E-01  1.44239783E-02
2.65000000E-01  1.47009469E-01  1.47585211E-02
2.70000000E-01  1.48775772E-01  1.52152046E-02
2.75000000E-01  1.38182412E-01  1.44919098E-02
2.80000000E-01  1.44438407E-01  1.46388524E-02
2.85000000E-01  1.20616777E-01  1.36818411E-02
2.90000000E-01  1.48297291E-01  1.48813705E-02
2.95000000E-01  1.25586647E-01  1.34992782E-02
3.00000000E-01  1.14253726E-01  1.41764122E-02
3.05000000E-01  1.11578878E-01  1.46050089E-02
3.10000000E-01  1.12995818E-01  1.33880702E-02
3.15000000E-01  1.09571440E-01  1.54880692E-02
3.20000000E-01  1.13921235E-01  1.33252221E-02
3.25000000E-01  1.15070406E-01  1.35467621E-02
3.30000000E-01  9.79142023E-02  1.33827579E-02
3.35000000E-01  1.19700918E-01  1.38323003E-02
3.40000000E-01  8.56393755E-02  1.32043948E-02
3.45000000E-01  9.49011709E-02  1.24853264E-02
3.50000000E-01  9.36080981E-02  1.24049865E-02
3.55000000E-01  9.94513517E-02  1.26329870E-02
3.60000000E-01  1.06465185E-01  1.23083839E-02
3.65000000E-01  8.37486463E-02  1.25083631E-02
3.70000000E-01  1.02839578E-01  1.24193217E-02
3.75000000E-01  9.07552917E-02  1.19604292E-02
3.80000000E-01  9.86889623E-02  1.29223178E-02
3.85000000E-01  8.75331261E-02  1.10782476E-02
3.90000000E-01  8.89004472E-02  1.36374622E-02
3.95000000E-01  8.61507700E-02  1.28145137E-02
4.00000000E-01  8.11932752E-02  1.22035976E-02
4.05000000E-01  9.80552409E-02  1.18688846E-02
4.10000000E-01  8.02917205E-02  1.18245392E-02
4.15000000E-01  7.63233676E-02  1.11231820E-02
4.20000000E-01  8.71235558E-02  1.19382558E-02
4.25000000E-01  8.52398062E-02  1.20957476E-02
4.30000000E-01  8.70896150E-02  1.13647271E-02
4.35000000E-01  8.67245926E-02  1.17487813E-02
4.40000000E-01  7.82768612E-02  1.11326507E-02
4.45000000E-01  6.25447130E-02  1.06687271E-02
4.50000000E-01  7.01240011E-02  1.09706154E-02
4.55000000E-01  9.06221368E-02  1.06780206E-02
4.60000000E-01  8.51400694E-02  1.05394754E-02
4.65000000E-01  7.80653944E-02  1.11722987E-02
4.70000000E-01  6.43139044E-02  1.03258690E-02
4.75000000E-01  8.81447763E-02  1.12512820E-02
4.80000000E-01  7.13066020E-02  1.18253477E-02
4.85000000E-01  5.64434354E-02  1.33288400E-02
4.90000000E-01  7.46801723E-02  1.08984967E-02
4.95000000E-01  7.93760071E-02  1.08010026E-02
5.00000000E-01  7.35336924E-02  1.02020131E-02
5.10000000E-01  6.09730245E-02  7.22806214E-03
5.20000000E-01  7.52649154E-02  7.18796791E-03
5.30000000E-01  6.19727115E-02  6.92651302E-03
5.40000000E-01  6.93391793E-02  6.36942010E-03
5.50000000E-01  6.50367131E-02  7.11078459E-03
5.60000000E-01  6.97511056E-02  7.15416293E-03
5.70000000E-01  6.38688146E-02  6.64634850E-03
5.80000000E-01  6.02116587E-02  6.72268265E-03
5.90000000E-01  6.73121537E-02  6.30875176E-03
6.00000000E-01  6.15172418E-02  6.45443534E-03
6.10000000E-01  6.34662524E-02  6.35124052E-03
6.20000000E-01  5.67947892E-02  6.08357413E-03
6.30000000E-01  5.77243213E-02  6.45108996E-03
6.40000000E-01  5.52313315E-02  5.92694633E-03
6.50000000E-01  5.26686944E-02  5.97112659E-03
6.60000000E-01  6.00193865E-02  6.20287181E-03
6.70000000E-01  6.06304407E-02  6.35206465E-03
6.80000000E-01  5.18446927E-02  6.16877258E-03
6.90000000E-01  5.05988657E-02  5.83394879E-03
7.00000000E-01  5.14408625E-02  5.65372264E-03
7.10000000E-01  5.36551820E-02  5.79705424E-03
7.20000000E-01  4.43680059E-02  5.56120976E-03
7.30000000E-01  5.63771793E-02  5.91027080E-03
7.40000000E-01  4.98933743E-02  5.47077398E-03
7.50000000E-01  5.21713682E-02  5.59711482E-03
7.60000000E-01  4.96984923E-02  5.84039321E-03
7.70000000E-01  5.14204466E-02  5.61894767E-03
7.80000000E-01  4.06658188E-02  5.57109453E-03
7.90000000E-01  4.21747264E-02  5.68176585E-03
8.00000000E-01  4.53850140E-02  5.42740944E-03
8.10000000E-01  4.81429478E-02  5.52814184E-03
8.20000000E-01  4.24488089E-02  5.38667143E-03
8.30000000E-01  4.14704593E-02  5.48551287E-03
8.40000000E-01  3.98759649E-02  5.55412430E-03
8.50000000E-01  3.67630152E-02  5.38486380E-03
8.60000000E-01  3.37177023E-02  4.95108425E-03
8.70000000E-01  4.30440892E-02  5.28605744E-03
8.80000000E-01  3.58611897E-02  5.40919881E-03
8.90000000E-01  4.50390328E-02  5.20189559E-03
9.00000000E-01  4.04292873E-02  5.20468093E-03
9.10000000E-01  3.80087258E-02  4.91585275E-03
9.20000000E-01  3.88214114E-02  4.79937173E-03
9.30000000E-01  3.55324177E-02  4.85538271E-03
9.40000000E-01  4.14285565E-02  4.80046730E-03
9.50000000E-01  4.16281308E-02  4.80770891E-03
9.60000000E-01  4.08403044E-02  4.65661943E-03
9.70000000E-01  4.11117209E-02  4.55145642E-03
9.80000000E-01  3.57379091E-02  4.49847178E-03
9.90000000E-01  3.94774943E-02  4.64109192E-03
1.00000000E+00  4.27732827E-02  4.64300031E-03
1.03000000E+00  3.52047823E-02  2.60699499E-03
1.06000000E+00  4.04089392E-02  2.75491024E-03
1.09000000E+00  3.86675031E-02  2.84896728E-03
1.12000000E+00  3.70005598E-02  2.80691155E-03
1.15000000E+00  4.05606469E-02  2.82172726E-03
1.18000000E+00  3.98416621E-02  2.88509928E-03
1.21000000E+00  3.75795836E-02  2.97590532E-03
1.24000000E+00  4.08869301E-02  2.97552744E-03
1.27000000E+00  4.22521442E-02  3.21355738E-03
1.30000000E+00  4.51803152E-02  3.41929675E-03
1.33000000E+00  4.43812267E-02  3.68724111E-03
1.36000000E+00  4.41437306E-02  1.16591499E-02
1.39000000E+00  5.48650841E-02  6.32558337E-01
1.42000000E+00  4.53453364E-02  5.47564357E-03
1.45000000E+00  4.86534326E-02  5.73762788E-03
1.48000000E+00  5.07181998E-02  6.57231493E-03
1.51000000E+00  4.82281435E-02  7.40781668E-03
1.54000000E+00  4.58306896E-02  8.49878375E-03
1.57000000E+00  4.69437040E-02  9.79413629E-03
1.60000000E+00  5.21567741E-02  1.15132583E-02
1.63000000E+00  4.89159208E-02  1.29979874E-02
1.66000000E+00  4.16699128E-02  1.45524775E-02
1.69000000E+00  4.59495384E-02  1.65370504E-02
1.72000000E+00  4.10832836E-02  1.85792195E-02
1.75000000E+00  3.11596009E-02  2.07133621E-02
1.78000000E+00  2.86843397E-02  2.37093382E-02
1.81000000E+00  2.14261189E-02  2.86566205E-02
1.84000000E+00  1.95865513E-02  2.93594599E-02
1.87000000E+00  1.38896550E-02  3.21822784E-02
1.90000000E+00  1.20615514E-02  3.31991360E-02
1.93000000E+00  1.93515558E-03  4.31626739E-02
1.96000000E+00  -1.89282447E-03  4.41197363E-02
1.99000000E+00  5.15316285E-03  3.94924356E-02
2.02000000E+00  -5.98565613E-03  3.15079164E-02
2.05000000E+00  -7.62004866E-03  3.80963432E-02
2.08000000E+00  -3.08499611E-03  2.18246633E-01
2.11000000E+00  -6.44283414E-03  2.79962073E-02
2.14000000E+00  -8.00656362E-03  4.38667801E-02
2.17000000E+00  -5.23441698E-03  3.97341011E-02
2.20000000E+00  -3.82620899E-03  3.33991997E-02
2.23000000E+00  -5.63639339E-03  3.26236710E-02
2.26000000E+00  -3.79661249E-03  2.68417248E-02
2.29000000E+00  -1.13584090E-02  3.05078011E-02
2.32000000E+00  -6.36048750E-03  2.55434324E-02
2.35000000E+00  -9.34550620E-03  3.70842414E-02
2.38000000E+00  -1.10228890E-02  2.71150099E-02
2.41000000E+00  -4.99576552E-03  1.10743998E-01
2.44000000E+00  -3.72929019E-03  2.40749626E-01
2.47000000E+00  -2.38591880E-03  3.13346008E-02
2.50000000E+00  -1.71711191E-03  1.94885704E-02
2.53000000E+00  -1.74316613E-03  7.20321726E-02
2.56000000E+00  -7.26060942E-03  2.90361263E-02
2.59000000E+00  -5.24928805E-03  2.09525762E-02
2.62000000E+00  -4.47935383E-03  2.30345258E-02
2.65000000E+00  -1.47726735E-03  1.11633771E-02
2.68000000E+00  -7.27145982E-03  2.71500480E-02
2.71000000E+00  -3.25946226E-03  2.38394719E-02
2.74000000E+00  -7.43419546E-03  2.48225604E-02
2.77000000E+00  -3.52941348E-03  2.79261344E-02
2.80000000E+00  -2.49861023E-03  1.73046922E-02
2.83000000E+00  -5.25620179E-03  2.62576182E-02
2.86000000E+00  -7.08810249E-03  2.10535943E-02
2.89000000E+00  -5.05595128E-03  2.13608284E-02
2.92000000E+00  -5.13418282E-03  1.60240191E-02
2.95000000E+00  -3.83512862E-03  1.79223313E-02
2.98000000E+00  -3.43503667E-04  -1.20435397E-02
3.01000000E+00  -2.89133361E-03  3.45393886E-02
3.04000000E+00  -4.48501536E-03  1.51687277E-02
3.07000000E+00  -4.59301672E-03  1.64723745E-02
3.10000000E+00  -3.90906881E-03  1.34255287E-02
3.13000000E+00  -2.96047434E-03  1.28282770E-02
3.16000000E+00  -3.36090928E-03  1.24139572E-02
3.19000000E+00  3.79407743E-03  9.65327958E-03


### HEADER:
#
#{
#    "analysis": {
#        "guinier": {
#            "I0": 5.4035681168332586,
#            "I0_autorg_err": 0.06372817304061558,
#            "I0_err": 0.06372817304061558,
#            "I0_est_err": -1,
#            "I0_fit_err": 0.06372817304061558,
#            "Rg": 31.26704401544002,
#            "Rg_autorg_err": 0.5386532803829434,
#            "Rg_err": 0.5386532803829434,
#            "Rg_est_err": -1,
#            "Rg_fit_err": 0.5386532803829434,
#            "nEnd": 36,
#            "nStart": 2,
#            "qEnd": 0.041,
#            "qRg_max": 1.281948804633041,
#            "qRg_min": 0.21886930810808014,
#            "qStart": 0.007,
#            "rsq": 0.9038178129899799
#        }
#    },
#    "filename": "./dat_files/AA_052026/profile_175.dat",
#    "history": {
#        "baseline_correction": {
#            "initial_file": [
#                "S_S_AA_Tau5_apo_0176",
#                {
#                    "subtraction": {
#                        "initial_file": [
#                            "S_AA_Tau5_apo_0176"
#                        ],
#                        "subtracted_file": [
#                            "A_S_AA_Tau5_apo_0025",
#                            {
#                                "averaged_files": [
#                                    [
#                                        "S_AA_Tau5_apo_0025"
#                                    ],
#                                    [
#                                        "S_AA_Tau5_apo_0026"
#                                    ],
#                                    [
#                                        "S_AA_Tau5_apo_0027"
#                                    ],
#                                    [
#                                        "S_AA_Tau5_apo_0028"
#                                    ],
#                                    [
#                                        "S_AA_Tau5_apo_0029"
#                                    ],
#                                    [
#                                        "S_AA_Tau5_apo_0030"
#                                    ],
#                                    [
#                                        "S_AA_Tau5_apo_0031"
#                                    ],
#                                    [
#                                        "S_AA_Tau5_apo_0032"
#                                    ],
#                                    [
#                                        "S_AA_Tau5_apo_0033"
#                                    ],
#                                    [
#                                        "S_AA_Tau5_apo_0034"
#                                    ],
#                                    [
#                                        "S_AA_Tau5_apo_0035"
#                                    ],
#                                    [
#                                        "S_AA_Tau5_apo_0036"
#                                    ],
#                                    [
#                                        "S_AA_Tau5_apo_0037"
#                                    ],
#                                    [
#                                        "S_AA_Tau5_apo_0038"
#                                    ],
#                                    [
#                                        "S_AA_Tau5_apo_0039"
#                                    ],
#                                    [
#                                        "S_AA_Tau5_apo_0040"
#                                    ],
#                                    [
#                                        "S_AA_Tau5_apo_0041"
#                                    ],
#                                    [
#                                        "S_AA_Tau5_apo_0042"
#                                    ],
#                                    [
#                                        "S_AA_Tau5_apo_0043"
#                                    ],
#                                    [
#                                        "S_AA_Tau5_apo_0044"
#                                    ],
#                                    [
#                                        "S_AA_Tau5_apo_0045"
#                                    ],
#                                    [
#                                        "S_AA_Tau5_apo_0046"
#                                    ],
#                                    [
#                                        "S_AA_Tau5_apo_0047"
#                                    ],
#                                    [
#                                        "S_AA_Tau5_apo_0048"
#                                    ],
#                                    [
#                                        "S_AA_Tau5_apo_0049"
#                                    ],
#                                    [
#                                        "S_AA_Tau5_apo_0050"
#                                    ],
#                                    [
#                                        "S_AA_Tau5_apo_0051"
#                                    ],
#                                    [
#                                        "S_AA_Tau5_apo_0052"
#                                    ],
#                                    [
#                                        "S_AA_Tau5_apo_0053"
#                                    ],
#                                    [
#                                        "S_AA_Tau5_apo_0054"
#                                    ],
#                                    [
#                                        "S_AA_Tau5_apo_0055"
#                                    ],
#                                    [
#                                        "S_AA_Tau5_apo_0056"
#                                    ],
#                                    [
#                                        "S_AA_Tau5_apo_0057"
#                                    ],
#                                    [
#                                        "S_AA_Tau5_apo_0058"
#                                    ],
#                                    [
#                                        "S_AA_Tau5_apo_0059"
#                                    ],
#                                    [
#                                        "S_AA_Tau5_apo_0060"
#                                    ],
#                                    [
#                                        "S_AA_Tau5_apo_0061"
#                                    ],
#                                    [
#                                        "S_AA_Tau5_apo_0062"
#                                    ],
#                                    [
#                                        "S_AA_Tau5_apo_0063"
#                                    ],
#                                    [
#                                        "S_AA_Tau5_apo_0064"
#                                    ],
#                                    [
#                                        "S_AA_Tau5_apo_0065"
#                                    ],
#                                    [
#                                        "S_AA_Tau5_apo_0066"
#                                    ],
#                                    [
#                                        "S_AA_Tau5_apo_0067"
#                                    ],
#                                    [
#                                        "S_AA_Tau5_apo_0068"
#                                    ],
#                                    [
#                                        "S_AA_Tau5_apo_0069"
#                                    ],
#                                    [
#                                        "S_AA_Tau5_apo_0070"
#                                    ],
#                                    [
#                                        "S_AA_Tau5_apo_0071"
#                                    ]
#                                ]
#                            }
#                        ]
#                    }
#                }
#            ],
#            "type": "Linear"
#        }
#    },
#    "unit": ""
#}

