# q_A^-1 I_rank1 conditional_sigma; rank-one dominant signal NOT a cleaned monomer
5.000000000000000104e-03 5.344494793127672949e+00 2.903922149333745484e+00
6.000000000000000125e-03 5.506677162712912299e+00 1.326657047262509437e+00
7.000000000000000146e-03 5.032465583467985226e+00 6.456674952285347269e-01
8.000000000000000167e-03 4.835935899283708039e+00 3.500151670785343616e-01
9.000000000000001055e-03 4.738034676249799126e+00 2.219049563556977356e-01
1.000000000000000021e-02 4.589187135634473336e+00 1.600183489753493060e-01
1.099999999999999936e-02 4.548707429212015541e+00 1.243059282956815448e-01
1.200000000000000025e-02 4.612855625689884498e+00 9.960419601083765617e-02
1.300000000000000114e-02 4.472795463703443275e+00 8.337653019810514765e-02
1.400000000000000203e-02 4.377176469539096004e+00 7.130448230437239077e-02
1.499999999999999944e-02 4.342781578204826687e+00 6.101513891013596314e-02
1.600000000000000033e-02 4.338731631408360379e+00 5.307993924408123398e-02
1.700000000000000122e-02 4.265557741970185113e+00 4.739664413575910701e-02
1.800000000000000211e-02 4.262455653299252134e+00 4.290332286608341400e-02
1.899999999999999953e-02 4.126984837836530140e+00 3.943436075495546783e-02
2.000000000000000042e-02 4.096180507130586790e+00 3.593002746291800581e-02
2.100000000000000130e-02 4.024294326640090347e+00 3.366071831559720035e-02
2.200000000000000219e-02 3.959435066702656769e+00 3.168303548482503951e-02
2.300000000000000308e-02 3.906264651240581642e+00 2.956574551181855373e-02
2.400000000000000050e-02 3.895381799581583593e+00 2.797981887736649201e-02
2.500000000000000139e-02 3.792100900372961991e+00 2.676344080796286967e-02
2.600000000000000228e-02 3.714635146772029106e+00 2.554164886569907852e-02
2.699999999999999969e-02 3.678813994477434068e+00 2.449463211083873632e-02
2.800000000000000058e-02 3.623782667828488346e+00 2.309103936134106541e-02
2.900000000000000147e-02 3.517156414957185007e+00 2.257916848910496849e-02
3.000000000000000236e-02 3.455213928967479031e+00 2.190546733221078110e-02
3.100000000000000325e-02 3.417595749764269275e+00 2.120534466064614987e-02
3.200000000000000067e-02 3.314761180785597006e+00 2.019533338695259084e-02
3.300000000000000155e-02 3.270924356965852819e+00 1.992083231739555718e-02
3.400000000000000244e-02 3.174584073846746790e+00 1.937401073950464556e-02
3.499999999999999639e-02 3.106799645742628346e+00 1.883956827845219978e-02
3.599999999999999728e-02 3.054537792092205883e+00 1.851541271198826888e-02
3.699999999999999817e-02 3.005857799289964216e+00 1.793182034282672990e-02
3.799999999999999906e-02 2.928983195776091453e+00 1.762809194898771331e-02
3.899999999999999994e-02 2.836831154791326970e+00 1.716299010041240358e-02
4.000000000000000083e-02 2.811169882972709644e+00 1.677464057780816628e-02
4.100000000000000172e-02 2.725255110836977579e+00 1.641167128035602232e-02
4.199999999999999567e-02 2.674448905976115398e+00 1.621902948344776038e-02
4.299999999999999656e-02 2.631047967545831590e+00 1.586305828549456134e-02
4.399999999999999745e-02 2.535730535547258579e+00 1.556242091095369311e-02
4.499999999999999833e-02 2.494599090181159884e+00 1.528591072282247526e-02
4.599999999999999922e-02 2.438574783664035017e+00 1.482871676580771979e-02
4.700000000000000011e-02 2.396167837053845506e+00 1.469995670250435864e-02
4.800000000000000100e-02 2.321187983793692844e+00 1.446848424767060992e-02
4.899999999999999495e-02 2.269321337201899436e+00 1.422185491405701316e-02
5.000000000000000278e-02 2.238181008658395310e+00 1.411565242704053424e-02
5.200000000000000455e-02 2.106617458191539338e+00 9.550698349001081333e-03
5.400000000000000633e-02 2.003900909946588538e+00 9.334477202785825337e-03
5.600000000000000810e-02 1.912887847419774578e+00 9.371582403352120630e-03
5.800000000000000988e-02 1.812811275953722712e+00 9.371241662581976037e-03
6.000000000000001166e-02 1.743147423308740285e+00 9.217769589569956012e-03
6.200000000000001343e-02 1.663958404513204314e+00 8.779103704073729780e-03
6.400000000000001521e-02 1.587490505216493597e+00 8.531732960351978701e-03
6.600000000000001699e-02 1.508656863950755378e+00 8.280035794008792568e-03
6.800000000000001876e-02 1.427657760536307441e+00 8.053522743951678498e-03
7.000000000000002054e-02 1.366293952351667063e+00 7.887818007845805168e-03
7.200000000000002232e-02 1.311156606348794940e+00 7.785042317120859784e-03
7.400000000000002409e-02 1.259801135437965236e+00 7.740363215065874936e-03
7.600000000000002587e-02 1.199178935838436599e+00 7.520777212626265744e-03
7.800000000000002764e-02 1.137620279043952243e+00 7.474539259808310812e-03
8.000000000000002942e-02 1.107239712101617313e+00 7.543830486876827550e-03
8.200000000000003120e-02 1.047474929866742288e+00 7.504974923749701057e-03
8.400000000000003297e-02 1.011163694178840222e+00 7.226302006766895623e-03
8.600000000000003475e-02 9.809894663025199302e-01 7.058109724060245699e-03
8.800000000000003653e-02 9.383559358986149901e-01 7.108512809534212225e-03
9.000000000000003830e-02 9.039930208425670521e-01 7.104125013848888379e-03
9.200000000000004008e-02 8.646396328494017069e-01 7.008329734753524290e-03
9.400000000000004186e-02 8.425334348541577700e-01 6.964563292304577248e-03
9.600000000000004363e-02 7.936751198965344978e-01 6.969064048518340028e-03
9.800000000000004541e-02 7.716807883553946645e-01 6.912942025712994279e-03
1.000000000000000056e-01 7.469035051259635960e-01 6.850366324952086167e-03
1.050000000000000100e-01 6.823822802344201577e-01 4.220712838383912369e-03
1.100000000000000144e-01 6.242810219511452097e-01 4.120896085403905930e-03
1.150000000000000189e-01 5.863353928756948052e-01 4.026946718340510337e-03
1.200000000000000233e-01 5.268974141273701228e-01 3.950062074455949930e-03
1.250000000000000278e-01 4.947791803418354339e-01 3.989389385374055019e-03
1.300000000000000322e-01 4.619238080297063398e-01 4.016068466812220197e-03
1.350000000000000366e-01 4.347836127699089559e-01 3.857038478996395632e-03
1.400000000000000411e-01 4.029933143882619695e-01 3.786295008644165096e-03
1.450000000000000455e-01 3.767610674128467063e-01 3.722589696775385759e-03
1.500000000000000500e-01 3.524418307825517571e-01 3.861949647737001560e-03
1.550000000000000544e-01 3.293054239363711333e-01 3.882509523674592972e-03
1.600000000000000588e-01 3.083210397967139915e-01 3.899685133041628886e-03
1.650000000000000633e-01 2.914765968338966506e-01 3.930111221697299428e-03
1.700000000000000677e-01 2.732870334381384825e-01 3.945818083058840429e-03
1.750000000000000722e-01 2.650855551910417107e-01 3.909911788095661068e-03
1.800000000000000766e-01 2.458562842285407224e-01 3.406807531109153162e-03
1.850000000000000810e-01 2.361371564754061458e-01 3.389359968829950501e-03
1.900000000000000855e-01 2.228777369921675355e-01 3.298686478737756795e-03
1.950000000000000899e-01 2.123731888200170725e-01 3.282372659593959727e-03
2.000000000000000944e-01 2.067983567912164977e-01 3.374012507027940051e-03
2.050000000000000988e-01 1.948875253972908450e-01 3.409914970620523192e-03
2.100000000000001033e-01 1.874008916090789401e-01 3.342276468702276137e-03
2.150000000000001077e-01 1.869248500103681820e-01 3.402019564301363933e-03
2.200000000000001121e-01 1.760284166931361804e-01 3.302950739736595573e-03
2.250000000000001166e-01 1.673644453751377548e-01 3.317206990665577410e-03
2.300000000000001210e-01 1.611510421532313941e-01 3.222514433141110326e-03
2.350000000000001255e-01 1.585413384117932978e-01 3.381202713021360089e-03
2.400000000000001299e-01 1.474156354484887077e-01 3.575929641168255034e-03
2.450000000000001343e-01 1.412079079841317697e-01 3.492891534506114420e-03
2.500000000000001110e-01 1.399034490763758076e-01 3.660134477185123664e-03
2.550000000000001155e-01 1.373118447959960076e-01 3.580139196113202912e-03
2.600000000000001199e-01 1.317618612742243456e-01 3.795061478063949719e-03
2.650000000000001243e-01 1.235763990984691946e-01 3.633607193876718568e-03
2.700000000000001288e-01 1.245296260708335379e-01 3.810624174858647829e-03
2.750000000000001332e-01 1.264283153457731179e-01 3.643856356259025323e-03
2.800000000000001377e-01 1.198068272564365017e-01 3.681219101118815909e-03
2.850000000000001421e-01 1.157122653072936436e-01 3.709280533269677677e-03
2.900000000000001465e-01 1.159205664184886769e-01 3.576358404084822428e-03
2.950000000000001510e-01 1.071969780035303410e-01 3.600715439896549300e-03
3.000000000000001554e-01 1.067364958822743376e-01 3.629067416561022798e-03
3.050000000000001599e-01 1.030818698829919638e-01 3.665834390832601285e-03
3.100000000000001643e-01 1.005987287476594050e-01 3.591059564681543022e-03
3.150000000000001688e-01 1.012679826787800941e-01 3.556140017611532193e-03
3.200000000000001732e-01 9.963995886031726257e-02 3.515370896014752711e-03
3.250000000000001776e-01 9.905359291007853617e-02 3.467759881234971225e-03
3.300000000000001821e-01 9.086838722329512730e-02 3.404661957541707615e-03
3.350000000000001865e-01 9.381792430728788657e-02 3.399097659009856897e-03
3.400000000000001910e-01 8.580636722226687996e-02 3.261569192081063481e-03
3.450000000000001954e-01 8.641108750310463882e-02 3.407845444700707306e-03
3.500000000000001998e-01 8.278085512208252505e-02 3.145069986322442026e-03
3.550000000000002043e-01 9.027393598954502885e-02 3.323811769852223069e-03
3.600000000000002087e-01 8.505144448867699158e-02 3.269472905636246814e-03
3.650000000000002132e-01 8.332462918218259962e-02 3.208532939598059130e-03
3.700000000000002176e-01 8.295918242353537975e-02 3.220027693950151988e-03
3.750000000000002220e-01 8.484272646628399084e-02 3.213606592017708222e-03
3.800000000000002265e-01 7.906921947945083629e-02 3.289227612042239408e-03
3.850000000000002309e-01 7.898479321008725074e-02 3.048672405315225927e-03
3.900000000000002354e-01 7.462046487538961936e-02 3.363557504137781526e-03
3.950000000000002398e-01 7.690716264883365461e-02 3.281427742728069974e-03
4.000000000000002442e-01 7.371016216474034211e-02 3.153973896704379606e-03
4.050000000000002487e-01 7.318993521464975394e-02 2.991806891222345555e-03
4.100000000000002531e-01 7.546106552753055474e-02 2.952559933104284811e-03
4.150000000000002576e-01 7.111263262297835841e-02 2.911909350712543060e-03
4.200000000000002620e-01 7.302122248926323778e-02 2.927175163152168167e-03
4.250000000000002665e-01 7.136375746249366825e-02 3.011899439789857916e-03
4.300000000000002709e-01 6.841900273356009421e-02 2.864520247015975990e-03
4.350000000000002753e-01 7.033637370573250780e-02 2.945078184063802673e-03
4.400000000000002798e-01 6.948006398250405891e-02 2.861026734084956905e-03
4.450000000000002842e-01 6.651063844378110601e-02 2.844151680231101972e-03
4.500000000000002887e-01 6.832557615493976833e-02 2.776782418937654741e-03
4.550000000000002931e-01 6.776854206959770366e-02 2.759573697215257724e-03
4.600000000000002975e-01 6.710246649272666453e-02 2.725086570820373002e-03
4.650000000000003020e-01 6.360429830464829626e-02 2.759197905886889065e-03
4.700000000000003064e-01 6.779362091744747798e-02 2.705810495612208291e-03
4.750000000000003109e-01 6.508508883452078508e-02 2.753141812031736739e-03
4.800000000000003153e-01 6.418674655109470051e-02 2.969496058843261281e-03
4.850000000000003197e-01 6.108783092254804759e-02 3.081753835851926311e-03
4.900000000000003242e-01 5.863930972487894216e-02 2.697882201307253390e-03
4.950000000000003286e-01 6.156641514471227622e-02 2.651316519211793267e-03
5.000000000000000000e-01 6.001590691567989383e-02 2.649803472061369215e-03
5.100000000000000089e-01 6.082730996679829027e-02 1.833970312369010737e-03
5.200000000000000178e-01 6.079929272963034009e-02 1.824740064559043700e-03
5.300000000000000266e-01 5.734533925987315289e-02 1.777550683134568581e-03
5.400000000000000355e-01 5.699419767632154382e-02 1.785587122733241910e-03
5.500000000000000444e-01 5.640122935429955214e-02 1.745226500244628819e-03
5.600000000000000533e-01 5.588739615269262134e-02 1.735818493722927425e-03
5.700000000000000622e-01 5.565432702894444750e-02 1.728121126482879289e-03
5.800000000000000711e-01 5.201990274454076219e-02 1.684458919086701065e-03
5.900000000000000799e-01 5.101070104017208645e-02 1.657467064076414021e-03
6.000000000000000888e-01 5.256531032579055129e-02 1.647513697023163552e-03
6.100000000000000977e-01 4.975145731430673235e-02 1.634328292761358121e-03
6.200000000000001066e-01 4.859570738527851930e-02 1.586908854382489608e-03
6.300000000000001155e-01 4.762245718089694324e-02 1.604152511295624511e-03
6.400000000000001243e-01 4.882668858668667844e-02 1.560468072941641410e-03
6.500000000000001332e-01 4.713627204261109510e-02 1.578368527404219387e-03
6.600000000000001421e-01 4.602279467055346573e-02 1.561696963607160649e-03
6.700000000000001510e-01 4.652674369519905345e-02 1.557418215721393089e-03
6.800000000000001599e-01 4.533395922010214490e-02 1.541485216909515080e-03
6.900000000000001688e-01 4.649971908829451245e-02 1.519749516178843735e-03
7.000000000000001776e-01 4.328699166863522740e-02 1.486229838140144246e-03
7.100000000000001865e-01 4.342394911595465895e-02 1.510023733172115561e-03
7.200000000000001954e-01 4.338314268054239975e-02 1.476781719833709493e-03
7.300000000000002043e-01 4.238331608011820101e-02 1.490658695606391672e-03
7.400000000000002132e-01 4.070833571405721441e-02 1.459005447696938313e-03
7.500000000000002220e-01 3.902638285078735558e-02 1.446047066196162268e-03
7.600000000000002309e-01 4.100033837999770420e-02 1.439213586371967859e-03
7.700000000000002398e-01 3.865127198830890093e-02 1.434849967500201025e-03
7.800000000000002487e-01 3.975326271648609022e-02 1.440720851234308887e-03
7.900000000000002576e-01 3.912204300429350523e-02 1.441181702197562179e-03
8.000000000000002665e-01 3.939889315223073230e-02 1.417685685303750071e-03
8.100000000000002753e-01 3.752135515294423990e-02 1.392916716324286899e-03
8.200000000000002842e-01 3.718477929171938590e-02 1.395556532639669403e-03
8.300000000000002931e-01 3.723903720445829318e-02 1.411114619958536752e-03
8.400000000000003020e-01 3.724973167011035730e-02 1.404115246848891855e-03
8.500000000000003109e-01 3.565655786214662337e-02 1.386496756155972121e-03
8.600000000000003197e-01 3.455910879170353417e-02 1.387889727386203143e-03
8.700000000000003286e-01 3.625526487979703616e-02 1.383535541243182841e-03
8.800000000000003375e-01 3.417386608459745817e-02 1.404483791065795108e-03
8.900000000000003464e-01 3.465309713963533184e-02 1.331409126859832946e-03
9.000000000000003553e-01 3.298302178380019267e-02 1.295953738186677445e-03
9.100000000000003642e-01 3.420699674394030165e-02 1.254186140410223395e-03
9.200000000000003730e-01 3.437469248749728395e-02 1.243215157899058617e-03
9.300000000000003819e-01 3.233306054438050275e-02 1.254080552666792621e-03
9.400000000000003908e-01 3.316686122810843379e-02 1.229276664707669182e-03
9.500000000000003997e-01 3.218255896274421074e-02 1.224434436602366829e-03
9.600000000000004086e-01 3.451748294533427130e-02 1.187970092684188230e-03
9.700000000000004174e-01 3.310073734143981899e-02 1.184944428074214155e-03
9.800000000000004263e-01 3.388098423437765905e-02 1.187224095465634925e-03
9.900000000000004352e-01 3.315105096088554609e-02 1.189006630915837633e-03
1.000000000000000000e+00 3.339646060455144644e-02 1.171178568320112908e-03
1.030000000000000027e+00 3.196596212856372965e-02 6.794521794007896739e-04
1.060000000000000053e+00 3.235254027232954688e-02 6.963459687642588238e-04
1.090000000000000080e+00 3.276907709213477959e-02 7.149020970009713899e-04
1.120000000000000107e+00 3.307002447109406301e-02 7.209398801970830564e-04
1.150000000000000133e+00 3.307997457036042366e-02 7.270751675580559587e-04
1.180000000000000160e+00 3.360283722547999230e-02 7.256087498319837041e-04
1.210000000000000187e+00 3.392244169293637257e-02 7.434526259067254523e-04
1.240000000000000213e+00 3.559950411818305072e-02 7.670573366648723293e-04
1.270000000000000240e+00 3.595078121745408362e-02 8.174179793084178575e-04
1.300000000000000266e+00 3.689894370357735959e-02 8.698187315096793945e-04
1.330000000000000293e+00 3.865630961442540620e-02 9.515076767030306156e-04
1.360000000000000320e+00 3.993323553913880747e-02 3.045530217223826452e-03
1.390000000000000346e+00 4.224727832422296020e-02 1.536613587942207426e-01
1.420000000000000373e+00 3.972000376765610907e-02 1.410587690445010665e-03
1.450000000000000400e+00 4.135018924614519004e-02 1.492676034330814088e-03
1.480000000000000426e+00 4.155822704146371754e-02 1.701155764794059881e-03
1.510000000000000453e+00 4.175712166055878249e-02 1.930283327297841259e-03
1.540000000000000480e+00 4.176690675740058617e-02 2.224930691440211040e-03
1.570000000000000506e+00 4.044294157701435605e-02 2.557274681313544649e-03
1.600000000000000533e+00 4.020646772584504647e-02 2.931630124493620447e-03
1.630000000000000560e+00 3.931370993766138827e-02 3.340474476293182372e-03
1.660000000000000586e+00 3.733077504953539322e-02 3.784130974515340518e-03
1.690000000000000613e+00 3.496234189101877360e-02 4.295244912057427991e-03
1.720000000000000639e+00 3.232633319170560848e-02 4.863203932147681062e-03
1.750000000000000666e+00 2.853872164414876858e-02 5.466551166465244416e-03
1.780000000000000693e+00 2.511797810325120187e-02 6.476265216039584806e-03
1.810000000000000719e+00 2.079197544625700084e-02 7.462039573550424340e-03
1.840000000000000746e+00 1.612790483413655690e-02 8.030324081263355562e-03
1.870000000000000773e+00 1.240617077394326993e-02 8.364628344033163757e-03
1.900000000000000799e+00 9.021545504654551392e-03 8.835674520576451696e-03
1.930000000000000826e+00 3.553701785772856326e-03 9.233309440132848878e-03
1.960000000000000853e+00 1.369739656550516453e-03 9.616884494716600174e-03
1.990000000000000879e+00 -4.969648784620139814e-04 1.001335320077790560e-02
2.020000000000000906e+00 -3.435566864404907168e-03 9.933891396942971797e-03
2.050000000000000711e+00 -4.501540933695822970e-03 9.821301727609517071e-03
2.080000000000000959e+00 -5.031283361640808555e-03 9.947719310228834641e-03
2.110000000000001208e+00 -6.409668175374273573e-03 1.004234903635285552e-02
2.140000000000001013e+00 -6.476133507338359060e-03 1.002303455196591926e-02
2.170000000000000817e+00 -5.344228637924469671e-03 9.729154136791566196e-03
2.200000000000001066e+00 -5.555377059421218178e-03 9.063222352852203303e-03
2.230000000000001315e+00 -6.862128466253007014e-03 8.289023579586579649e-03
2.260000000000001119e+00 -5.191126284025108888e-03 7.519711853371579234e-03
2.290000000000000924e+00 -3.675210758315747370e-03 7.115664467204666291e-03
2.320000000000001172e+00 -3.217267925301083801e-03 6.871598060813745128e-03
2.350000000000001421e+00 -2.679675201701474385e-03 6.673928203699744550e-03
2.380000000000001226e+00 -3.855935601917635965e-03 6.544373823525679104e-03
2.410000000000001030e+00 -3.852771087379277919e-03 3.523118602974951996e-02
2.440000000000001279e+00 -2.675151965594586671e-03 7.616040835687072630e-02
2.470000000000001528e+00 -1.218413545696899131e-03 6.085985624517827562e-03
2.500000000000001332e+00 -2.330942132838878262e-03 5.910350280231080507e-03
2.530000000000001137e+00 -2.373352807583726035e-03 5.802901938494800169e-03
2.560000000000001386e+00 -2.460370719879332712e-03 5.674116114741223349e-03
2.590000000000001634e+00 -2.361903704565214597e-03 5.570859865769284443e-03
2.620000000000001439e+00 -2.041762785552096813e-03 5.479140717204274667e-03
2.650000000000001243e+00 -2.051843179313935471e-03 5.447565403089299485e-03
2.680000000000001492e+00 -1.941276564856109395e-03 5.451120595874238244e-03
2.710000000000001741e+00 -2.724941297385021811e-03 5.327732767924762795e-03
2.740000000000001545e+00 -3.236168019430865107e-03 5.229928576654648519e-03
2.770000000000001350e+00 -1.524757081132615232e-03 5.094010527381100974e-03
2.800000000000001599e+00 -1.848996233903226968e-03 4.927920790410708803e-03
2.830000000000001847e+00 -3.280706382806576355e-03 5.811187551028304359e-03
2.860000000000001652e+00 -3.025365985217818698e-03 4.599630335307363857e-03
2.890000000000001457e+00 -3.449261564163164009e-03 4.425325103130624618e-03
2.920000000000001705e+00 -2.847177608954502056e-03 4.232416294479228458e-03
2.950000000000001954e+00 -1.616103129835414149e-03 4.039510304602857323e-03
2.980000000000001759e+00 -1.918595885614130360e-03 3.844875664899191029e-03
3.010000000000001563e+00 -3.252030267024891286e-03 3.661596445433693003e-03
3.040000000000001812e+00 -1.985774524385209780e-03 3.566082499290575830e-03
3.070000000000002061e+00 -1.854364522374353464e-03 3.323382997305220771e-03
3.100000000000001865e+00 -1.874866531558588151e-03 3.144563962180419066e-03
3.130000000000001670e+00 -9.708977676962161386e-04 2.900973759525709520e-03
3.160000000000001918e+00 2.523961488815980769e-04 2.979478954708871235e-03
3.190000000000002167e+00 3.213288526216109115e-04 3.002303820520575098e-03
