# q_A^-1 I_candidate_main bootstrap_sigma; CANDIDATE ONLY, not validated monomer; scaled to contribution in selected average
5.000000000000000104e-03 5.322211185910160403e+00 3.652689205968274067e+00
6.000000000000000125e-03 5.326396485438920969e+00 1.856061057652929724e+00
7.000000000000000146e-03 4.372857038286791287e+00 8.599663564225040746e-01
8.000000000000000167e-03 4.780948585999375666e+00 5.224903716936807330e-01
9.000000000000001055e-03 4.564459929181026610e+00 3.104927873658669957e-01
1.000000000000000021e-02 4.577701348077002130e+00 2.396293935774950756e-01
1.099999999999999936e-02 4.540684686959777672e+00 1.773602424079614159e-01
1.200000000000000025e-02 4.555868697794710265e+00 1.802056859244509923e-01
1.300000000000000114e-02 4.630752962505387593e+00 1.249328860628636517e-01
1.400000000000000203e-02 4.336115031681620380e+00 1.304762485355345225e-01
1.499999999999999944e-02 4.302606904700425616e+00 1.070143017747299946e-01
1.600000000000000033e-02 4.219676321078911663e+00 1.047035319980910012e-01
1.700000000000000122e-02 4.100541536687661193e+00 9.877621003576020353e-02
1.800000000000000211e-02 4.257028345411167258e+00 7.275389734950234166e-02
1.899999999999999953e-02 4.112539344820332232e+00 7.950181723570150238e-02
2.000000000000000042e-02 4.060275590369926135e+00 6.034051029269118377e-02
2.100000000000000130e-02 3.949668987218744487e+00 7.121729783630711963e-02
2.200000000000000219e-02 3.930257157006403990e+00 6.298633559226519962e-02
2.300000000000000308e-02 3.895222145736580543e+00 4.504289781144864974e-02
2.400000000000000050e-02 3.821395994643656202e+00 5.155101573799607956e-02
2.500000000000000139e-02 3.784155889788337834e+00 4.911857398442590061e-02
2.600000000000000228e-02 3.815566074983420375e+00 5.526816773230410623e-02
2.699999999999999969e-02 3.615588545691252431e+00 5.663335940797586260e-02
2.800000000000000058e-02 3.587659977406409517e+00 4.078869725746013530e-02
2.900000000000000147e-02 3.534860674608935938e+00 4.232549088477926408e-02
3.000000000000000236e-02 3.414256108988670491e+00 4.391296545000369228e-02
3.100000000000000325e-02 3.457743492759761228e+00 4.207349617573410971e-02
3.200000000000000067e-02 3.288284046224236867e+00 3.795530475590688096e-02
3.300000000000000155e-02 3.272147435445856622e+00 3.779459135899644606e-02
3.400000000000000244e-02 3.173964923684315043e+00 3.404341173572254797e-02
3.499999999999999639e-02 3.075201754000993049e+00 3.471597045886721383e-02
3.599999999999999728e-02 3.050688197503320875e+00 3.407206392367973652e-02
3.699999999999999817e-02 3.025767888968998953e+00 3.486205312362713332e-02
3.799999999999999906e-02 2.892687995112831256e+00 3.387642571283849130e-02
3.899999999999999994e-02 2.872605302418287376e+00 3.272080011006266165e-02
4.000000000000000083e-02 2.816038419503715140e+00 2.906884482385083818e-02
4.100000000000000172e-02 2.723438604059729595e+00 3.076587282392529918e-02
4.199999999999999567e-02 2.631889489570381713e+00 3.416320113139396236e-02
4.299999999999999656e-02 2.622147122436788269e+00 2.406443411852847436e-02
4.399999999999999745e-02 2.538107598888848848e+00 2.904512405744896428e-02
4.499999999999999833e-02 2.479162866182391234e+00 3.545895634002552838e-02
4.599999999999999922e-02 2.465980537906292458e+00 2.425675515706506372e-02
4.700000000000000011e-02 2.374498946463512006e+00 2.276497835144678308e-02
4.800000000000000100e-02 2.335258960479179802e+00 2.682294959653771030e-02
4.899999999999999495e-02 2.259909113396829650e+00 2.636883535106157236e-02
5.000000000000000278e-02 2.226494683723230228e+00 3.053555556685919395e-02
5.200000000000000455e-02 2.110923600997015814e+00 1.996971354596277851e-02
5.400000000000000633e-02 2.020197883551334339e+00 1.805298068067722264e-02
5.600000000000000810e-02 1.910618045254264930e+00 1.754103735569301561e-02
5.800000000000000988e-02 1.839379958738615706e+00 1.866178766856919566e-02
6.000000000000001166e-02 1.751633858957976742e+00 2.007168304235563971e-02
6.200000000000001343e-02 1.685943691162922198e+00 1.561997259258753740e-02
6.400000000000001521e-02 1.596575710088580680e+00 1.476351145933439170e-02
6.600000000000001699e-02 1.517155186139784284e+00 1.945482968337445412e-02
6.800000000000001876e-02 1.435977467516643680e+00 1.555592029828118533e-02
7.000000000000002054e-02 1.382788076483600692e+00 1.331276645554309128e-02
7.200000000000002232e-02 1.328854067139295880e+00 1.580223197664035531e-02
7.400000000000002409e-02 1.267352041818468722e+00 1.479767361638835953e-02
7.600000000000002587e-02 1.217972012393347292e+00 1.399984602004172851e-02
7.800000000000002764e-02 1.143357670305285456e+00 1.444984749108782322e-02
8.000000000000002942e-02 1.114685948119079395e+00 1.322074818098014325e-02
8.200000000000003120e-02 1.068206609891862779e+00 1.414526961937236788e-02
8.400000000000003297e-02 1.013300167981877609e+00 1.205697702743967030e-02
8.600000000000003475e-02 9.933420615221076888e-01 1.136244609594640187e-02
8.800000000000003653e-02 9.535068941155675493e-01 1.372886628786014300e-02
9.000000000000003830e-02 9.243694574047216506e-01 1.213761268003509496e-02
9.200000000000004008e-02 8.676723091549656264e-01 1.312405447010711428e-02
9.400000000000004186e-02 8.453515065739298784e-01 1.226997971523905752e-02
9.600000000000004363e-02 8.030685562699739766e-01 1.318469025607939618e-02
9.800000000000004541e-02 7.716870324496211131e-01 1.148875966042550191e-02
1.000000000000000056e-01 7.552268218526179133e-01 1.216853334604199761e-02
1.050000000000000100e-01 6.955788062972945163e-01 7.379777829861314774e-03
1.100000000000000144e-01 6.366853845237291365e-01 7.993837490261357717e-03
1.150000000000000189e-01 5.949093468376350780e-01 7.915817880092098496e-03
1.200000000000000233e-01 5.247268064688698219e-01 6.538747598603324163e-03
1.250000000000000278e-01 4.975645441434179417e-01 6.658073286113243804e-03
1.300000000000000322e-01 4.659970037036290647e-01 6.173391362579032197e-03
1.350000000000000366e-01 4.402769708248230329e-01 6.949710859103076441e-03
1.400000000000000411e-01 4.070764356379580895e-01 6.963354908774419157e-03
1.450000000000000455e-01 3.777008184271266056e-01 6.939853837438634231e-03
1.500000000000000500e-01 3.572776171678945234e-01 6.439352928902850222e-03
1.550000000000000544e-01 3.367607239952603582e-01 6.670962878506978000e-03
1.600000000000000588e-01 3.133725842754416790e-01 6.841134402874174576e-03
1.650000000000000633e-01 2.943855753843117040e-01 6.921673856788044740e-03
1.700000000000000677e-01 2.720068961455425205e-01 5.760172943593344988e-03
1.750000000000000722e-01 2.588430909954239634e-01 6.651358151893205922e-03
1.800000000000000766e-01 2.556181082336509425e-01 6.485412007460187277e-03
1.850000000000000810e-01 2.392864189280977105e-01 6.036893920002946862e-03
1.900000000000000855e-01 2.290375977420381626e-01 5.376219662238273557e-03
1.950000000000000899e-01 2.185351710604511166e-01 6.081123783843688652e-03
2.000000000000000944e-01 2.115842706310864518e-01 5.063881380422354320e-03
2.050000000000000988e-01 2.012180672771259060e-01 5.887773975385433671e-03
2.100000000000001033e-01 1.888200175764255251e-01 5.993256288093351883e-03
2.150000000000001077e-01 1.851193429248238487e-01 6.007009001249569678e-03
2.200000000000001121e-01 1.762763629153386302e-01 6.180940041165566834e-03
2.250000000000001166e-01 1.661109630992019803e-01 5.489415993771964118e-03
2.300000000000001210e-01 1.625882189234952313e-01 5.794083602171435331e-03
2.350000000000001255e-01 1.609661324810471028e-01 6.345811913446423348e-03
2.400000000000001299e-01 1.516779059603570179e-01 6.700916975434877305e-03
2.450000000000001343e-01 1.509831821493247406e-01 6.789270215054235731e-03
2.500000000000001110e-01 1.355180826373264258e-01 5.090096213765337579e-03
2.550000000000001155e-01 1.398618064479352219e-01 5.389847410655599497e-03
2.600000000000001199e-01 1.306356137889015390e-01 5.656265578615405319e-03
2.650000000000001243e-01 1.237769603643701227e-01 4.981758584612789795e-03
2.700000000000001288e-01 1.283000809053889413e-01 5.542318538608534580e-03
2.750000000000001332e-01 1.289377196785567725e-01 4.150561852805395406e-03
2.800000000000001377e-01 1.242229724844170630e-01 4.993004595231036874e-03
2.850000000000001421e-01 1.139076181903030255e-01 5.425978328455442236e-03
2.900000000000001465e-01 1.120937025969071799e-01 5.617259838185577683e-03
2.950000000000001510e-01 1.122786957142928588e-01 5.186700384804857067e-03
3.000000000000001554e-01 1.083317085737252605e-01 5.636729089932831192e-03
3.050000000000001599e-01 1.037967739409850071e-01 5.081545282899688730e-03
3.100000000000001643e-01 9.919691367612527844e-02 4.440979594966576287e-03
3.150000000000001688e-01 1.048361691458346984e-01 4.859199124631804687e-03
3.200000000000001732e-01 1.030161619997939648e-01 5.100301989593661149e-03
3.250000000000001776e-01 9.823819361180245735e-02 5.150366493600542356e-03
3.300000000000001821e-01 9.046885379987518183e-02 5.077183665723443255e-03
3.350000000000001865e-01 9.600174571795343226e-02 4.797406541714920904e-03
3.400000000000001910e-01 9.006324671316155717e-02 4.516298788319855761e-03
3.450000000000001954e-01 8.734753835528338839e-02 4.741106023914917929e-03
3.500000000000001998e-01 8.016822866193598629e-02 4.137963043962097562e-03
3.550000000000002043e-01 9.592420319300463960e-02 4.654144303766052058e-03
3.600000000000002087e-01 8.361486798032048695e-02 4.258348380235399931e-03
3.650000000000002132e-01 8.580768902543423060e-02 4.702646506603552073e-03
3.700000000000002176e-01 7.889825426473882908e-02 4.403959958705255633e-03
3.750000000000002220e-01 8.834685398192348993e-02 4.777313231553355528e-03
3.800000000000002265e-01 7.925666445428368456e-02 4.654337310657346780e-03
3.850000000000002309e-01 8.074960100518187300e-02 3.890424781412050916e-03
3.900000000000002354e-01 7.704844173134209329e-02 4.734178690729159977e-03
3.950000000000002398e-01 7.919113510708949977e-02 4.162531419368852709e-03
4.000000000000002442e-01 7.673581642805268888e-02 4.236851620847990885e-03
4.050000000000002487e-01 7.196651617595138661e-02 4.207878761211840055e-03
4.100000000000002531e-01 7.495070479665350005e-02 3.742323455595759994e-03
4.150000000000002576e-01 7.112722654094344454e-02 3.695443745322451838e-03
4.200000000000002620e-01 7.438018584972208580e-02 4.205870192388388648e-03
4.250000000000002665e-01 7.504306907124105863e-02 4.170972055666482062e-03
4.300000000000002709e-01 7.349124513854714269e-02 4.158485562757665947e-03
4.350000000000002753e-01 6.889115789944649793e-02 3.812050318099848532e-03
4.400000000000002798e-01 7.219581938957234102e-02 3.853759360011850196e-03
4.450000000000002842e-01 6.592473060311078437e-02 3.943222622401787794e-03
4.500000000000002887e-01 6.702835152332253799e-02 3.662589200648306079e-03
4.550000000000002931e-01 6.275802490233811648e-02 3.975179767630496186e-03
4.600000000000002975e-01 6.750820079965548504e-02 4.048284464683163560e-03
4.650000000000003020e-01 6.437050678829871198e-02 3.805193362558067453e-03
4.700000000000003064e-01 6.902932898235021597e-02 3.840337629252343898e-03
4.750000000000003109e-01 6.478107126945727157e-02 3.706837260947379743e-03
4.800000000000003153e-01 6.768642709702811511e-02 3.675301347604686963e-03
4.850000000000003197e-01 6.095660562952714967e-02 4.431118391096269468e-03
4.900000000000003242e-01 6.064250800538915215e-02 3.836769257865385151e-03
4.950000000000003286e-01 6.125284816423650497e-02 3.638546176320032674e-03
5.000000000000000000e-01 5.985076245462549877e-02 3.774993478637127687e-03
5.100000000000000089e-01 6.332755688207915290e-02 2.416518564580680695e-03
5.200000000000000178e-01 6.111637987848615033e-02 2.426010215073479137e-03
5.300000000000000266e-01 6.103774279682175341e-02 2.797676699525601749e-03
5.400000000000000355e-01 5.776064433839807333e-02 2.378195902499364786e-03
5.500000000000000444e-01 5.710396381243397490e-02 2.505069267097446116e-03
5.600000000000000533e-01 5.622331104187736073e-02 2.346788379032467130e-03
5.700000000000000622e-01 5.487517350067273175e-02 2.536923342951674827e-03
5.800000000000000711e-01 5.364763133872829659e-02 2.135223373417909770e-03
5.900000000000000799e-01 5.015147100016847936e-02 2.345278343053792090e-03
6.000000000000000888e-01 5.514021225585435254e-02 2.130401459182417866e-03
6.100000000000000977e-01 5.242540222525544219e-02 2.344664518547768736e-03
6.200000000000001066e-01 4.875745344639140222e-02 1.914920899175585845e-03
6.300000000000001155e-01 4.769609703899679864e-02 2.381030692714044238e-03
6.400000000000001243e-01 5.064430706626994044e-02 2.095000506738845403e-03
6.500000000000001332e-01 4.787243086311131213e-02 2.246158142114723470e-03
6.600000000000001421e-01 4.647024637519649171e-02 2.060641597030212803e-03
6.700000000000001510e-01 4.569724824060048679e-02 1.969414201697919711e-03
6.800000000000001599e-01 4.587342825029202403e-02 2.448278870494067366e-03
6.900000000000001688e-01 4.836812504366351517e-02 2.090014648616368362e-03
7.000000000000001776e-01 4.536587380462341751e-02 2.259442823722835995e-03
7.100000000000001865e-01 4.333127428932013331e-02 2.120185350461611679e-03
7.200000000000001954e-01 4.418857529181203364e-02 2.061714743888661255e-03
7.300000000000002043e-01 4.440705926749236032e-02 2.274763576238257156e-03
7.400000000000002132e-01 4.004403938279602754e-02 1.959433876340002743e-03
7.500000000000002220e-01 3.796087755332163555e-02 1.951995786683812266e-03
7.600000000000002309e-01 4.054709938329276869e-02 2.134508338550643054e-03
7.700000000000002398e-01 3.960083196343291284e-02 2.296988719312516910e-03
7.800000000000002487e-01 4.072526788826341670e-02 2.080794387281618193e-03
7.900000000000002576e-01 3.984879586175137794e-02 1.907206271625657779e-03
8.000000000000002665e-01 4.092268423465274252e-02 2.001459409051378410e-03
8.100000000000002753e-01 3.946809823237390491e-02 1.779517863646339548e-03
8.200000000000002842e-01 3.710865971607487518e-02 1.974067709341873790e-03
8.300000000000002931e-01 3.529368582342615190e-02 2.197663047992668740e-03
8.400000000000003020e-01 4.013340529930537609e-02 2.152207365943950654e-03
8.500000000000003109e-01 3.767479092929074819e-02 1.953909881041071463e-03
8.600000000000003197e-01 3.648414741733099070e-02 2.103960507599325624e-03
8.700000000000003286e-01 3.828920887029177433e-02 1.935781614187861294e-03
8.800000000000003375e-01 3.493322696059060484e-02 1.994891934107463193e-03
8.900000000000003464e-01 3.479987635256882872e-02 1.607742603920788490e-03
9.000000000000003553e-01 3.332948285988669712e-02 1.986305185491725554e-03
9.100000000000003642e-01 3.521573671580773696e-02 1.576594033858275080e-03
9.200000000000003730e-01 3.585101788318380278e-02 1.633178524474233244e-03
9.300000000000003819e-01 3.234285530687208005e-02 1.534844967965935105e-03
9.400000000000003908e-01 3.356576416048562272e-02 1.923117255433307764e-03
9.500000000000003997e-01 3.017438851298757246e-02 1.623319591771779169e-03
9.600000000000004086e-01 3.610872258080312369e-02 1.417003402103602597e-03
9.700000000000004174e-01 3.354426609338788390e-02 1.573837145687926806e-03
9.800000000000004263e-01 3.375950058716181701e-02 1.525642662077332642e-03
9.900000000000004352e-01 3.394126588324265087e-02 1.661680459530825733e-03
1.000000000000000000e+00 3.296754882312882828e-02 1.761720241178757126e-03
1.030000000000000027e+00 3.249512658108645591e-02 8.952479726172038466e-04
1.060000000000000053e+00 3.280626464522129471e-02 9.949155985439315109e-04
1.090000000000000080e+00 3.249930144047885605e-02 9.789528497958644836e-04
1.120000000000000107e+00 3.348475234192606342e-02 1.053572911066126419e-03
1.150000000000000133e+00 3.327514641685799107e-02 9.705682341384448469e-04
1.180000000000000160e+00 3.416533416974479320e-02 9.992703688448927989e-04
1.210000000000000187e+00 3.484699712444882386e-02 1.095311186734175936e-03
1.240000000000000213e+00 3.719652059378204811e-02 1.123317714860286613e-03
1.270000000000000240e+00 3.608129897986869089e-02 1.199122514314749591e-03
1.300000000000000266e+00 3.785785149572241937e-02 1.129310533920535728e-03
1.330000000000000293e+00 3.926455921025543555e-02 1.320595558826071500e-03
1.360000000000000320e+00 3.942159285576514460e-02 4.379110540617820770e-03
1.390000000000000346e+00 4.303532011034826715e-02 2.129167347486222717e-01
1.420000000000000373e+00 3.932827748959718400e-02 1.668834494885859188e-03
1.450000000000000400e+00 4.174350248921929879e-02 1.991150227487593991e-03
1.480000000000000426e+00 4.133112891086506563e-02 2.302249324354116184e-03
1.510000000000000453e+00 4.276030385423484209e-02 2.680151306118266560e-03
1.540000000000000480e+00 4.244348128760099675e-02 3.270499492002248033e-03
1.570000000000000506e+00 4.129597556700088240e-02 3.480753074911661134e-03
1.600000000000000533e+00 4.003936737689179487e-02 3.564313178667405466e-03
1.630000000000000560e+00 3.985181368746753411e-02 4.341996556975530677e-03
1.660000000000000586e+00 3.773722390137661253e-02 5.192962261160466268e-03
1.690000000000000613e+00 3.566848266819835911e-02 4.827839796055434680e-03
1.720000000000000639e+00 3.104140017896709139e-02 6.377110218146718641e-03
1.750000000000000666e+00 2.811277300860543643e-02 7.426557083190213696e-03
1.780000000000000693e+00 2.452401163255090930e-02 9.668583723369636451e-03
1.810000000000000719e+00 2.071071176918352907e-02 1.000666250843918088e-02
1.840000000000000746e+00 1.507995409575017647e-02 1.103970456798645909e-02
1.870000000000000773e+00 1.338874096558125178e-02 1.098534517384808576e-02
1.900000000000000799e+00 8.480978461642502131e-03 1.014749116578918600e-02
1.930000000000000826e+00 1.788292534497714454e-03 1.184662303748765938e-02
1.960000000000000853e+00 3.963085579994037370e-04 1.259219420365333998e-02
1.990000000000000879e+00 9.628054529377665658e-04 1.255873406166201078e-02
2.020000000000000906e+00 -3.909438714100378978e-03 1.392198304575964149e-02
2.050000000000000711e+00 -3.573710882697256341e-03 1.396725050305175353e-02
2.080000000000000959e+00 -5.411320794818040222e-03 1.442246701695955834e-02
2.110000000000001208e+00 -5.622083281083384808e-03 1.390083992768709371e-02
2.140000000000001013e+00 -6.500572299961466724e-03 1.378983951557143789e-02
2.170000000000000817e+00 -4.008705889043752239e-03 1.427294358934147814e-02
2.200000000000001066e+00 -5.369278109145923100e-03 1.170855658079900628e-02
2.230000000000001315e+00 -4.646066273461765296e-03 1.082784920279581710e-02
2.260000000000001119e+00 -4.210187734877645499e-03 8.336135867026254337e-03
2.290000000000000924e+00 -2.149224031416317390e-03 9.568975426503456214e-03
2.320000000000001172e+00 -2.415000753552620522e-03 9.151629274774728678e-03
2.350000000000001421e+00 -3.209830486509410337e-03 9.103669004801957440e-03
2.380000000000001226e+00 -3.422840633297777845e-03 9.382384041351941525e-03
2.410000000000001030e+00 -3.456293426821323983e-03 4.507665885819273077e-02
2.440000000000001279e+00 -1.054991871546860421e-03 1.018094367617715656e-01
2.470000000000001528e+00 -1.257227514178683222e-03 6.899740697614406039e-03
2.500000000000001332e+00 -1.584622541936929517e-03 7.434704655568109659e-03
2.530000000000001137e+00 -1.911884252410659193e-03 6.863031947563833293e-03
2.560000000000001386e+00 -2.509206517196332573e-03 7.488555440757553756e-03
2.590000000000001634e+00 -1.805323583593227083e-03 7.535216177355838311e-03
2.620000000000001439e+00 -1.013383163016527005e-03 6.615160949316229062e-03
2.650000000000001243e+00 -1.747510128673023921e-03 7.601318585759655327e-03
2.680000000000001492e+00 -1.966220205039094938e-03 7.791607856502093081e-03
2.710000000000001741e+00 -3.147506057038740052e-03 7.058638078002416917e-03
2.740000000000001545e+00 -3.039667368130705410e-03 6.196409517602889314e-03
2.770000000000001350e+00 -8.601791117193532564e-04 7.644940292386872768e-03
2.800000000000001599e+00 -2.632298720981765972e-03 6.506703789622039595e-03
2.830000000000001847e+00 -4.236639798434796954e-03 7.844451677072043078e-03
2.860000000000001652e+00 -4.375146354129131297e-03 5.781632901538661523e-03
2.890000000000001457e+00 -4.504668549759907603e-03 6.101966569844364738e-03
2.920000000000001705e+00 -4.313363057395369453e-03 5.550827756218412040e-03
2.950000000000001954e+00 -1.322458344479585796e-03 4.968328299136014724e-03
2.980000000000001759e+00 -1.339234910706949434e-03 5.650015707631642937e-03
3.010000000000001563e+00 -4.259739455340378483e-03 5.583605070674598284e-03
3.040000000000001812e+00 -2.285422270904366275e-03 4.656434376641102081e-03
3.070000000000002061e+00 -1.468667269283165534e-03 4.682218327971630033e-03
3.100000000000001865e+00 -2.284756416985499281e-03 4.050029130379837264e-03
3.130000000000001670e+00 -5.989734085835910458e-04 3.711347121312408293e-03
3.160000000000001918e+00 -9.322795288973617211e-05 3.890291846147703268e-03
3.190000000000002167e+00 -5.165727293671730763e-04 3.578255174681492165e-03
