# r_A P(r) conditional_BIFT_error; exploratory component/average comparison
0.000000000000000000e+00 0.000000000000000000e+00 0.000000000000000000e+00
2.449751827030154594e+00 6.055471087067002250e-04 5.051549888831907015e-06
4.899503654060309188e+00 1.179527301141139678e-03 7.476217719816942205e-06
7.349255481090463782e+00 1.698521432077884467e-03 5.592228256560464352e-06
9.799007308120618376e+00 2.144167530152012776e-03 5.850860409104938935e-06
1.224875913515077386e+01 2.504201710738234062e-03 9.946539301314348034e-06
1.469851096218092756e+01 2.775648479502909084e-03 1.324592754008328626e-05
1.714826278921108127e+01 2.961403204098505063e-03 1.046625856997476214e-05
1.959801461624123675e+01 3.065466069478567195e-03 4.271356513554076859e-06
2.204776644327139223e+01 3.091392979343657484e-03 1.079328158843277220e-05
2.449751827030154772e+01 3.043915070422549204e-03 1.571536482071549825e-05
2.694727009733169965e+01 2.931888555058689665e-03 1.505061154760734381e-05
2.939702192436185513e+01 2.770031046201138023e-03 9.026915865708766019e-06
3.184677375139201061e+01 2.577864949329648769e-03 5.155470629199182437e-06
3.429652557842216254e+01 2.376255641137092062e-03 1.040171041424139990e-05
3.674627740545231802e+01 2.183200259053208296e-03 1.609149954107370027e-05
3.919602923248247350e+01 2.010579530802983350e-03 1.593013224478391864e-05
4.164578105951262899e+01 1.862827633516839958e-03 1.067416368753014553e-05
4.409553288654278447e+01 1.737555297387118405e-03 5.136613536550230966e-06
4.654528471357293995e+01 1.627609172585862615e-03 7.061949690782281233e-06
4.899503654060309543e+01 1.523920069729555685e-03 1.251696564136874643e-05
5.144478836763324381e+01 1.418481485083935342e-03 1.459519299141946779e-05
5.389454019466339929e+01 1.306730786229242389e-03 1.205744434009408871e-05
5.634429202169355477e+01 1.188638820679270959e-03 5.671546698858456483e-06
5.879404384872371025e+01 1.068183084854088059e-03 4.809683499477194063e-06
6.124379567575386574e+01 9.515209957094306753e-04 1.029188881358466582e-05
6.369354750278402122e+01 8.447059697648264497e-04 1.441648208237167294e-05
6.614329932981416960e+01 7.518453598744032898e-04 1.506422828093460324e-05
6.859305115684432508e+01 6.742019975466513257e-04 1.255860572070521583e-05
7.104280298387448056e+01 6.102332777806093430e-04 9.205960939015501028e-06
7.349255481090463604e+01 5.562705457573595370e-04 9.180603056062435540e-06
7.594230663793479152e+01 5.075225301873313721e-04 1.429026387716818722e-05
7.839205846496494701e+01 4.591740710275694242e-04 1.749218602397730726e-05
8.084181029199510249e+01 4.073843077063903171e-04 1.652215234322383650e-05
8.329156211902525797e+01 3.499619104127699447e-04 1.527917620031968911e-05
8.574131394605541345e+01 2.865231335728723886e-04 2.113732287254114987e-05
8.819106577308556894e+01 2.181002775969093153e-04 3.434731451256424836e-05
9.064081760011572442e+01 1.464000051332136590e-04 4.637070248565293890e-05
9.309056942714587990e+01 7.305615443093197716e-05 4.830308787203926348e-05
9.554032125417602117e+01 0.000000000000000000e+00 4.069173870175242367e-05
