 Ense  Average  Ca(N)-Ca(C) distance =  65.94
 Ense Histogram Ca(N)-Ca(C) distance =  64.09
 Pool  Average  Ca(N)-Ca(C) distance =  73.41
 Pool Histogram Ca(N)-Ca(C) distance =  71.58
    Distance    Pool freq.    Sel. freq.
       -0.29  0.0000000000  0.0000000000
        3.40  0.0000000000  0.0000000000
        7.09  0.0014000000  0.0010000000
       10.78  0.0037000000  0.0046000000
       14.47  0.0049000000  0.0070000000
       18.17  0.0093000000  0.0190000000
       21.86  0.0116000000  0.0218000000
       25.55  0.0156000000  0.0226000000
       29.24  0.0221000000  0.0262000000
       32.94  0.0237000000  0.0408000000
       36.63  0.0276000000  0.0316000000
       40.32  0.0346000000  0.0454000000
       44.01  0.0400000000  0.0506000000
       47.71  0.0403000000  0.0580000000
       51.40  0.0411000000  0.0528000000
       55.09  0.0498000000  0.0582000000
       58.78  0.0488000000  0.0522000000
       62.48  0.0508000000  0.0486000000
       66.17  0.0523000000  0.0498000000
       69.86  0.0490000000  0.0470000000
       73.55  0.0470000000  0.0418000000
       77.25  0.0521000000  0.0452000000
       80.94  0.0446000000  0.0370000000
       84.63  0.0386000000  0.0332000000
       88.32  0.0386000000  0.0322000000
       92.02  0.0375000000  0.0280000000
       95.71  0.0312000000  0.0220000000
       99.40  0.0294000000  0.0240000000
      103.09  0.0246000000  0.0186000000
      106.78  0.0257000000  0.0178000000
      110.48  0.0190000000  0.0124000000
      114.17  0.0167000000  0.0114000000
      117.86  0.0127000000  0.0076000000
      121.55  0.0110000000  0.0084000000
      125.25  0.0093000000  0.0050000000
      128.94  0.0088000000  0.0046000000
      132.63  0.0068000000  0.0046000000
      136.32  0.0055000000  0.0012000000
      140.02  0.0039000000  0.0014000000
      143.71  0.0029000000  0.0018000000
      147.40  0.0021000000  0.0016000000
      151.09  0.0020000000  0.0018000000
      154.79  0.0007000000  0.0002000000
      158.48  0.0003000000  0.0002000000
      162.17  0.0008000000  0.0004000000
      165.86  0.0005000000  0.0000000000
      169.56  0.0003000000  0.0002000000
      173.25  0.0003000000  0.0000000000
      176.94  0.0001000000  0.0000000000
      180.63  0.0002000000  0.0002000000
      184.33  0.0000000000  0.0000000000
      188.02  0.0002000000  0.0000000000
      191.71  0.0000000000  0.0000000000
      195.40  0.0000000000  0.0000000000
