# q_A^-1 I_other_component conditional_fixed_C_sigma; exploratory, no species assignment
5.000000000000000104e-03 2.272757761305072011e-02 3.653103915237456700e+00
6.000000000000000125e-03 1.888647559895091088e-01 1.661407636083656048e+00
7.000000000000000146e-03 6.884509830996730084e-01 8.129852339604940470e-01
8.000000000000000167e-03 5.786143712549136897e-02 4.426292244436984546e-01
9.000000000000001055e-03 1.813015231090834567e-01 2.789547704462065902e-01
1.000000000000000021e-02 1.279251872357607331e-02 2.017782077433485644e-01
1.099999999999999936e-02 9.230813217837700174e-03 1.576818726296556894e-01
1.200000000000000025e-02 6.015095779795472802e-02 1.260612254302981572e-01
1.300000000000000114e-02 -1.636767399214375529e-01 1.057341160537222657e-01
1.400000000000000203e-02 4.361300651281752733e-02 9.084832255739419549e-02
1.499999999999999944e-02 4.274261876730631876e-02 7.763682200327633176e-02
1.600000000000000033e-02 1.249312844814970541e-01 6.769013136476703663e-02
1.700000000000000122e-02 1.728620266128710892e-01 6.030531680914636566e-02
1.800000000000000211e-02 6.542470438831078997e-03 5.492508998184993108e-02
1.899999999999999953e-02 1.587025178301337824e-02 5.065344062020481208e-02
2.000000000000000042e-02 3.814823603999974166e-02 4.615980886870400118e-02
2.100000000000000130e-02 7.848306243726707598e-02 4.312642572615104503e-02
2.200000000000000219e-02 3.111849301511441721e-02 4.069300741640359542e-02
2.300000000000000308e-02 1.223096922531124488e-02 3.815954758437509892e-02
2.400000000000000050e-02 7.782638045405589067e-02 3.607681563188600005e-02
2.500000000000000139e-02 8.982477781781156301e-03 3.467940759367025422e-02
2.600000000000000228e-02 -1.045927330979334324e-01 3.317454628124237581e-02
2.699999999999999969e-02 6.655129789366030779e-02 3.178657789721699156e-02
2.800000000000000058e-02 3.838311172348556760e-02 2.990117958898650188e-02
2.900000000000000147e-02 -1.777297598048930075e-02 2.922509966526364716e-02
3.000000000000000236e-02 4.333734252306554319e-02 2.838084065882882576e-02
3.100000000000000325e-02 -4.126076110817891718e-02 2.756413611446502029e-02
3.200000000000000067e-02 2.821964025634511944e-02 2.630795377588220768e-02
3.300000000000000155e-02 -6.943467645250945815e-04 2.594567042720185776e-02
3.400000000000000244e-02 1.250925945303008350e-03 2.525748549578241825e-02
3.499999999999999639e-02 3.351445600977913386e-02 2.435043510145978515e-02
3.599999999999999728e-02 4.512300937313512735e-03 2.399434159165880417e-02
3.699999999999999817e-02 -2.021138797730472753e-02 2.322944177998288728e-02
3.799999999999999906e-02 3.833363063319323444e-02 2.287896235301035974e-02
3.899999999999999994e-02 -3.680146902492921479e-02 2.219050788299225738e-02
4.000000000000000083e-02 -4.538592084053306129e-03 2.173791998077450813e-02
4.100000000000000172e-02 2.380288066531005466e-03 2.129295856125373865e-02
4.199999999999999567e-02 4.486783207584863625e-02 2.107830943310040964e-02
4.299999999999999656e-02 9.754510440808878205e-03 2.053956513626007882e-02
4.399999999999999745e-02 -1.979996467127651590e-03 2.018771448181542333e-02
4.499999999999999833e-02 1.654137713805923365e-02 1.975556540176717085e-02
4.599999999999999922e-02 -2.812840776999124201e-02 1.923033284200401788e-02
4.700000000000000011e-02 2.303709903219934227e-02 1.896654739117913102e-02
4.800000000000000100e-02 -1.423805263917060811e-02 1.869414712412556870e-02
4.899999999999999495e-02 1.020787235244997697e-02 1.837522901950015830e-02
5.000000000000000278e-02 1.257642563142669784e-02 1.828233578482285973e-02
5.200000000000000455e-02 -4.106941075629405753e-03 1.232960973863500218e-02
5.400000000000000633e-02 -1.661478718473658606e-02 1.205885680507740206e-02
5.600000000000000810e-02 2.722444266888903851e-03 1.207924946999817256e-02
5.800000000000000988e-02 -2.737586451504200186e-02 1.207470868343538291e-02
6.000000000000001166e-02 -8.542414511628385401e-03 1.188026436795409750e-02
6.200000000000001343e-02 -2.262815563433433208e-02 1.130456891435846142e-02
6.400000000000001521e-02 -9.140980320304560591e-03 1.099522048105599885e-02
6.600000000000001699e-02 -8.609981946464048685e-03 1.065003372054953643e-02
6.800000000000001876e-02 -8.420464294928852941e-03 1.032971332972211324e-02
7.000000000000002054e-02 -1.693687671231151881e-02 1.012875092691302263e-02
7.200000000000002232e-02 -1.819589473752061815e-02 1.000010548791297436e-02
7.400000000000002409e-02 -7.638930254075751262e-03 9.942506770876900768e-03
7.600000000000002587e-02 -1.938162530514892998e-02 9.646793574160702350e-03
7.800000000000002764e-02 -5.778410736784476628e-03 9.560681820473121428e-03
8.000000000000002942e-02 -7.538732163614577861e-03 9.651955701408856600e-03
8.200000000000003120e-02 -2.142288034785324799e-02 9.569165631449423268e-03
8.400000000000003297e-02 -2.028802876029898051e-03 9.247455263928505698e-03
8.600000000000003475e-02 -1.271062191945819021e-02 9.023173026571787089e-03
8.800000000000003653e-02 -1.561071056880028972e-02 9.099651584351288111e-03
9.000000000000003830e-02 -2.108214429993630207e-02 9.058323062664462230e-03
9.200000000000004008e-02 -2.981017795103374068e-03 8.957206747212120845e-03
9.400000000000004186e-02 -2.777126847613545311e-03 8.882236777728248073e-03
9.600000000000004363e-02 -9.655734694946524824e-03 8.892734505115023821e-03
9.800000000000004541e-02 1.223225891115118909e-04 8.795677289516299832e-03
1.000000000000000056e-01 -8.538567025793763338e-03 8.718370694594194253e-03
1.050000000000000100e-01 -1.362779394424493661e-02 5.374734907318393963e-03
1.100000000000000144e-01 -1.281824915317821348e-02 5.247770295056382664e-03
1.150000000000000189e-01 -8.836290785258949995e-03 5.121164910145026283e-03
1.200000000000000233e-01 2.361567217736119245e-03 5.015742145998907525e-03
1.250000000000000278e-01 -2.814619028822087053e-03 5.071425080441184161e-03
1.300000000000000322e-01 -4.171430609975101088e-03 5.090556699692729524e-03
1.350000000000000366e-01 -5.656892742959485770e-03 4.888663254243919877e-03
1.400000000000000411e-01 -4.188866763913049428e-03 4.801212673453783206e-03
1.450000000000000455e-01 -9.162028094081998281e-04 4.720346743791999609e-03
1.500000000000000500e-01 -4.981128893539939553e-03 4.891824084682323132e-03
1.550000000000000544e-01 -7.716824744228933421e-03 4.919761108934882742e-03
1.600000000000000588e-01 -5.205560750583186451e-03 4.938505232252745833e-03
1.650000000000000633e-01 -2.980185124671968708e-03 4.970863439917430453e-03
1.700000000000000677e-01 1.404487671510353019e-03 4.991314247043725921e-03
1.750000000000000722e-01 6.549731164688707592e-03 4.946734224281826992e-03
1.800000000000000766e-01 -1.012012337809664771e-02 4.287856430978106981e-03
1.850000000000000810e-01 -3.248554817389458053e-03 4.295233822638780743e-03
1.900000000000000855e-01 -6.381394388084624635e-03 4.158464977021571023e-03
1.950000000000000899e-01 -6.378851221696693607e-03 4.164942309101781967e-03
2.000000000000000944e-01 -4.949650811663804627e-03 4.283205139295545583e-03
2.050000000000000988e-01 -6.567897142608812404e-03 4.313746875089995506e-03
2.100000000000001033e-01 -1.439405477183369145e-03 4.245567681805307962e-03
2.150000000000001077e-01 1.915497091002537917e-03 4.290805000203326905e-03
2.200000000000001121e-01 -2.365464095904476808e-04 4.192205814639830483e-03
2.250000000000001166e-01 1.351602657311579006e-03 4.208078922407623018e-03
2.300000000000001210e-01 -1.472055878030398062e-03 4.078906718713102252e-03
2.350000000000001255e-01 -2.489599207967586186e-03 4.303819192078439486e-03
2.400000000000001299e-01 -4.420473629132176327e-03 4.548983375866082549e-03
2.450000000000001343e-01 -1.016103596041221212e-02 4.363400499220106143e-03
2.500000000000001110e-01 4.609149743079976776e-03 4.609029479796258877e-03
2.550000000000001155e-01 -2.628581844784071749e-03 4.535545591893818014e-03
2.600000000000001199e-01 1.186511472542223569e-03 4.788213390359370193e-03
2.650000000000001243e-01 -1.906462154275596519e-04 4.567320436360738055e-03
2.700000000000001288e-01 -3.909768774817835857e-03 4.776411012269203386e-03
2.750000000000001332e-01 -2.589236399625171030e-03 4.558157821744047988e-03
2.800000000000001377e-01 -4.573149319134797892e-03 4.643435803234743919e-03
2.850000000000001421e-01 1.893093880821636755e-03 4.681071615599233238e-03
2.900000000000001465e-01 4.008089336806879531e-03 4.567062400448960655e-03
2.950000000000001510e-01 -5.274631885279604075e-03 4.500292902620489123e-03
3.000000000000001554e-01 -1.637587262993278224e-03 4.590142038442142011e-03
3.050000000000001599e-01 -7.240383728177864986e-04 4.602136763413602893e-03
3.100000000000001643e-01 1.477550310628877222e-03 4.556390512432600265e-03
3.150000000000001688e-01 -3.700721194646452734e-03 4.494064382952237501e-03
3.200000000000001732e-01 -3.498715026944917116e-03 4.428333847843202338e-03
3.250000000000001776e-01 8.684808056521490854e-04 4.315472523815553317e-03
3.300000000000001821e-01 4.395556992112168142e-04 4.261877711495099669e-03
3.350000000000001865e-01 -2.259648782850444144e-03 4.342210910770606495e-03
3.400000000000001910e-01 -4.421162532668528392e-03 4.133355288675651107e-03
3.450000000000001954e-01 -9.592862135727931892e-04 4.305889593448923060e-03
3.500000000000001998e-01 2.737911744666525916e-03 3.951285154617029810e-03
3.550000000000002043e-01 -5.880704922837765025e-03 4.167557244153742915e-03
3.600000000000002087e-01 1.520965889925986842e-03 4.114524943144217718e-03
3.650000000000002132e-01 -2.571556940789539170e-03 4.047750228894540607e-03
3.700000000000002176e-01 4.243225563136506819e-03 4.107776879274238103e-03
3.750000000000002220e-01 -3.636509950029399776e-03 4.077639528765706657e-03
3.800000000000002265e-01 -1.773493940739857768e-04 4.160864840803406295e-03
3.850000000000002309e-01 -1.825058597616738059e-03 3.843776399986825916e-03
3.900000000000002354e-01 -2.514577176544033777e-03 4.262752292617003405e-03
3.950000000000002398e-01 -2.368697509697814674e-03 4.120289519873586090e-03
4.000000000000002442e-01 -3.140967904221130414e-03 3.988583007762105601e-03
4.050000000000002487e-01 1.294220987062021534e-03 3.759256760716121921e-03
4.100000000000002531e-01 5.415846199505812246e-04 3.729842427973225141e-03
4.150000000000002576e-01 -3.746239856159788075e-06 3.708686979310388959e-03
4.200000000000002620e-01 -1.400839484609276179e-03 3.656980436537186387e-03
4.250000000000002665e-01 -3.820834189273600214e-03 3.800107725240370847e-03
4.300000000000002709e-01 -5.266547806779669876e-03 3.602135681078650741e-03
4.350000000000002753e-01 1.520017132620916011e-03 3.709449947684632237e-03
4.400000000000002798e-01 -2.822926659709228559e-03 3.619546673167018183e-03
4.450000000000002842e-01 6.223728781453210504e-04 3.572288259777280268e-03
4.500000000000002887e-01 1.358423458089869735e-03 3.504447415747982426e-03
4.550000000000002931e-01 5.239329308073144287e-03 3.469093940861955969e-03
4.600000000000002975e-01 -4.029834272604162159e-04 3.426584285592391629e-03
4.650000000000003020e-01 -7.783835467827838767e-04 3.460026224673203379e-03
4.700000000000003064e-01 -1.276947305260674875e-03 3.421679461776630342e-03
4.750000000000003109e-01 3.252359385019978487e-04 3.481362884876819386e-03
4.800000000000003153e-01 -3.641849595454297803e-03 3.728692576628620751e-03
4.850000000000003197e-01 1.506996502357724947e-04 3.876740396966548222e-03
4.900000000000003242e-01 -2.079840754453003877e-03 3.395884448790056822e-03
4.950000000000003286e-01 3.397027044105486570e-04 3.339621250779965019e-03
5.000000000000000000e-01 1.840062733568327612e-04 3.320378981409026226e-03
5.100000000000000089e-01 -2.594682093067372883e-03 2.296026587813682334e-03
5.200000000000000178e-01 -3.226951445835083191e-04 2.302221494678229497e-03
5.300000000000000266e-01 -3.841019205496662859e-03 2.241917322154224259e-03
5.400000000000000355e-01 -7.868545888151019536e-04 2.250435032954995786e-03
5.500000000000000444e-01 -7.209557534980563873e-04 2.181567657858289686e-03
5.600000000000000533e-01 -3.397095211614854370e-04 2.183441832603327370e-03
5.700000000000000622e-01 8.189932629459873142e-04 2.176940526288845008e-03
5.800000000000000711e-01 -1.688027697045971437e-03 2.128522102105596860e-03
5.900000000000000799e-01 9.046118001925433465e-04 2.090363579215824205e-03
6.000000000000000888e-01 -2.670484590921896363e-03 2.075102545754038859e-03
6.100000000000000977e-01 -2.780040398445014511e-03 2.061615296590705703e-03
6.200000000000001066e-01 -1.585700683485951972e-04 1.985893970398924704e-03
6.300000000000001155e-01 -6.627686372932162673e-05 2.020862512774396300e-03
6.400000000000001243e-01 -1.890123370926519815e-03 1.964726563640501432e-03
6.500000000000001332e-01 -7.604760624118054885e-04 1.995210055480347178e-03
6.600000000000001421e-01 -4.589103059566436286e-04 1.964445969471904224e-03
6.700000000000001510e-01 8.719542751888127979e-04 1.962348782378484525e-03
6.800000000000001599e-01 -5.518852760264908409e-04 1.931970880430304918e-03
6.900000000000001688e-01 -1.937968905261394040e-03 1.913964167596522150e-03
7.000000000000001776e-01 -2.161196757370153782e-03 1.873318305090657500e-03
7.100000000000001865e-01 1.087738621306644357e-04 1.901291940265490083e-03
7.200000000000001954e-01 -8.333400794795205267e-04 1.855412250397613962e-03
7.300000000000002043e-01 -2.102028186614506543e-03 1.879617222490275645e-03
7.400000000000002132e-01 7.032293268980509314e-04 1.836154826917969643e-03
7.500000000000002220e-01 1.116226889186643480e-03 1.830129419644959841e-03
7.600000000000002309e-01 4.793170794324820138e-04 1.810968925777499188e-03
7.700000000000002398e-01 -9.846351726646703027e-04 1.803404702494729693e-03
7.800000000000002487e-01 -1.003666521098672089e-03 1.813205601766622668e-03
7.900000000000002576e-01 -7.493196530066666703e-04 1.813040820392035259e-03
8.000000000000002665e-01 -1.581217639527116589e-03 1.787550526991490540e-03
8.100000000000002753e-01 -2.019869364739720723e-03 1.757103443763082364e-03
8.200000000000002842e-01 8.648754639726920017e-05 1.758601044811735964e-03
8.300000000000002931e-01 2.032864712351745845e-03 1.783480393547363582e-03
8.400000000000003020e-01 -2.999571952044755452e-03 1.766369471835329110e-03
8.500000000000003109e-01 -2.101510698774651867e-03 1.754205170568982333e-03
8.600000000000003197e-01 -2.001704208059293302e-03 1.751617879520917269e-03
8.700000000000003286e-01 -2.111298316386410294e-03 1.739194491366434199e-03
8.800000000000003375e-01 -7.841713417127360803e-04 1.770603209073099262e-03
8.900000000000003464e-01 -1.464078314947078675e-04 1.671090704261611777e-03
9.000000000000003553e-01 -3.537994874825973308e-04 1.637290098691068134e-03
9.100000000000003642e-01 -1.044457275096421492e-03 1.581627683823329722e-03
9.200000000000003730e-01 -1.533206372846345009e-03 1.563399922286616041e-03
9.300000000000003819e-01 -5.628555402936075162e-06 1.583641713767430575e-03
9.400000000000003908e-01 -4.093993473838803570e-04 1.548559176789340462e-03
9.500000000000003997e-01 2.103681288513973603e-03 1.544741684669189265e-03
9.600000000000004086e-01 -1.652028402259021062e-03 1.499549961204984291e-03
9.700000000000004174e-01 -4.554641039246698020e-04 1.489300055449058365e-03
9.800000000000004263e-01 1.352007725051707597e-04 1.494203822359865255e-03
9.900000000000004352e-01 -8.165527081945331929e-04 1.492571228976635658e-03
1.000000000000000000e+00 4.515962544793646278e-04 1.478392665639920601e-03
1.030000000000000027e+00 -5.462305928491549469e-04 8.563229987815323789e-04
1.060000000000000053e+00 -4.662060809227893451e-04 8.756270237923452883e-04
1.090000000000000080e+00 2.890158025054690295e-04 9.008190269912762617e-04
1.120000000000000107e+00 -4.265929918146679355e-04 9.089655497256938620e-04
1.150000000000000133e+00 -1.962137503058297141e-04 9.150595838366570476e-04
1.180000000000000160e+00 -5.785067601192113960e-04 9.124206077371905914e-04
1.210000000000000187e+00 -9.572782157749739436e-04 9.365811116694951807e-04
1.240000000000000213e+00 -1.657735946579343578e-03 9.670809084427157368e-04
1.270000000000000240e+00 -1.290325534731705140e-04 1.028234135011868271e-03
1.300000000000000266e+00 -9.933914129199568430e-04 1.095386411120756421e-03
1.330000000000000293e+00 -6.265659954667717737e-04 1.198111572048295419e-03
1.360000000000000320e+00 5.393925350446969989e-04 3.827774256956445638e-03
1.390000000000000346e+00 -8.148541795334197620e-04 1.933183658000690031e-01
1.420000000000000373e+00 4.166158878219881358e-04 1.776813620205852737e-03
1.450000000000000400e+00 -4.022656682239684665e-04 1.879153775052971181e-03
1.480000000000000426e+00 2.438760468446479193e-04 2.142919882624156995e-03
1.510000000000000453e+00 -1.038516805690389367e-03 2.429318762916456327e-03
1.540000000000000480e+00 -6.952522648743024404e-04 2.801835318841148711e-03
1.570000000000000506e+00 -8.794253834744018405e-04 3.219219146713950611e-03
1.600000000000000533e+00 1.817763616944112677e-04 3.689193345759159918e-03
1.630000000000000560e+00 -5.495622605210085960e-04 4.205609796950693716e-03
1.660000000000000586e+00 -4.158370084042146172e-04 4.763876811276403049e-03
1.690000000000000613e+00 -7.315358019716798827e-04 5.407275753583814723e-03
1.720000000000000639e+00 1.347792575957263870e-03 6.122005353728574885e-03
1.750000000000000666e+00 4.483583276187361687e-04 6.881430276104721563e-03
1.780000000000000693e+00 6.269930830946192444e-04 8.151746961747495523e-03
1.810000000000000719e+00 8.855474370205178476e-05 9.392097385819402761e-03
1.840000000000000746e+00 1.096524845805035148e-03 1.010499558037799249e-02
1.870000000000000773e+00 -1.019904412100105639e-03 1.052537345177475062e-02
1.900000000000000799e+00 5.665898126956442262e-04 1.111843908183036099e-02
1.930000000000000826e+00 1.841647618531961402e-03 1.161793899613793382e-02
1.960000000000000853e+00 1.016549662862073879e-03 1.210228522460483208e-02
1.990000000000000879e+00 -1.522108600393997854e-03 1.259828009188997990e-02
2.020000000000000906e+00 4.923194630464746042e-04 1.250075699310034504e-02
2.050000000000000711e+00 -9.687984782768292637e-04 1.235458983069844842e-02
2.080000000000000959e+00 3.934035340469233433e-04 1.251888210697767699e-02
2.110000000000001208e+00 -8.233060758331701414e-04 1.263361480944221946e-02
2.140000000000001013e+00 2.360747542820896720e-05 1.261026329381436870e-02
2.170000000000000817e+00 -1.394902205925001391e-03 1.223538304417086733e-02
2.200000000000001066e+00 -1.946468058889902584e-04 1.140187749058096771e-02
2.230000000000001315e+00 -2.311344370963848947e-03 1.043125977613128773e-02
2.260000000000001119e+00 -1.023113936248327537e-03 9.460715990623803223e-03
2.290000000000000924e+00 -1.592626991840776591e-03 8.950160267913998685e-03
2.320000000000001172e+00 -8.356184662274535567e-04 8.642207302551647638e-03
2.350000000000001421e+00 5.524128659270650336e-04 8.398640412158670659e-03
2.380000000000001226e+00 -4.543062324200962680e-04 8.234101550239987868e-03
2.410000000000001030e+00 -4.128456487408474550e-04 4.428363534571418819e-02
2.440000000000001279e+00 -1.689931708427180185e-03 9.578846831700310593e-02
2.470000000000001528e+00 4.192924293168846919e-05 7.656415498213826713e-03
2.500000000000001332e+00 -7.779902804749612866e-04 7.437094198397018428e-03
2.530000000000001137e+00 -4.789645148866354066e-04 7.301014013569188943e-03
2.560000000000001386e+00 5.097013846773992731e-05 7.140139857620206830e-03
2.590000000000001634e+00 -5.816475078456787278e-04 7.011899304757852891e-03
2.620000000000001439e+00 -1.071491283394900799e-03 6.892602375031810572e-03
2.650000000000001243e+00 -3.176181831652789313e-04 6.853974680423501054e-03
2.680000000000001492e+00 2.504250949673287756e-05 6.856603687751144406e-03
2.710000000000001741e+00 4.404652539984693031e-04 6.702891559957782283e-03
2.740000000000001545e+00 -2.053319023718709136e-04 6.579001903857612139e-03
2.770000000000001350e+00 -6.894103181835906959e-04 6.407397102561242057e-03
2.800000000000001599e+00 8.163923956794351660e-04 6.200923378871652479e-03
2.830000000000001847e+00 9.943213413229716729e-04 7.310819209157526019e-03
2.860000000000001652e+00 1.408814762259213201e-03 5.786324959821999465e-03
2.890000000000001457e+00 1.098905672841022111e-03 5.569334947240245012e-03
2.920000000000001705e+00 1.528909617163264675e-03 5.322943028506410025e-03
2.950000000000001954e+00 -3.062731403852468571e-04 5.082940285622969921e-03
2.980000000000001759e+00 -6.027224421920914085e-04 4.837911313098809327e-03
3.010000000000001563e+00 1.048990999316668990e-03 4.606105936574998207e-03
3.040000000000001812e+00 3.124223131766727711e-04 4.484822338862747178e-03
3.070000000000002061e+00 -4.039891519318187943e-04 4.180545430439830401e-03
3.100000000000001865e+00 4.271653271089547441e-04 3.958067042625535055e-03
3.130000000000001670e+00 -3.886104728325923152e-04 3.648841199923282246e-03
3.160000000000001918e+00 3.585061287610910629e-04 3.748594460142318403e-03
3.190000000000002167e+00 8.717180464145089054e-04 3.778214250967508285e-03
